20
20.798237
21.628333
22.49156
23.38924
24.322748
25.293514
26.303025
27.352827
28.444529
29.579803
30.760388
31.988092
33.264796
34.592456
35.973105
37.408858
38.901915
40.454562
42.069179
43.748238
45.494311
47.310073
49.198306
51.161902
53.203868
55.327333
57.535549
59.8319
62.219902
64.703213
67.285639
69.971133
72.763811
75.667949
78.687997
81.828581
85.094511
88.490791
92.022623
95.695416
99.514797
103.48662
107.61696
111.91215
116.37877
121.02367
125.85395
130.87701
136.10055
141.53258
147.18141
153.05569
159.16443
165.51697
172.12306
178.99281
186.13675
193.56581
201.29138
209.32529
217.67985
226.36786
235.40262
244.79797
254.56831
264.72861
275.29442
286.28193
297.70797
309.59005
321.94636
334.79583
348.15816
362.05379
376.50403
391.53101
407.15773
423.40815
440.30716
457.88063
476.1555
495.15975
514.92249
535.474
556.84576
579.07051
602.18228
626.21649
651.20995
677.20095
704.2293
732.33639
761.56529
791.96078
823.5694
856.43958
890.62167
926.16803
963.13312
1001.5735
1041.5482
1083.1183
1126.3476
1171.3022
1218.051
1266.6657
1317.2207
1369.7934
1424.4644
1481.3174
1540.4395
1601.9213
1665.857
1732.3444
1801.4855
1873.3861
1948.1564
2025.911
2106.7688
2190.8539
2278.2949
2369.2259
2463.7861
2562.1204
2664.3793
2770.7196
2881.3042
2996.3024
3115.8904
3240.2513
3369.5758
3504.0618
3643.9154
3789.3508
3940.5908
4097.8671
4261.4206
4431.5018
4608.3712
4792.2998
4983.5694
5182.4729
5389.315
5604.4126
5828.095
6060.7051
6302.5991
6554.1475
6815.7357
7087.7643
7370.6501
7664.8264
7970.7439
8288.871
8619.6952
8963.7232
9321.482
9693.5197
10080.406
10482.734
10901.119
11336.203
11788.652
12259.159
12748.444
13257.258
13786.38
14336.62
14908.821
15503.86
16122.648
16766.133
17435.3
18131.175
18854.824
19607.355
20389.921
21203.72
22050
