0.000000
10.766602
21.533203
32.299805
43.066406
53.833008
64.599609
75.366211
86.132812
96.899414
107.666016
118.432617
129.199219
139.965820
150.732422
161.499023
172.265625
183.032227
193.798828
204.565430
215.332031
226.098633
236.865234
247.631836
258.398438
269.165039
279.931641
290.698242
301.464844
312.231445
322.998047
333.764648
344.531250
355.297852
366.064453
376.831055
387.597656
398.364258
409.130859
419.897461
430.664062
441.430664
452.197266
462.963867
473.730469
484.497070
495.263672
506.030273
516.796875
527.563477
538.330078
549.096680
559.863281
570.629883
581.396484
592.163086
602.929688
613.696289
624.462891
635.229492
645.996094
656.762695
667.529297
678.295898
689.062500
699.829102
710.595703
721.362305
732.128906
742.895508
753.662109
764.428711
775.195312
785.961914
796.728516
807.495117
818.261719
829.028320
839.794922
850.561523
861.328125
872.094727
882.861328
893.627930
904.394531
915.161133
925.927734
936.694336
947.460938
958.227539
968.994141
979.760742
990.527344
1001.293945
1012.060547
1022.827148
1033.593750
1044.360352
1055.126953
1065.893555
1076.660156
1087.426758
1098.193359
1108.959961
1119.726562
1130.493164
1141.259766
1152.026367
1162.792969
1173.559570
1184.326172
1195.092773
1205.859375
1216.625977
1227.392578
1238.159180
1248.925781
1259.692383
1270.458984
1281.225586
1291.992188
1302.758789
1313.525391
1324.291992
1335.058594
1345.825195
1356.591797
1367.358398
1378.125000
1388.891602
1399.658203
1410.424805
1421.191406
1431.958008
1442.724609
1453.491211
1464.257812
1475.024414
1485.791016
1496.557617
1507.324219
1518.090820
1528.857422
1539.624023
1550.390625
1561.157227
1571.923828
1582.690430
1593.457031
1604.223633
1614.990234
1625.756836
1636.523438
1647.290039
1658.056641
1668.823242
1679.589844
1690.356445
1701.123047
1711.889648
1722.656250
1733.422852
1744.189453
1754.956055
1765.722656
1776.489258
1787.255859
1798.022461
1808.789062
1819.555664
1830.322266
1841.088867
1851.855469
1862.622070
1873.388672
1884.155273
1894.921875
1905.688477
1916.455078
1927.221680
1937.988281
1948.754883
1959.521484
1970.288086
1981.054688
1991.821289
2002.587891
2013.354492
2024.121094
2034.887695
2045.654297
2056.420898
2067.187500
2077.954102
2088.720703
2099.487305
2110.253906
2121.020508
2131.787109
2142.553711
2153.320312
2164.086914
2174.853516
2185.620117
2196.386719
2207.153320
2217.919922
2228.686523
2239.453125
2250.219727
2260.986328
2271.752930
2282.519531
2293.286133
2304.052734
2314.819336
2325.585938
2336.352539
2347.119141
2357.885742
2368.652344
2379.418945
2390.185547
2400.952148
2411.718750
2422.485352
2433.251953
2444.018555
2454.785156
2465.551758
2476.318359
2487.084961
2497.851562
2508.618164
2519.384766
2530.151367
2540.917969
2551.684570
2562.451172
2573.217773
2583.984375
2594.750977
2605.517578
2616.284180
2627.050781
2637.817383
2648.583984
2659.350586
2670.117188
2680.883789
2691.650391
2702.416992
2713.183594
2723.950195
2734.716797
2745.483398
2756.250000
2767.016602
2777.783203
2788.549805
2799.316406
2810.083008
2820.849609
2831.616211
2842.382812
2853.149414
2863.916016
2874.682617
2885.449219
2896.215820
2906.982422
2917.749023
2928.515625
2939.282227
2950.048828
2960.815430
2971.582031
2982.348633
2993.115234
3003.881836
3014.648438
3025.415039
3036.181641
3046.948242
3057.714844
3068.481445
3079.248047
3090.014648
3100.781250
3111.547852
3122.314453
3133.081055
3143.847656
3154.614258
3165.380859
3176.147461
3186.914062
3197.680664
3208.447266
3219.213867
3229.980469
3240.747070
3251.513672
3262.280273
3273.046875
3283.813477
3294.580078
3305.346680
3316.113281
3326.879883
3337.646484
3348.413086
3359.179688
3369.946289
3380.712891
3391.479492
3402.246094
3413.012695
3423.779297
3434.545898
3445.312500
3456.079102
3466.845703
3477.612305
3488.378906
3499.145508
3509.912109
3520.678711
3531.445312
3542.211914
3552.978516
3563.745117
3574.511719
3585.278320
3596.044922
3606.811523
3617.578125
3628.344727
3639.111328
3649.877930
3660.644531
3671.411133
3682.177734
3692.944336
3703.710938
3714.477539
3725.244141
3736.010742
3746.777344
3757.543945
3768.310547
3779.077148
3789.843750
3800.610352
3811.376953
3822.143555
3832.910156
3843.676758
3854.443359
3865.209961
3875.976562
3886.743164
3897.509766
3908.276367
3919.042969
3929.809570
3940.576172
3951.342773
3962.109375
3972.875977
3983.642578
3994.409180
4005.175781
4015.942383
4026.708984
4037.475586
4048.242188
4059.008789
4069.775391
4080.541992
4091.308594
4102.075195
4112.841797
4123.608398
4134.375000
4145.141602
4155.908203
4166.674805
4177.441406
4188.208008
4198.974609
4209.741211
4220.507812
4231.274414
4242.041016
4252.807617
4263.574219
4274.340820
4285.107422
4295.874023
4306.640625
4317.407227
4328.173828
4338.940430
4349.707031
4360.473633
4371.240234
4382.006836
4392.773438
4403.540039
4414.306641
4425.073242
4435.839844
4446.606445
4457.373047
4468.139648
4478.906250
4489.672852
4500.439453
4511.206055
4521.972656
4532.739258
4543.505859
4554.272461
4565.039062
4575.805664
4586.572266
4597.338867
4608.105469
4618.872070
4629.638672
4640.405273
4651.171875
4661.938477
4672.705078
4683.471680
4694.238281
4705.004883
4715.771484
4726.538086
4737.304688
4748.071289
4758.837891
4769.604492
4780.371094
4791.137695
4801.904297
4812.670898
4823.437500
4834.204102
4844.970703
4855.737305
4866.503906
4877.270508
4888.037109
4898.803711
4909.570312
4920.336914
4931.103516
4941.870117
4952.636719
4963.403320
4974.169922
4984.936523
4995.703125
5006.469727
5017.236328
5028.002930
5038.769531
5049.536133
5060.302734
5071.069336
5081.835938
5092.602539
5103.369141
5114.135742
5124.902344
5135.668945
5146.435547
5157.202148
5167.968750
5178.735352
5189.501953
5200.268555
5211.035156
5221.801758
5232.568359
5243.334961
5254.101562
5264.868164
5275.634766
5286.401367
5297.167969
5307.934570
5318.701172
5329.467773
5340.234375
5351.000977
5361.767578
5372.534180
5383.300781
5394.067383
5404.833984
5415.600586
5426.367188
5437.133789
5447.900391
5458.666992
5469.433594
5480.200195
5490.966797
5501.733398
5512.500000
5523.266602
5534.033203
5544.799805
5555.566406
5566.333008
5577.099609
5587.866211
5598.632812
5609.399414
5620.166016
5630.932617
5641.699219
5652.465820
5663.232422
5673.999023
5684.765625
5695.532227
5706.298828
5717.065430
5727.832031
5738.598633
5749.365234
5760.131836
5770.898438
5781.665039
5792.431641
5803.198242
5813.964844
5824.731445
5835.498047
5846.264648
5857.031250
5867.797852
5878.564453
5889.331055
5900.097656
5910.864258
5921.630859
5932.397461
5943.164062
5953.930664
5964.697266
5975.463867
5986.230469
5996.997070
6007.763672
6018.530273
6029.296875
6040.063477
6050.830078
6061.596680
6072.363281
6083.129883
6093.896484
6104.663086
6115.429688
6126.196289
6136.962891
6147.729492
6158.496094
6169.262695
6180.029297
6190.795898
6201.562500
6212.329102
6223.095703
6233.862305
6244.628906
6255.395508
6266.162109
6276.928711
6287.695312
6298.461914
6309.228516
6319.995117
6330.761719
6341.528320
6352.294922
6363.061523
6373.828125
6384.594727
6395.361328
6406.127930
6416.894531
6427.661133
6438.427734
6449.194336
6459.960938
6470.727539
6481.494141
6492.260742
6503.027344
6513.793945
6524.560547
6535.327148
6546.093750
6556.860352
6567.626953
6578.393555
6589.160156
6599.926758
6610.693359
6621.459961
6632.226562
6642.993164
6653.759766
6664.526367
6675.292969
6686.059570
6696.826172
6707.592773
6718.359375
6729.125977
6739.892578
6750.659180
6761.425781
6772.192383
6782.958984
6793.725586
6804.492188
6815.258789
6826.025391
6836.791992
6847.558594
6858.325195
6869.091797
6879.858398
6890.625000
6901.391602
6912.158203
6922.924805
6933.691406
6944.458008
6955.224609
6965.991211
6976.757812
6987.524414
6998.291016
7009.057617
7019.824219
7030.590820
7041.357422
7052.124023
7062.890625
7073.657227
7084.423828
7095.190430
7105.957031
7116.723633
7127.490234
7138.256836
7149.023438
7159.790039
7170.556641
7181.323242
7192.089844
7202.856445
7213.623047
7224.389648
7235.156250
7245.922852
7256.689453
7267.456055
7278.222656
7288.989258
7299.755859
7310.522461
7321.289062
7332.055664
7342.822266
7353.588867
7364.355469
7375.122070
7385.888672
7396.655273
7407.421875
7418.188477
7428.955078
7439.721680
7450.488281
7461.254883
7472.021484
7482.788086
7493.554688
7504.321289
7515.087891
7525.854492
7536.621094
7547.387695
7558.154297
7568.920898
7579.687500
7590.454102
7601.220703
7611.987305
7622.753906
7633.520508
7644.287109
7655.053711
7665.820312
7676.586914
7687.353516
7698.120117
7708.886719
7719.653320
7730.419922
7741.186523
7751.953125
7762.719727
7773.486328
7784.252930
7795.019531
7805.786133
7816.552734
7827.319336
7838.085938
7848.852539
7859.619141
7870.385742
7881.152344
7891.918945
7902.685547
7913.452148
7924.218750
7934.985352
7945.751953
7956.518555
7967.285156
7978.051758
7988.818359
7999.584961
8010.351562
8021.118164
8031.884766
8042.651367
8053.417969
8064.184570
8074.951172
8085.717773
8096.484375
8107.250977
8118.017578
8128.784180
8139.550781
8150.317383
8161.083984
8171.850586
8182.617188
8193.383789
8204.150391
8214.916992
8225.683594
8236.450195
8247.216797
8257.983398
8268.750000
8279.516602
8290.283203
8301.049805
8311.816406
8322.583008
8333.349609
8344.116211
8354.882812
8365.649414
8376.416016
8387.182617
8397.949219
8408.715820
8419.482422
8430.249023
8441.015625
8451.782227
8462.548828
8473.315430
8484.082031
8494.848633
8505.615234
8516.381836
8527.148438
8537.915039
8548.681641
8559.448242
8570.214844
8580.981445
8591.748047
8602.514648
8613.281250
8624.047852
8634.814453
8645.581055
8656.347656
8667.114258
8677.880859
8688.647461
8699.414062
8710.180664
8720.947266
8731.713867
8742.480469
8753.247070
8764.013672
8774.780273
8785.546875
8796.313477
8807.080078
8817.846680
8828.613281
8839.379883
8850.146484
8860.913086
8871.679688
8882.446289
8893.212891
8903.979492
8914.746094
8925.512695
8936.279297
8947.045898
8957.812500
8968.579102
8979.345703
8990.112305
9000.878906
9011.645508
9022.412109
9033.178711
9043.945312
9054.711914
9065.478516
9076.245117
9087.011719
9097.778320
9108.544922
9119.311523
9130.078125
9140.844727
9151.611328
9162.377930
9173.144531
9183.911133
9194.677734
9205.444336
9216.210938
9226.977539
9237.744141
9248.510742
9259.277344
9270.043945
9280.810547
9291.577148
9302.343750
9313.110352
9323.876953
9334.643555
9345.410156
9356.176758
9366.943359
9377.709961
9388.476562
9399.243164
9410.009766
9420.776367
9431.542969
9442.309570
9453.076172
9463.842773
9474.609375
9485.375977
9496.142578
9506.909180
9517.675781
9528.442383
9539.208984
9549.975586
9560.742188
9571.508789
9582.275391
9593.041992
9603.808594
9614.575195
9625.341797
9636.108398
9646.875000
9657.641602
9668.408203
9679.174805
9689.941406
9700.708008
9711.474609
9722.241211
9733.007812
9743.774414
9754.541016
9765.307617
9776.074219
9786.840820
9797.607422
9808.374023
9819.140625
9829.907227
9840.673828
9851.440430
9862.207031
9872.973633
9883.740234
9894.506836
9905.273438
9916.040039
9926.806641
9937.573242
9948.339844
9959.106445
9969.873047
9980.639648
9991.406250
10002.172852
10012.939453
10023.706055
10034.472656
10045.239258
10056.005859
10066.772461
10077.539062
10088.305664
10099.072266
10109.838867
10120.605469
10131.372070
10142.138672
10152.905273
10163.671875
10174.438477
10185.205078
10195.971680
10206.738281
10217.504883
10228.271484
10239.038086
10249.804688
10260.571289
10271.337891
10282.104492
10292.871094
10303.637695
10314.404297
10325.170898
10335.937500
10346.704102
10357.470703
10368.237305
10379.003906
10389.770508
10400.537109
10411.303711
10422.070312
10432.836914
10443.603516
10454.370117
10465.136719
10475.903320
10486.669922
10497.436523
10508.203125
10518.969727
10529.736328
10540.502930
10551.269531
10562.036133
10572.802734
10583.569336
10594.335938
10605.102539
10615.869141
10626.635742
10637.402344
10648.168945
10658.935547
10669.702148
10680.468750
10691.235352
10702.001953
10712.768555
10723.535156
10734.301758
10745.068359
10755.834961
10766.601562
10777.368164
10788.134766
10798.901367
10809.667969
10820.434570
10831.201172
10841.967773
10852.734375
10863.500977
10874.267578
10885.034180
10895.800781
10906.567383
10917.333984
10928.100586
10938.867188
10949.633789
10960.400391
10971.166992
10981.933594
10992.700195
11003.466797
11014.233398
11025.000000
11035.766602
11046.533203
11057.299805
11068.066406
11078.833008
11089.599609
11100.366211
11111.132812
11121.899414
11132.666016
11143.432617
11154.199219
11164.965820
11175.732422
11186.499023
11197.265625
11208.032227
11218.798828
11229.565430
11240.332031
11251.098633
11261.865234
11272.631836
11283.398438
11294.165039
11304.931641
11315.698242
11326.464844
11337.231445
11347.998047
11358.764648
11369.531250
11380.297852
11391.064453
11401.831055
11412.597656
11423.364258
11434.130859
11444.897461
11455.664062
11466.430664
11477.197266
11487.963867
11498.730469
11509.497070
11520.263672
11531.030273
11541.796875
11552.563477
11563.330078
11574.096680
11584.863281
11595.629883
11606.396484
11617.163086
11627.929688
11638.696289
11649.462891
11660.229492
11670.996094
11681.762695
11692.529297
11703.295898
11714.062500
11724.829102
11735.595703
11746.362305
11757.128906
11767.895508
11778.662109
11789.428711
11800.195312
11810.961914
11821.728516
11832.495117
11843.261719
11854.028320
11864.794922
11875.561523
11886.328125
11897.094727
11907.861328
11918.627930
11929.394531
11940.161133
11950.927734
11961.694336
11972.460938
11983.227539
11993.994141
12004.760742
12015.527344
12026.293945
12037.060547
12047.827148
12058.593750
12069.360352
12080.126953
12090.893555
12101.660156
12112.426758
12123.193359
12133.959961
12144.726562
12155.493164
12166.259766
12177.026367
12187.792969
12198.559570
12209.326172
12220.092773
12230.859375
12241.625977
12252.392578
12263.159180
12273.925781
12284.692383
12295.458984
12306.225586
12316.992188
12327.758789
12338.525391
12349.291992
12360.058594
12370.825195
12381.591797
12392.358398
12403.125000
12413.891602
12424.658203
12435.424805
12446.191406
12456.958008
12467.724609
12478.491211
12489.257812
12500.024414
12510.791016
12521.557617
12532.324219
12543.090820
12553.857422
12564.624023
12575.390625
12586.157227
12596.923828
12607.690430
12618.457031
12629.223633
12639.990234
12650.756836
12661.523438
12672.290039
12683.056641
12693.823242
12704.589844
12715.356445
12726.123047
12736.889648
12747.656250
12758.422852
12769.189453
12779.956055
12790.722656
12801.489258
12812.255859
12823.022461
12833.789062
12844.555664
12855.322266
12866.088867
12876.855469
12887.622070
12898.388672
12909.155273
12919.921875
12930.688477
12941.455078
12952.221680
12962.988281
12973.754883
12984.521484
12995.288086
13006.054688
13016.821289
13027.587891
13038.354492
13049.121094
13059.887695
13070.654297
13081.420898
13092.187500
13102.954102
13113.720703
13124.487305
13135.253906
13146.020508
13156.787109
13167.553711
13178.320312
13189.086914
13199.853516
13210.620117
13221.386719
13232.153320
13242.919922
13253.686523
13264.453125
13275.219727
13285.986328
13296.752930
13307.519531
13318.286133
13329.052734
13339.819336
13350.585938
13361.352539
13372.119141
13382.885742
13393.652344
13404.418945
13415.185547
13425.952148
13436.718750
13447.485352
13458.251953
13469.018555
13479.785156
13490.551758
13501.318359
13512.084961
13522.851562
13533.618164
13544.384766
13555.151367
13565.917969
13576.684570
13587.451172
13598.217773
13608.984375
13619.750977
13630.517578
13641.284180
13652.050781
13662.817383
13673.583984
13684.350586
13695.117188
13705.883789
13716.650391
13727.416992
13738.183594
13748.950195
13759.716797
13770.483398
13781.250000
13792.016602
13802.783203
13813.549805
13824.316406
13835.083008
13845.849609
13856.616211
13867.382812
13878.149414
13888.916016
13899.682617
13910.449219
13921.215820
13931.982422
13942.749023
13953.515625
13964.282227
13975.048828
13985.815430
13996.582031
14007.348633
14018.115234
14028.881836
14039.648438
14050.415039
14061.181641
14071.948242
14082.714844
14093.481445
14104.248047
14115.014648
14125.781250
14136.547852
14147.314453
14158.081055
14168.847656
14179.614258
14190.380859
14201.147461
14211.914062
14222.680664
14233.447266
14244.213867
14254.980469
14265.747070
14276.513672
14287.280273
14298.046875
14308.813477
14319.580078
14330.346680
14341.113281
14351.879883
14362.646484
14373.413086
14384.179688
14394.946289
14405.712891
14416.479492
14427.246094
14438.012695
14448.779297
14459.545898
14470.312500
14481.079102
14491.845703
14502.612305
14513.378906
14524.145508
14534.912109
14545.678711
14556.445312
14567.211914
14577.978516
14588.745117
14599.511719
14610.278320
14621.044922
14631.811523
14642.578125
14653.344727
14664.111328
14674.877930
14685.644531
14696.411133
14707.177734
14717.944336
14728.710938
14739.477539
14750.244141
14761.010742
14771.777344
14782.543945
14793.310547
14804.077148
14814.843750
14825.610352
14836.376953
14847.143555
14857.910156
14868.676758
14879.443359
14890.209961
14900.976562
14911.743164
14922.509766
14933.276367
14944.042969
14954.809570
14965.576172
14976.342773
14987.109375
14997.875977
15008.642578
15019.409180
15030.175781
15040.942383
15051.708984
15062.475586
15073.242188
15084.008789
15094.775391
15105.541992
15116.308594
15127.075195
15137.841797
15148.608398
15159.375000
15170.141602
15180.908203
15191.674805
15202.441406
15213.208008
15223.974609
15234.741211
15245.507812
15256.274414
15267.041016
15277.807617
15288.574219
15299.340820
15310.107422
15320.874023
15331.640625
15342.407227
15353.173828
15363.940430
15374.707031
15385.473633
15396.240234
15407.006836
15417.773438
15428.540039
15439.306641
15450.073242
15460.839844
15471.606445
15482.373047
15493.139648
15503.906250
15514.672852
15525.439453
15536.206055
15546.972656
15557.739258
15568.505859
15579.272461
15590.039062
15600.805664
15611.572266
15622.338867
15633.105469
15643.872070
15654.638672
15665.405273
15676.171875
15686.938477
15697.705078
15708.471680
15719.238281
15730.004883
15740.771484
15751.538086
15762.304688
15773.071289
15783.837891
15794.604492
15805.371094
15816.137695
15826.904297
15837.670898
15848.437500
15859.204102
15869.970703
15880.737305
15891.503906
15902.270508
15913.037109
15923.803711
15934.570312
15945.336914
15956.103516
15966.870117
15977.636719
15988.403320
15999.169922
16009.936523
16020.703125
16031.469727
16042.236328
16053.002930
16063.769531
16074.536133
16085.302734
16096.069336
16106.835938
16117.602539
16128.369141
16139.135742
16149.902344
16160.668945
16171.435547
16182.202148
16192.968750
16203.735352
16214.501953
16225.268555
16236.035156
16246.801758
16257.568359
16268.334961
16279.101562
16289.868164
16300.634766
16311.401367
16322.167969
16332.934570
16343.701172
16354.467773
16365.234375
16376.000977
16386.767578
16397.535156
16408.300781
16419.066406
16429.833984
16440.601562
16451.367188
16462.132812
16472.900391
16483.667969
16494.433594
16505.199219
16515.966797
16526.734375
16537.500000
16548.265625
16559.033203
16569.800781
16580.566406
16591.332031
16602.099609
16612.867188
16623.632812
16634.398438
16645.166016
16655.933594
16666.699219
16677.464844
16688.232422
16699.000000
16709.765625
16720.531250
16731.298828
16742.066406
16752.832031
16763.597656
16774.365234
16785.132812
16795.898438
16806.664062
16817.431641
16828.199219
16838.964844
16849.730469
16860.498047
16871.265625
16882.031250
16892.796875
16903.564453
16914.332031
16925.097656
16935.863281
16946.630859
16957.398438
16968.164062
16978.929688
16989.697266
17000.464844
17011.230469
17021.996094
17032.763672
17043.531250
17054.296875
17065.062500
17075.830078
17086.597656
17097.363281
17108.128906
17118.896484
17129.664062
17140.429688
17151.195312
17161.962891
17172.730469
17183.496094
17194.261719
17205.029297
17215.796875
17226.562500
17237.328125
17248.095703
17258.863281
17269.628906
17280.394531
17291.162109
17301.929688
17312.695312
17323.460938
17334.228516
17344.996094
17355.761719
17366.527344
17377.294922
17388.062500
17398.828125
17409.593750
17420.361328
17431.128906
17441.894531
17452.660156
17463.427734
17474.195312
17484.960938
17495.726562
17506.494141
17517.261719
17528.027344
17538.792969
17549.560547
17560.328125
17571.093750
17581.859375
17592.626953
17603.394531
17614.160156
17624.925781
17635.693359
17646.460938
17657.226562
17667.992188
17678.759766
17689.527344
17700.292969
17711.058594
17721.826172
17732.593750
17743.359375
17754.125000
17764.892578
17775.660156
17786.425781
17797.191406
17807.958984
17818.726562
17829.492188
17840.257812
17851.025391
17861.792969
17872.558594
17883.324219
17894.091797
17904.859375
17915.625000
17926.390625
17937.158203
17947.925781
17958.691406
17969.457031
17980.224609
17990.992188
18001.757812
18012.523438
18023.291016
18034.058594
18044.824219
18055.589844
18066.357422
18077.125000
18087.890625
18098.656250
18109.423828
18120.191406
18130.957031
18141.722656
18152.490234
18163.257812
18174.023438
18184.789062
18195.556641
18206.324219
18217.089844
18227.855469
18238.623047
18249.390625
18260.156250
18270.921875
18281.689453
18292.457031
18303.222656
18313.988281
18324.755859
18335.523438
18346.289062
18357.054688
18367.822266
18378.589844
18389.355469
18400.121094
18410.888672
18421.656250
18432.421875
18443.187500
18453.955078
18464.722656
18475.488281
18486.253906
18497.021484
18507.789062
18518.554688
18529.320312
18540.087891
18550.855469
18561.621094
18572.386719
18583.154297
18593.921875
18604.687500
18615.453125
18626.220703
18636.988281
18647.753906
18658.519531
18669.287109
18680.054688
18690.820312
18701.585938
18712.353516
18723.121094
18733.886719
18744.652344
18755.419922
18766.187500
18776.953125
18787.718750
18798.486328
18809.253906
18820.019531
18830.785156
18841.552734
18852.320312
18863.085938
18873.851562
18884.619141
18895.386719
18906.152344
18916.917969
18927.685547
18938.453125
18949.218750
18959.984375
18970.751953
18981.519531
18992.285156
19003.050781
19013.818359
19024.585938
19035.351562
19046.117188
19056.884766
19067.652344
19078.417969
19089.183594
19099.951172
19110.718750
19121.484375
19132.250000
19143.017578
19153.785156
19164.550781
19175.316406
19186.083984
19196.851562
19207.617188
19218.382812
19229.150391
19239.917969
19250.683594
19261.449219
19272.216797
19282.984375
19293.750000
19304.515625
19315.283203
19326.050781
19336.816406
19347.582031
19358.349609
19369.117188
19379.882812
19390.648438
19401.416016
19412.183594
19422.949219
19433.714844
19444.482422
19455.250000
19466.015625
19476.781250
19487.548828
19498.316406
19509.082031
19519.847656
19530.615234
19541.382812
19552.148438
19562.914062
19573.681641
19584.449219
19595.214844
19605.980469
19616.748047
19627.515625
19638.281250
19649.046875
19659.814453
19670.582031
19681.347656
19692.113281
19702.880859
19713.648438
19724.414062
19735.179688
19745.947266
19756.714844
19767.480469
19778.246094
19789.013672
19799.781250
19810.546875
19821.312500
19832.080078
19842.847656
19853.613281
19864.378906
19875.146484
19885.914062
19896.679688
19907.445312
19918.212891
19928.980469
19939.746094
19950.511719
19961.279297
19972.046875
19982.812500
19993.578125
20004.345703
20015.113281
20025.878906
20036.644531
20047.412109
20058.179688
20068.945312
20079.710938
20090.478516
20101.246094
20112.011719
20122.777344
20133.544922
20144.312500
20155.078125
20165.843750
20176.611328
20187.378906
20198.144531
20208.910156
20219.677734
20230.445312
20241.210938
20251.976562
20262.744141
20273.511719
20284.277344
20295.042969
20305.810547
20316.578125
20327.343750
20338.109375
20348.876953
20359.644531
20370.410156
20381.175781
20391.943359
20402.710938
20413.476562
20424.242188
20435.009766
20445.777344
20456.542969
20467.308594
20478.076172
20488.843750
20499.609375
20510.375000
20521.142578
20531.910156
20542.675781
20553.441406
20564.208984
20574.976562
20585.742188
20596.507812
20607.275391
20618.042969
20628.808594
20639.574219
20650.341797
20661.109375
20671.875000
20682.640625
20693.408203
20704.175781
20714.941406
20725.707031
20736.474609
20747.242188
20758.007812
20768.773438
20779.541016
20790.308594
20801.074219
20811.839844
20822.607422
20833.375000
20844.140625
20854.906250
20865.673828
20876.441406
20887.207031
20897.972656
20908.740234
20919.507812
20930.273438
20941.039062
20951.806641
20962.574219
20973.339844
20984.105469
20994.873047
21005.640625
21016.406250
21027.171875
21037.939453
21048.707031
21059.472656
21070.238281
21081.005859
21091.773438
21102.539062
21113.304688
21124.072266
21134.839844
21145.605469
21156.371094
21167.138672
21177.906250
21188.671875
21199.437500
21210.205078
21220.972656
21231.738281
21242.503906
21253.271484
21264.039062
21274.804688
21285.570312
21296.337891
21307.105469
21317.871094
21328.636719
21339.404297
21350.171875
21360.937500
21371.703125
21382.470703
21393.238281
21404.003906
21414.769531
21425.537109
21436.304688
21447.070312
21457.835938
21468.603516
21479.371094
21490.136719
21500.902344
21511.669922
21522.437500
21533.203125
21543.968750
21554.736328
21565.503906
21576.269531
21587.035156
21597.802734
21608.570312
21619.335938
21630.101562
21640.869141
21651.636719
21662.402344
21673.167969
21683.935547
21694.703125
21705.468750
21716.234375
21727.001953
21737.769531
21748.535156
21759.300781
21770.068359
21780.835938
21791.601562
21802.367188
21813.134766
21823.902344
21834.667969
21845.433594
21856.201172
21866.968750
21877.734375
21888.500000
21899.267578
21910.035156
21920.800781
21931.566406
21942.333984
21953.101562
21963.867188
21974.632812
21985.400391
21996.167969
22006.933594
22017.699219
22028.466797
22039.234375

