0.000000
0.732422
1.464844
2.197266
2.929688
3.662109
4.394531
5.126953
5.859375
6.591797
7.324219
8.056641
8.789062
9.521484
10.253906
10.986328
11.718750
12.451172
13.183594
13.916016
14.648438
15.380859
16.113281
16.845703
17.578125
18.310547
19.042969
19.775391
20.507812
21.240234
21.972656
22.705078
23.437500
24.169922
24.902344
25.634766
26.367188
27.099609
27.832031
28.564453
29.296875
30.029297
30.761719
31.494141
32.226562
32.958984
33.691406
34.423828
35.156250
35.888672
36.621094
37.353516
38.085938
38.818359
39.550781
40.283203
41.015625
41.748047
42.480469
43.212891
43.945312
44.677734
45.410156
46.142578
46.875000
47.607422
48.339844
49.072266
49.804688
50.537109
51.269531
52.001953
52.734375
53.466797
54.199219
54.931641
55.664062
56.396484
57.128906
57.861328
58.593750
59.326172
60.058594
60.791016
61.523438
62.255859
62.988281
63.720703
64.453125
65.185547
65.917969
66.650391
67.382812
68.115234
68.847656
69.580078
70.312500
71.044922
71.777344
72.509766
73.242188
73.974609
74.707031
75.439453
76.171875
76.904297
77.636719
78.369141
79.101562
79.833984
80.566406
81.298828
82.031250
82.763672
83.496094
84.228516
84.960938
85.693359
86.425781
87.158203
87.890625
88.623047
89.355469
90.087891
90.820312
91.552734
92.285156
93.017578
93.750000
94.482422
95.214844
95.947266
96.679688
97.412109
98.144531
98.876953
99.609375
100.341797
101.074219
101.806641
102.539062
103.271484
104.003906
104.736328
105.468750
106.201172
106.933594
107.666016
108.398438
109.130859
109.863281
110.595703
111.328125
112.060547
112.792969
113.525391
114.257812
114.990234
115.722656
116.455078
117.187500
117.919922
118.652344
119.384766
120.117188
120.849609
121.582031
122.314453
123.046875
123.779297
124.511719
125.244141
125.976562
126.708984
127.441406
128.173828
128.906250
129.638672
130.371094
131.103516
131.835938
132.568359
133.300781
134.033203
134.765625
135.498047
136.230469
136.962891
137.695312
138.427734
139.160156
139.892578
140.625000
141.357422
142.089844
142.822266
143.554688
144.287109
145.019531
145.751953
146.484375
147.216797
147.949219
148.681641
149.414062
150.146484
150.878906
151.611328
152.343750
153.076172
153.808594
154.541016
155.273438
156.005859
156.738281
157.470703
158.203125
158.935547
159.667969
160.400391
161.132812
161.865234
162.597656
163.330078
164.062500
164.794922
165.527344
166.259766
166.992188
167.724609
168.457031
169.189453
169.921875
170.654297
171.386719
172.119141
172.851562
173.583984
174.316406
175.048828
175.781250
176.513672
177.246094
177.978516
178.710938
179.443359
180.175781
180.908203
181.640625
182.373047
183.105469
183.837891
184.570312
185.302734
186.035156
186.767578
187.500000
188.232422
188.964844
189.697266
190.429688
191.162109
191.894531
192.626953
193.359375
194.091797
194.824219
195.556641
196.289062
197.021484
197.753906
198.486328
199.218750
199.951172
200.683594
201.416016
202.148438
202.880859
203.613281
204.345703
205.078125
205.810547
206.542969
207.275391
208.007812
208.740234
209.472656
210.205078
210.937500
211.669922
212.402344
213.134766
213.867188
214.599609
215.332031
216.064453
216.796875
217.529297
218.261719
218.994141
219.726562
220.458984
221.191406
221.923828
222.656250
223.388672
224.121094
224.853516
225.585938
226.318359
227.050781
227.783203
228.515625
229.248047
229.980469
230.712891
231.445312
232.177734
232.910156
233.642578
234.375000
235.107422
235.839844
236.572266
237.304688
238.037109
238.769531
239.501953
240.234375
240.966797
241.699219
242.431641
243.164062
243.896484
244.628906
245.361328
246.093750
246.826172
247.558594
248.291016
249.023438
249.755859
250.488281
251.220703
251.953125
252.685547
253.417969
254.150391
254.882812
255.615234
256.347656
257.080078
257.812500
258.544922
259.277344
260.009766
260.742188
261.474609
262.207031
262.939453
263.671875
264.404297
265.136719
265.869141
266.601562
267.333984
268.066406
268.798828
269.531250
270.263672
270.996094
271.728516
272.460938
273.193359
273.925781
274.658203
275.390625
276.123047
276.855469
277.587891
278.320312
279.052734
279.785156
280.517578
281.250000
281.982422
282.714844
283.447266
284.179688
284.912109
285.644531
286.376953
287.109375
287.841797
288.574219
289.306641
290.039062
290.771484
291.503906
292.236328
292.968750
293.701172
294.433594
295.166016
295.898438
296.630859
297.363281
298.095703
298.828125
299.560547
300.292969
301.025391
301.757812
302.490234
303.222656
303.955078
304.687500
305.419922
306.152344
306.884766
307.617188
308.349609
309.082031
309.814453
310.546875
311.279297
312.011719
312.744141
313.476562
314.208984
314.941406
315.673828
316.406250
317.138672
317.871094
318.603516
319.335938
320.068359
320.800781
321.533203
322.265625
322.998047
323.730469
324.462891
325.195312
325.927734
326.660156
327.392578
328.125000
328.857422
329.589844
330.322266
331.054688
331.787109
332.519531
333.251953
333.984375
334.716797
335.449219
336.181641
336.914062
337.646484
338.378906
339.111328
339.843750
340.576172
341.308594
342.041016
342.773438
343.505859
344.238281
344.970703
345.703125
346.435547
347.167969
347.900391
348.632812
349.365234
350.097656
350.830078
351.562500
352.294922
353.027344
353.759766
354.492188
355.224609
355.957031
356.689453
357.421875
358.154297
358.886719
359.619141
360.351562
361.083984
361.816406
362.548828
363.281250
364.013672
364.746094
365.478516
366.210938
366.943359
367.675781
368.408203
369.140625
369.873047
370.605469
371.337891
372.070312
372.802734
373.535156
374.267578
375.000000
375.732422
376.464844
377.197266
377.929688
378.662109
379.394531
380.126953
380.859375
381.591797
382.324219
383.056641
383.789062
384.521484
385.253906
385.986328
386.718750
387.451172
388.183594
388.916016
389.648438
390.380859
391.113281
391.845703
392.578125
393.310547
394.042969
394.775391
395.507812
396.240234
396.972656
397.705078
398.437500
399.169922
399.902344
400.634766
401.367188
402.099609
402.832031
403.564453
404.296875
405.029297
405.761719
406.494141
407.226562
407.958984
408.691406
409.423828
410.156250
410.888672
411.621094
412.353516
413.085938
413.818359
414.550781
415.283203
416.015625
416.748047
417.480469
418.212891
418.945312
419.677734
420.410156
421.142578
421.875000
422.607422
423.339844
424.072266
424.804688
425.537109
426.269531
427.001953
427.734375
428.466797
429.199219
429.931641
430.664062
431.396484
432.128906
432.861328
433.593750
434.326172
435.058594
435.791016
436.523438
437.255859
437.988281
438.720703
439.453125
440.185547
440.917969
441.650391
442.382812
443.115234
443.847656
444.580078
445.312500
446.044922
446.777344
447.509766
448.242188
448.974609
449.707031
450.439453
451.171875
451.904297
452.636719
453.369141
454.101562
454.833984
455.566406
456.298828
457.031250
457.763672
458.496094
459.228516
459.960938
460.693359
461.425781
462.158203
462.890625
463.623047
464.355469
465.087891
465.820312
466.552734
467.285156
468.017578
468.750000
469.482422
470.214844
470.947266
471.679688
472.412109
473.144531
473.876953
474.609375
475.341797
476.074219
476.806641
477.539062
478.271484
479.003906
479.736328
480.468750
481.201172
481.933594
482.666016
483.398438
484.130859
484.863281
485.595703
486.328125
487.060547
487.792969
488.525391
489.257812
489.990234
490.722656
491.455078
492.187500
492.919922
493.652344
494.384766
495.117188
495.849609
496.582031
497.314453
498.046875
498.779297
499.511719
500.244141
500.976562
501.708984
502.441406
503.173828
503.906250
504.638672
505.371094
506.103516
506.835938
507.568359
508.300781
509.033203
509.765625
510.498047
511.230469
511.962891
512.695312
513.427734
514.160156
514.892578
515.625000
516.357422
517.089844
517.822266
518.554688
519.287109
520.019531
520.751953
521.484375
522.216797
522.949219
523.681641
524.414062
525.146484
525.878906
526.611328
527.343750
528.076172
528.808594
529.541016
530.273438
531.005859
531.738281
532.470703
533.203125
533.935547
534.667969
535.400391
536.132812
536.865234
537.597656
538.330078
539.062500
539.794922
540.527344
541.259766
541.992188
542.724609
543.457031
544.189453
544.921875
545.654297
546.386719
547.119141
547.851562
548.583984
549.316406
550.048828
550.781250
551.513672
552.246094
552.978516
553.710938
554.443359
555.175781
555.908203
556.640625
557.373047
558.105469
558.837891
559.570312
560.302734
561.035156
561.767578
562.500000
563.232422
563.964844
564.697266
565.429688
566.162109
566.894531
567.626953
568.359375
569.091797
569.824219
570.556641
571.289062
572.021484
572.753906
573.486328
574.218750
574.951172
575.683594
576.416016
577.148438
577.880859
578.613281
579.345703
580.078125
580.810547
581.542969
582.275391
583.007812
583.740234
584.472656
585.205078
585.937500
586.669922
587.402344
588.134766
588.867188
589.599609
590.332031
591.064453
591.796875
592.529297
593.261719
593.994141
594.726562
595.458984
596.191406
596.923828
597.656250
598.388672
599.121094
599.853516
600.585938
601.318359
602.050781
602.783203
603.515625
604.248047
604.980469
605.712891
606.445312
607.177734
607.910156
608.642578
609.375000
610.107422
610.839844
611.572266
612.304688
613.037109
613.769531
614.501953
615.234375
615.966797
616.699219
617.431641
618.164062
618.896484
619.628906
620.361328
621.093750
621.826172
622.558594
623.291016
624.023438
624.755859
625.488281
626.220703
626.953125
627.685547
628.417969
629.150391
629.882812
630.615234
631.347656
632.080078
632.812500
633.544922
634.277344
635.009766
635.742188
636.474609
637.207031
637.939453
638.671875
639.404297
640.136719
640.869141
641.601562
642.333984
643.066406
643.798828
644.531250
645.263672
645.996094
646.728516
647.460938
648.193359
648.925781
649.658203
650.390625
651.123047
651.855469
652.587891
653.320312
654.052734
654.785156
655.517578
656.250000
656.982422
657.714844
658.447266
659.179688
659.912109
660.644531
661.376953
662.109375
662.841797
663.574219
664.306641
665.039062
665.771484
666.503906
667.236328
667.968750
668.701172
669.433594
670.166016
670.898438
671.630859
672.363281
673.095703
673.828125
674.560547
675.292969
676.025391
676.757812
677.490234
678.222656
678.955078
679.687500
680.419922
681.152344
681.884766
682.617188
683.349609
684.082031
684.814453
685.546875
686.279297
687.011719
687.744141
688.476562
689.208984
689.941406
690.673828
691.406250
692.138672
692.871094
693.603516
694.335938
695.068359
695.800781
696.533203
697.265625
697.998047
698.730469
699.462891
700.195312
700.927734
701.660156
702.392578
703.125000
703.857422
704.589844
705.322266
706.054688
706.787109
707.519531
708.251953
708.984375
709.716797
710.449219
711.181641
711.914062
712.646484
713.378906
714.111328
714.843750
715.576172
716.308594
717.041016
717.773438
718.505859
719.238281
719.970703
720.703125
721.435547
722.167969
722.900391
723.632812
724.365234
725.097656
725.830078
726.562500
727.294922
728.027344
728.759766
729.492188
730.224609
730.957031
731.689453
732.421875
733.154297
733.886719
734.619141
735.351562
736.083984
736.816406
737.548828
738.281250
739.013672
739.746094
740.478516
741.210938
741.943359
742.675781
743.408203
744.140625
744.873047
745.605469
746.337891
747.070312
747.802734
748.535156
749.267578
750.000000
750.732422
751.464844
752.197266
752.929688
753.662109
754.394531
755.126953
755.859375
756.591797
757.324219
758.056641
758.789062
759.521484
760.253906
760.986328
761.718750
762.451172
763.183594
763.916016
764.648438
765.380859
766.113281
766.845703
767.578125
768.310547
769.042969
769.775391
770.507812
771.240234
771.972656
772.705078
773.437500
774.169922
774.902344
775.634766
776.367188
777.099609
777.832031
778.564453
779.296875
780.029297
780.761719
781.494141
782.226562
782.958984
783.691406
784.423828
785.156250
785.888672
786.621094
787.353516
788.085938
788.818359
789.550781
790.283203
791.015625
791.748047
792.480469
793.212891
793.945312
794.677734
795.410156
796.142578
796.875000
797.607422
798.339844
799.072266
799.804688
800.537109
801.269531
802.001953
802.734375
803.466797
804.199219
804.931641
805.664062
806.396484
807.128906
807.861328
808.593750
809.326172
810.058594
810.791016
811.523438
812.255859
812.988281
813.720703
814.453125
815.185547
815.917969
816.650391
817.382812
818.115234
818.847656
819.580078
820.312500
821.044922
821.777344
822.509766
823.242188
823.974609
824.707031
825.439453
826.171875
826.904297
827.636719
828.369141
829.101562
829.833984
830.566406
831.298828
832.031250
832.763672
833.496094
834.228516
834.960938
835.693359
836.425781
837.158203
837.890625
838.623047
839.355469
840.087891
840.820312
841.552734
842.285156
843.017578
843.750000
844.482422
845.214844
845.947266
846.679688
847.412109
848.144531
848.876953
849.609375
850.341797
851.074219
851.806641
852.539062
853.271484
854.003906
854.736328
855.468750
856.201172
856.933594
857.666016
858.398438
859.130859
859.863281
860.595703
861.328125
862.060547
862.792969
863.525391
864.257812
864.990234
865.722656
866.455078
867.187500
867.919922
868.652344
869.384766
870.117188
870.849609
871.582031
872.314453
873.046875
873.779297
874.511719
875.244141
875.976562
876.708984
877.441406
878.173828
878.906250
879.638672
880.371094
881.103516
881.835938
882.568359
883.300781
884.033203
884.765625
885.498047
886.230469
886.962891
887.695312
888.427734
889.160156
889.892578
890.625000
891.357422
892.089844
892.822266
893.554688
894.287109
895.019531
895.751953
896.484375
897.216797
897.949219
898.681641
899.414062
900.146484
900.878906
901.611328
902.343750
903.076172
903.808594
904.541016
905.273438
906.005859
906.738281
907.470703
908.203125
908.935547
909.667969
910.400391
911.132812
911.865234
912.597656
913.330078
914.062500
914.794922
915.527344
916.259766
916.992188
917.724609
918.457031
919.189453
919.921875
920.654297
921.386719
922.119141
922.851562
923.583984
924.316406
925.048828
925.781250
926.513672
927.246094
927.978516
928.710938
929.443359
930.175781
930.908203
931.640625
932.373047
933.105469
933.837891
934.570312
935.302734
936.035156
936.767578
937.500000
938.232422
938.964844
939.697266
940.429688
941.162109
941.894531
942.626953
943.359375
944.091797
944.824219
945.556641
946.289062
947.021484
947.753906
948.486328
949.218750
949.951172
950.683594
951.416016
952.148438
952.880859
953.613281
954.345703
955.078125
955.810547
956.542969
957.275391
958.007812
958.740234
959.472656
960.205078
960.937500
961.669922
962.402344
963.134766
963.867188
964.599609
965.332031
966.064453
966.796875
967.529297
968.261719
968.994141
969.726562
970.458984
971.191406
971.923828
972.656250
973.388672
974.121094
974.853516
975.585938
976.318359
977.050781
977.783203
978.515625
979.248047
979.980469
980.712891
981.445312
982.177734
982.910156
983.642578
984.375000
985.107422
985.839844
986.572266
987.304688
988.037109
988.769531
989.501953
990.234375
990.966797
991.699219
992.431641
993.164062
993.896484
994.628906
995.361328
996.093750
996.826172
997.558594
998.291016
999.023438
999.755859
1000.488281
1001.220703
1001.953125
1002.685547
1003.417969
1004.150391
1004.882812
1005.615234
1006.347656
1007.080078
1007.812500
1008.544922
1009.277344
1010.009766
1010.742188
1011.474609
1012.207031
1012.939453
1013.671875
1014.404297
1015.136719
1015.869141
1016.601562
1017.333984
1018.066406
1018.798828
1019.531250
1020.263672
1020.996094
1021.728516
1022.460938
1023.193359
1023.925781
1024.658203
1025.390625
1026.123047
1026.855469
1027.587891
1028.320312
1029.052734
1029.785156
1030.517578
1031.250000
1031.982422
1032.714844
1033.447266
1034.179688
1034.912109
1035.644531
1036.376953
1037.109375
1037.841797
1038.574219
1039.306641
1040.039062
1040.771484
1041.503906
1042.236328
1042.968750
1043.701172
1044.433594
1045.166016
1045.898438
1046.630859
1047.363281
1048.095703
1048.828125
1049.560547
1050.292969
1051.025391
1051.757812
1052.490234
1053.222656
1053.955078
1054.687500
1055.419922
1056.152344
1056.884766
1057.617188
1058.349609
1059.082031
1059.814453
1060.546875
1061.279297
1062.011719
1062.744141
1063.476562
1064.208984
1064.941406
1065.673828
1066.406250
1067.138672
1067.871094
1068.603516
1069.335938
1070.068359
1070.800781
1071.533203
1072.265625
1072.998047
1073.730469
1074.462891
1075.195312
1075.927734
1076.660156
1077.392578
1078.125000
1078.857422
1079.589844
1080.322266
1081.054688
1081.787109
1082.519531
1083.251953
1083.984375
1084.716797
1085.449219
1086.181641
1086.914062
1087.646484
1088.378906
1089.111328
1089.843750
1090.576172
1091.308594
1092.041016
1092.773438
1093.505859
1094.238281
1094.970703
1095.703125
1096.435547
1097.167969
1097.900391
1098.632812
1099.365234
1100.097656
1100.830078
1101.562500
1102.294922
1103.027344
1103.759766
1104.492188
1105.224609
1105.957031
1106.689453
1107.421875
1108.154297
1108.886719
1109.619141
1110.351562
1111.083984
1111.816406
1112.548828
1113.281250
1114.013672
1114.746094
1115.478516
1116.210938
1116.943359
1117.675781
1118.408203
1119.140625
1119.873047
1120.605469
1121.337891
1122.070312
1122.802734
1123.535156
1124.267578
1125.000000
1125.732422
1126.464844
1127.197266
1127.929688
1128.662109
1129.394531
1130.126953
1130.859375
1131.591797
1132.324219
1133.056641
1133.789062
1134.521484
1135.253906
1135.986328
1136.718750
1137.451172
1138.183594
1138.916016
1139.648438
1140.380859
1141.113281
1141.845703
1142.578125
1143.310547
1144.042969
1144.775391
1145.507812
1146.240234
1146.972656
1147.705078
1148.437500
1149.169922
1149.902344
1150.634766
1151.367188
1152.099609
1152.832031
1153.564453
1154.296875
1155.029297
1155.761719
1156.494141
1157.226562
1157.958984
1158.691406
1159.423828
1160.156250
1160.888672
1161.621094
1162.353516
1163.085938
1163.818359
1164.550781
1165.283203
1166.015625
1166.748047
1167.480469
1168.212891
1168.945312
1169.677734
1170.410156
1171.142578
1171.875000
1172.607422
1173.339844
1174.072266
1174.804688
1175.537109
1176.269531
1177.001953
1177.734375
1178.466797
1179.199219
1179.931641
1180.664062
1181.396484
1182.128906
1182.861328
1183.593750
1184.326172
1185.058594
1185.791016
1186.523438
1187.255859
1187.988281
1188.720703
1189.453125
1190.185547
1190.917969
1191.650391
1192.382812
1193.115234
1193.847656
1194.580078
1195.312500
1196.044922
1196.777344
1197.509766
1198.242188
1198.974609
1199.707031
1200.439453
1201.171875
1201.904297
1202.636719
1203.369141
1204.101562
1204.833984
1205.566406
1206.298828
1207.031250
1207.763672
1208.496094
1209.228516
1209.960938
1210.693359
1211.425781
1212.158203
1212.890625
1213.623047
1214.355469
1215.087891
1215.820312
1216.552734
1217.285156
1218.017578
1218.750000
1219.482422
1220.214844
1220.947266
1221.679688
1222.412109
1223.144531
1223.876953
1224.609375
1225.341797
1226.074219
1226.806641
1227.539062
1228.271484
1229.003906
1229.736328
1230.468750
1231.201172
1231.933594
1232.666016
1233.398438
1234.130859
1234.863281
1235.595703
1236.328125
1237.060547
1237.792969
1238.525391
1239.257812
1239.990234
1240.722656
1241.455078
1242.187500
1242.919922
1243.652344
1244.384766
1245.117188
1245.849609
1246.582031
1247.314453
1248.046875
1248.779297
1249.511719
1250.244141
1250.976562
1251.708984
1252.441406
1253.173828
1253.906250
1254.638672
1255.371094
1256.103516
1256.835938
1257.568359
1258.300781
1259.033203
1259.765625
1260.498047
1261.230469
1261.962891
1262.695312
1263.427734
1264.160156
1264.892578
1265.625000
1266.357422
1267.089844
1267.822266
1268.554688
1269.287109
1270.019531
1270.751953
1271.484375
1272.216797
1272.949219
1273.681641
1274.414062
1275.146484
1275.878906
1276.611328
1277.343750
1278.076172
1278.808594
1279.541016
1280.273438
1281.005859
1281.738281
1282.470703
1283.203125
1283.935547
1284.667969
1285.400391
1286.132812
1286.865234
1287.597656
1288.330078
1289.062500
1289.794922
1290.527344
1291.259766
1291.992188
1292.724609
1293.457031
1294.189453
1294.921875
1295.654297
1296.386719
1297.119141
1297.851562
1298.583984
1299.316406
1300.048828
1300.781250
1301.513672
1302.246094
1302.978516
1303.710938
1304.443359
1305.175781
1305.908203
1306.640625
1307.373047
1308.105469
1308.837891
1309.570312
1310.302734
1311.035156
1311.767578
1312.500000
1313.232422
1313.964844
1314.697266
1315.429688
1316.162109
1316.894531
1317.626953
1318.359375
1319.091797
1319.824219
1320.556641
1321.289062
1322.021484
1322.753906
1323.486328
1324.218750
1324.951172
1325.683594
1326.416016
1327.148438
1327.880859
1328.613281
1329.345703
1330.078125
1330.810547
1331.542969
1332.275391
1333.007812
1333.740234
1334.472656
1335.205078
1335.937500
1336.669922
1337.402344
1338.134766
1338.867188
1339.599609
1340.332031
1341.064453
1341.796875
1342.529297
1343.261719
1343.994141
1344.726562
1345.458984
1346.191406
1346.923828
1347.656250
1348.388672
1349.121094
1349.853516
1350.585938
1351.318359
1352.050781
1352.783203
1353.515625
1354.248047
1354.980469
1355.712891
1356.445312
1357.177734
1357.910156
1358.642578
1359.375000
1360.107422
1360.839844
1361.572266
1362.304688
1363.037109
1363.769531
1364.501953
1365.234375
1365.966797
1366.699219
1367.431641
1368.164062
1368.896484
1369.628906
1370.361328
1371.093750
1371.826172
1372.558594
1373.291016
1374.023438
1374.755859
1375.488281
1376.220703
1376.953125
1377.685547
1378.417969
1379.150391
1379.882812
1380.615234
1381.347656
1382.080078
1382.812500
1383.544922
1384.277344
1385.009766
1385.742188
1386.474609
1387.207031
1387.939453
1388.671875
1389.404297
1390.136719
1390.869141
1391.601562
1392.333984
1393.066406
1393.798828
1394.531250
1395.263672
1395.996094
1396.728516
1397.460938
1398.193359
1398.925781
1399.658203
1400.390625
1401.123047
1401.855469
1402.587891
1403.320312
1404.052734
1404.785156
1405.517578
1406.250000
1406.982422
1407.714844
1408.447266
1409.179688
1409.912109
1410.644531
1411.376953
1412.109375
1412.841797
1413.574219
1414.306641
1415.039062
1415.771484
1416.503906
1417.236328
1417.968750
1418.701172
1419.433594
1420.166016
1420.898438
1421.630859
1422.363281
1423.095703
1423.828125
1424.560547
1425.292969
1426.025391
1426.757812
1427.490234
1428.222656
1428.955078
1429.687500
1430.419922
1431.152344
1431.884766
1432.617188
1433.349609
1434.082031
1434.814453
1435.546875
1436.279297
1437.011719
1437.744141
1438.476562
1439.208984
1439.941406
1440.673828
1441.406250
1442.138672
1442.871094
1443.603516
1444.335938
1445.068359
1445.800781
1446.533203
1447.265625
1447.998047
1448.730469
1449.462891
1450.195312
1450.927734
1451.660156
1452.392578
1453.125000
1453.857422
1454.589844
1455.322266
1456.054688
1456.787109
1457.519531
1458.251953
1458.984375
1459.716797
1460.449219
1461.181641
1461.914062
1462.646484
1463.378906
1464.111328
1464.843750
1465.576172
1466.308594
1467.041016
1467.773438
1468.505859
1469.238281
1469.970703
1470.703125
1471.435547
1472.167969
1472.900391
1473.632812
1474.365234
1475.097656
1475.830078
1476.562500
1477.294922
1478.027344
1478.759766
1479.492188
1480.224609
1480.957031
1481.689453
1482.421875
1483.154297
1483.886719
1484.619141
1485.351562
1486.083984
1486.816406
1487.548828
1488.281250
1489.013672
1489.746094
1490.478516
1491.210938
1491.943359
1492.675781
1493.408203
1494.140625
1494.873047
1495.605469
1496.337891
1497.070312
1497.802734
1498.535156
1499.267578
