0.000000
0.091553
0.183105
0.274658
0.366211
0.457764
0.549316
0.640869
0.732422
0.823975
0.915527
1.007080
1.098633
1.190186
1.281738
1.373291
1.464844
1.556396
1.647949
1.739502
1.831055
1.922607
2.014160
2.105713
2.197266
2.288818
2.380371
2.471924
2.563477
2.655029
2.746582
2.838135
2.929688
3.021240
3.112793
3.204346
3.295898
3.387451
3.479004
3.570557
3.662109
3.753662
3.845215
3.936768
4.028320
4.119873
4.211426
4.302979
4.394531
4.486084
4.577637
4.669189
4.760742
4.852295
4.943848
5.035400
5.126953
5.218506
5.310059
5.401611
5.493164
5.584717
5.676270
5.767822
5.859375
5.950928
6.042480
6.134033
6.225586
6.317139
6.408691
6.500244
6.591797
6.683350
6.774902
6.866455
6.958008
7.049561
7.141113
7.232666
7.324219
7.415771
7.507324
7.598877
7.690430
7.781982
7.873535
7.965088
8.056641
8.148193
8.239746
8.331299
8.422852
8.514404
8.605957
8.697510
8.789062
8.880615
8.972168
9.063721
9.155273
9.246826
9.338379
9.429932
9.521484
9.613037
9.704590
9.796143
9.887695
9.979248
10.070801
10.162354
10.253906
10.345459
10.437012
10.528564
10.620117
10.711670
10.803223
10.894775
10.986328
11.077881
11.169434
11.260986
11.352539
11.444092
11.535645
11.627197
11.718750
11.810303
11.901855
11.993408
12.084961
12.176514
12.268066
12.359619
12.451172
12.542725
12.634277
12.725830
12.817383
12.908936
13.000488
13.092041
13.183594
13.275146
13.366699
13.458252
13.549805
13.641357
13.732910
13.824463
13.916016
14.007568
14.099121
14.190674
14.282227
14.373779
14.465332
14.556885
14.648438
14.739990
14.831543
14.923096
15.014648
15.106201
15.197754
15.289307
15.380859
15.472412
15.563965
15.655518
15.747070
15.838623
15.930176
16.021729
16.113281
16.204834
16.296387
16.387939
16.479492
16.571045
16.662598
16.754150
16.845703
16.937256
17.028809
17.120361
17.211914
17.303467
17.395020
17.486572
17.578125
17.669678
17.761230
17.852783
17.944336
18.035889
18.127441
18.218994
18.310547
18.402100
18.493652
18.585205
18.676758
18.768311
18.859863
18.951416
19.042969
19.134521
19.226074
19.317627
19.409180
19.500732
19.592285
19.683838
19.775391
19.866943
19.958496
20.050049
20.141602
20.233154
20.324707
20.416260
20.507812
20.599365
20.690918
20.782471
20.874023
20.965576
21.057129
21.148682
21.240234
21.331787
21.423340
21.514893
21.606445
21.697998
21.789551
21.881104
21.972656
22.064209
22.155762
22.247314
22.338867
22.430420
22.521973
22.613525
22.705078
22.796631
22.888184
22.979736
23.071289
23.162842
23.254395
23.345947
23.437500
23.529053
23.620605
23.712158
23.803711
23.895264
23.986816
24.078369
24.169922
24.261475
24.353027
24.444580
24.536133
24.627686
24.719238
24.810791
24.902344
24.993896
25.085449
25.177002
25.268555
25.360107
25.451660
25.543213
25.634766
25.726318
25.817871
25.909424
26.000977
26.092529
26.184082
26.275635
26.367188
26.458740
26.550293
26.641846
26.733398
26.824951
26.916504
27.008057
27.099609
27.191162
27.282715
27.374268
27.465820
27.557373
27.648926
27.740479
27.832031
27.923584
28.015137
28.106689
28.198242
28.289795
28.381348
28.472900
28.564453
28.656006
28.747559
28.839111
28.930664
29.022217
29.113770
29.205322
29.296875
29.388428
29.479980
29.571533
29.663086
29.754639
29.846191
29.937744
30.029297
30.120850
30.212402
30.303955
30.395508
30.487061
30.578613
30.670166
30.761719
30.853271
30.944824
31.036377
31.127930
31.219482
31.311035
31.402588
31.494141
31.585693
31.677246
31.768799
31.860352
31.951904
32.043457
32.135010
32.226562
32.318115
32.409668
32.501221
32.592773
32.684326
32.775879
32.867432
32.958984
33.050537
33.142090
33.233643
33.325195
33.416748
33.508301
33.599854
33.691406
33.782959
33.874512
33.966064
34.057617
34.149170
34.240723
34.332275
34.423828
34.515381
34.606934
34.698486
34.790039
34.881592
34.973145
35.064697
35.156250
35.247803
35.339355
35.430908
35.522461
35.614014
35.705566
35.797119
35.888672
35.980225
36.071777
36.163330
36.254883
36.346436
36.437988
36.529541
36.621094
36.712646
36.804199
36.895752
36.987305
37.078857
37.170410
37.261963
37.353516
37.445068
37.536621
37.628174
37.719727
37.811279
37.902832
37.994385
38.085938
38.177490
38.269043
38.360596
38.452148
38.543701
38.635254
38.726807
38.818359
38.909912
39.001465
39.093018
39.184570
39.276123
39.367676
39.459229
39.550781
39.642334
39.733887
39.825439
39.916992
40.008545
40.100098
40.191650
40.283203
40.374756
40.466309
40.557861
40.649414
40.740967
40.832520
40.924072
41.015625
41.107178
41.198730
41.290283
41.381836
41.473389
41.564941
41.656494
41.748047
41.839600
41.931152
42.022705
42.114258
42.205811
42.297363
42.388916
42.480469
42.572021
42.663574
42.755127
42.846680
42.938232
43.029785
43.121338
43.212891
43.304443
43.395996
43.487549
43.579102
43.670654
43.762207
43.853760
43.945312
44.036865
44.128418
44.219971
44.311523
44.403076
44.494629
44.586182
44.677734
44.769287
44.860840
44.952393
45.043945
45.135498
45.227051
45.318604
45.410156
45.501709
45.593262
45.684814
45.776367
45.867920
45.959473
46.051025
46.142578
46.234131
46.325684
46.417236
46.508789
46.600342
46.691895
46.783447
46.875000
46.966553
47.058105
47.149658
47.241211
47.332764
47.424316
47.515869
47.607422
47.698975
47.790527
47.882080
47.973633
48.065186
48.156738
48.248291
48.339844
48.431396
48.522949
48.614502
48.706055
48.797607
48.889160
48.980713
49.072266
49.163818
49.255371
49.346924
49.438477
49.530029
49.621582
49.713135
49.804688
49.896240
49.987793
50.079346
50.170898
50.262451
50.354004
50.445557
50.537109
50.628662
50.720215
50.811768
50.903320
50.994873
51.086426
51.177979
51.269531
51.361084
51.452637
51.544189
51.635742
51.727295
51.818848
51.910400
52.001953
52.093506
52.185059
52.276611
52.368164
52.459717
52.551270
52.642822
52.734375
52.825928
52.917480
53.009033
53.100586
53.192139
53.283691
53.375244
53.466797
53.558350
53.649902
53.741455
53.833008
53.924561
54.016113
54.107666
54.199219
54.290771
54.382324
54.473877
54.565430
54.656982
54.748535
54.840088
54.931641
55.023193
55.114746
55.206299
55.297852
55.389404
55.480957
55.572510
55.664062
55.755615
55.847168
55.938721
56.030273
56.121826
56.213379
56.304932
56.396484
56.488037
56.579590
56.671143
56.762695
56.854248
56.945801
57.037354
57.128906
57.220459
57.312012
57.403564
57.495117
57.586670
57.678223
57.769775
57.861328
57.952881
58.044434
58.135986
58.227539
58.319092
58.410645
58.502197
58.593750
58.685303
58.776855
58.868408
58.959961
59.051514
59.143066
59.234619
59.326172
59.417725
59.509277
59.600830
59.692383
59.783936
59.875488
59.967041
60.058594
60.150146
60.241699
60.333252
60.424805
60.516357
60.607910
60.699463
60.791016
60.882568
60.974121
61.065674
61.157227
61.248779
61.340332
61.431885
61.523438
61.614990
61.706543
61.798096
61.889648
61.981201
62.072754
62.164307
62.255859
62.347412
62.438965
62.530518
62.622070
62.713623
62.805176
62.896729
62.988281
63.079834
63.171387
63.262939
63.354492
63.446045
63.537598
63.629150
63.720703
63.812256
63.903809
63.995361
64.086914
64.178467
64.270020
64.361572
64.453125
64.544678
64.636230
64.727783
64.819336
64.910889
65.002441
65.093994
65.185547
65.277100
65.368652
65.460205
65.551758
65.643311
65.734863
65.826416
65.917969
66.009521
66.101074
66.192627
66.284180
66.375732
66.467285
66.558838
66.650391
66.741943
66.833496
66.925049
67.016602
67.108154
67.199707
67.291260
67.382812
67.474365
67.565918
67.657471
67.749023
67.840576
67.932129
68.023682
68.115234
68.206787
68.298340
68.389893
68.481445
68.572998
68.664551
68.756104
68.847656
68.939209
69.030762
69.122314
69.213867
69.305420
69.396973
69.488525
69.580078
69.671631
69.763184
69.854736
69.946289
70.037842
70.129395
70.220947
70.312500
70.404053
70.495605
70.587158
70.678711
70.770264
70.861816
70.953369
71.044922
71.136475
71.228027
71.319580
71.411133
71.502686
71.594238
71.685791
71.777344
71.868896
71.960449
72.052002
72.143555
72.235107
72.326660
72.418213
72.509766
72.601318
72.692871
72.784424
72.875977
72.967529
73.059082
73.150635
73.242188
73.333740
73.425293
73.516846
73.608398
73.699951
73.791504
73.883057
73.974609
74.066162
74.157715
74.249268
74.340820
74.432373
74.523926
74.615479
74.707031
74.798584
74.890137
74.981689
75.073242
75.164795
75.256348
75.347900
75.439453
75.531006
75.622559
75.714111
75.805664
75.897217
75.988770
76.080322
76.171875
76.263428
76.354980
76.446533
76.538086
76.629639
76.721191
76.812744
76.904297
76.995850
77.087402
77.178955
77.270508
77.362061
77.453613
77.545166
77.636719
77.728271
77.819824
77.911377
78.002930
78.094482
78.186035
78.277588
78.369141
78.460693
78.552246
78.643799
78.735352
78.826904
78.918457
79.010010
79.101562
79.193115
79.284668
79.376221
79.467773
79.559326
79.650879
79.742432
79.833984
79.925537
80.017090
80.108643
80.200195
80.291748
80.383301
80.474854
80.566406
80.657959
80.749512
80.841064
80.932617
81.024170
81.115723
81.207275
81.298828
81.390381
81.481934
81.573486
81.665039
81.756592
81.848145
81.939697
82.031250
82.122803
82.214355
82.305908
82.397461
82.489014
82.580566
82.672119
82.763672
82.855225
82.946777
83.038330
83.129883
83.221436
83.312988
83.404541
83.496094
83.587646
83.679199
83.770752
83.862305
83.953857
84.045410
84.136963
84.228516
84.320068
84.411621
84.503174
84.594727
84.686279
84.777832
84.869385
84.960938
85.052490
85.144043
85.235596
85.327148
85.418701
85.510254
85.601807
85.693359
85.784912
85.876465
85.968018
86.059570
86.151123
86.242676
86.334229
86.425781
86.517334
86.608887
86.700439
86.791992
86.883545
86.975098
87.066650
87.158203
87.249756
87.341309
87.432861
87.524414
87.615967
87.707520
87.799072
87.890625
87.982178
88.073730
88.165283
88.256836
88.348389
88.439941
88.531494
88.623047
88.714600
88.806152
88.897705
88.989258
89.080811
89.172363
89.263916
89.355469
89.447021
89.538574
89.630127
89.721680
89.813232
89.904785
89.996338
90.087891
90.179443
90.270996
90.362549
90.454102
90.545654
90.637207
90.728760
90.820312
90.911865
91.003418
91.094971
91.186523
91.278076
91.369629
91.461182
91.552734
91.644287
91.735840
91.827393
91.918945
92.010498
92.102051
92.193604
92.285156
92.376709
92.468262
92.559814
92.651367
92.742920
92.834473
92.926025
93.017578
93.109131
93.200684
93.292236
93.383789
93.475342
93.566895
93.658447
93.750000
93.841553
93.933105
94.024658
94.116211
94.207764
94.299316
94.390869
94.482422
94.573975
94.665527
94.757080
94.848633
94.940186
95.031738
95.123291
95.214844
95.306396
95.397949
95.489502
95.581055
95.672607
95.764160
95.855713
95.947266
96.038818
96.130371
96.221924
96.313477
96.405029
96.496582
96.588135
96.679688
96.771240
96.862793
96.954346
97.045898
97.137451
97.229004
97.320557
97.412109
97.503662
97.595215
97.686768
97.778320
97.869873
97.961426
98.052979
98.144531
98.236084
98.327637
98.419189
98.510742
98.602295
98.693848
98.785400
98.876953
98.968506
99.060059
99.151611
99.243164
99.334717
99.426270
99.517822
99.609375
99.700928
99.792480
99.884033
99.975586
100.067139
100.158691
100.250244
100.341797
100.433350
100.524902
100.616455
100.708008
100.799561
100.891113
100.982666
101.074219
101.165771
101.257324
101.348877
101.440430
101.531982
101.623535
101.715088
101.806641
101.898193
101.989746
102.081299
102.172852
102.264404
102.355957
102.447510
102.539062
102.630615
102.722168
102.813721
102.905273
102.996826
103.088379
103.179932
103.271484
103.363037
103.454590
103.546143
103.637695
103.729248
103.820801
103.912354
104.003906
104.095459
104.187012
104.278564
104.370117
104.461670
104.553223
104.644775
104.736328
104.827881
104.919434
105.010986
105.102539
105.194092
105.285645
105.377197
105.468750
105.560303
105.651855
105.743408
105.834961
105.926514
106.018066
106.109619
106.201172
106.292725
106.384277
106.475830
106.567383
106.658936
106.750488
106.842041
106.933594
107.025146
107.116699
107.208252
107.299805
107.391357
107.482910
107.574463
107.666016
107.757568
107.849121
107.940674
108.032227
108.123779
108.215332
108.306885
108.398438
108.489990
108.581543
108.673096
108.764648
108.856201
108.947754
109.039307
109.130859
109.222412
109.313965
109.405518
109.497070
109.588623
109.680176
109.771729
109.863281
109.954834
110.046387
110.137939
110.229492
110.321045
110.412598
110.504150
110.595703
110.687256
110.778809
110.870361
110.961914
111.053467
111.145020
111.236572
111.328125
111.419678
111.511230
111.602783
111.694336
111.785889
111.877441
111.968994
112.060547
112.152100
112.243652
112.335205
112.426758
112.518311
112.609863
112.701416
112.792969
112.884521
112.976074
113.067627
113.159180
113.250732
113.342285
113.433838
113.525391
113.616943
113.708496
113.800049
113.891602
113.983154
114.074707
114.166260
114.257812
114.349365
114.440918
114.532471
114.624023
114.715576
114.807129
114.898682
114.990234
115.081787
115.173340
115.264893
115.356445
115.447998
115.539551
115.631104
115.722656
115.814209
115.905762
115.997314
116.088867
116.180420
116.271973
116.363525
116.455078
116.546631
116.638184
116.729736
116.821289
116.912842
117.004395
117.095947
117.187500
117.279053
117.370605
117.462158
117.553711
117.645264
117.736816
117.828369
117.919922
118.011475
118.103027
118.194580
118.286133
118.377686
118.469238
118.560791
118.652344
118.743896
118.835449
118.927002
119.018555
119.110107
119.201660
119.293213
119.384766
119.476318
119.567871
119.659424
119.750977
119.842529
119.934082
120.025635
120.117188
120.208740
120.300293
120.391846
120.483398
120.574951
120.666504
120.758057
120.849609
120.941162
121.032715
121.124268
121.215820
121.307373
121.398926
121.490479
121.582031
121.673584
121.765137
121.856689
121.948242
122.039795
122.131348
122.222900
122.314453
122.406006
122.497559
122.589111
122.680664
122.772217
122.863770
122.955322
123.046875
123.138428
123.229980
123.321533
123.413086
123.504639
123.596191
123.687744
123.779297
123.870850
123.962402
124.053955
124.145508
124.237061
124.328613
124.420166
124.511719
124.603271
124.694824
124.786377
124.877930
124.969482
125.061035
125.152588
125.244141
125.335693
125.427246
125.518799
125.610352
125.701904
125.793457
125.885010
125.976562
126.068115
126.159668
126.251221
126.342773
126.434326
126.525879
126.617432
126.708984
126.800537
126.892090
126.983643
127.075195
127.166748
127.258301
127.349854
127.441406
127.532959
127.624512
127.716064
127.807617
127.899170
127.990723
128.082275
128.173828
128.265381
128.356934
128.448486
128.540039
128.631592
128.723145
128.814697
128.906250
128.997803
129.089355
129.180908
129.272461
129.364014
129.455566
129.547119
129.638672
129.730225
129.821777
129.913330
130.004883
130.096436
130.187988
130.279541
130.371094
130.462646
130.554199
130.645752
130.737305
130.828857
130.920410
131.011963
131.103516
131.195068
131.286621
131.378174
131.469727
131.561279
131.652832
131.744385
131.835938
131.927490
132.019043
132.110596
132.202148
132.293701
132.385254
132.476807
132.568359
132.659912
132.751465
132.843018
132.934570
133.026123
133.117676
133.209229
133.300781
133.392334
133.483887
133.575439
133.666992
133.758545
133.850098
133.941650
134.033203
134.124756
134.216309
134.307861
134.399414
134.490967
134.582520
134.674072
134.765625
134.857178
134.948730
135.040283
135.131836
135.223389
135.314941
135.406494
135.498047
135.589600
135.681152
135.772705
135.864258
135.955811
136.047363
136.138916
136.230469
136.322021
136.413574
136.505127
136.596680
136.688232
136.779785
136.871338
136.962891
137.054443
137.145996
137.237549
137.329102
137.420654
137.512207
137.603760
137.695312
137.786865
137.878418
137.969971
138.061523
138.153076
138.244629
138.336182
138.427734
138.519287
138.610840
138.702393
138.793945
138.885498
138.977051
139.068604
139.160156
139.251709
139.343262
139.434814
139.526367
139.617920
139.709473
139.801025
139.892578
139.984131
140.075684
140.167236
140.258789
140.350342
140.441895
140.533447
140.625000
140.716553
140.808105
140.899658
140.991211
141.082764
141.174316
141.265869
141.357422
141.448975
141.540527
141.632080
141.723633
141.815186
141.906738
141.998291
142.089844
142.181396
142.272949
142.364502
142.456055
142.547607
142.639160
142.730713
142.822266
142.913818
143.005371
143.096924
143.188477
143.280029
143.371582
143.463135
143.554688
143.646240
143.737793
143.829346
143.920898
144.012451
144.104004
144.195557
144.287109
144.378662
144.470215
144.561768
144.653320
144.744873
144.836426
144.927979
145.019531
145.111084
145.202637
145.294189
145.385742
145.477295
145.568848
145.660400
145.751953
145.843506
145.935059
146.026611
146.118164
146.209717
146.301270
146.392822
146.484375
146.575928
146.667480
146.759033
146.850586
146.942139
147.033691
147.125244
147.216797
147.308350
147.399902
147.491455
147.583008
147.674561
147.766113
147.857666
147.949219
148.040771
148.132324
148.223877
148.315430
148.406982
148.498535
148.590088
148.681641
148.773193
148.864746
148.956299
149.047852
149.139404
149.230957
149.322510
149.414062
149.505615
149.597168
149.688721
149.780273
149.871826
149.963379
150.054932
150.146484
150.238037
150.329590
150.421143
150.512695
150.604248
150.695801
150.787354
150.878906
150.970459
151.062012
151.153564
151.245117
151.336670
151.428223
151.519775
151.611328
151.702881
151.794434
151.885986
151.977539
152.069092
152.160645
152.252197
152.343750
152.435303
152.526855
152.618408
152.709961
152.801514
152.893066
152.984619
153.076172
153.167725
153.259277
153.350830
153.442383
153.533936
153.625488
153.717041
153.808594
153.900146
153.991699
154.083252
154.174805
154.266357
154.357910
154.449463
154.541016
154.632568
154.724121
154.815674
154.907227
154.998779
155.090332
155.181885
155.273438
155.364990
155.456543
155.548096
155.639648
155.731201
155.822754
155.914307
156.005859
156.097412
156.188965
156.280518
156.372070
156.463623
156.555176
156.646729
156.738281
156.829834
156.921387
157.012939
157.104492
157.196045
157.287598
157.379150
157.470703
157.562256
157.653809
157.745361
157.836914
157.928467
158.020020
158.111572
158.203125
158.294678
158.386230
158.477783
158.569336
158.660889
158.752441
158.843994
158.935547
159.027100
159.118652
159.210205
159.301758
159.393311
159.484863
159.576416
159.667969
159.759521
159.851074
159.942627
160.034180
160.125732
160.217285
160.308838
160.400391
160.491943
160.583496
160.675049
160.766602
160.858154
160.949707
161.041260
161.132812
161.224365
161.315918
161.407471
161.499023
161.590576
161.682129
161.773682
161.865234
161.956787
162.048340
162.139893
162.231445
162.322998
162.414551
162.506104
162.597656
162.689209
162.780762
162.872314
162.963867
163.055420
163.146973
163.238525
163.330078
163.421631
163.513184
163.604736
163.696289
163.787842
163.879395
163.970947
164.062500
164.154053
164.245605
164.337158
164.428711
164.520264
164.611816
164.703369
164.794922
164.886475
164.978027
165.069580
165.161133
165.252686
165.344238
165.435791
165.527344
165.618896
165.710449
165.802002
165.893555
165.985107
166.076660
166.168213
166.259766
166.351318
166.442871
166.534424
166.625977
166.717529
166.809082
166.900635
166.992188
167.083740
167.175293
167.266846
167.358398
167.449951
167.541504
167.633057
167.724609
167.816162
167.907715
167.999268
168.090820
168.182373
168.273926
168.365479
168.457031
168.548584
168.640137
168.731689
168.823242
168.914795
169.006348
169.097900
169.189453
169.281006
169.372559
169.464111
169.555664
169.647217
169.738770
169.830322
169.921875
170.013428
170.104980
170.196533
170.288086
170.379639
170.471191
170.562744
170.654297
170.745850
170.837402
170.928955
171.020508
171.112061
171.203613
171.295166
171.386719
171.478271
171.569824
171.661377
171.752930
171.844482
171.936035
172.027588
172.119141
172.210693
172.302246
172.393799
172.485352
172.576904
172.668457
172.760010
172.851562
172.943115
173.034668
173.126221
173.217773
173.309326
173.400879
173.492432
173.583984
173.675537
173.767090
173.858643
173.950195
174.041748
174.133301
174.224854
174.316406
174.407959
174.499512
174.591064
174.682617
174.774170
174.865723
174.957275
175.048828
175.140381
175.231934
175.323486
175.415039
175.506592
175.598145
175.689697
175.781250
175.872803
175.964355
176.055908
176.147461
176.239014
176.330566
176.422119
176.513672
176.605225
176.696777
176.788330
176.879883
176.971436
177.062988
177.154541
177.246094
177.337646
177.429199
177.520752
177.612305
177.703857
177.795410
177.886963
177.978516
178.070068
178.161621
178.253174
178.344727
178.436279
178.527832
178.619385
178.710938
178.802490
178.894043
178.985596
179.077148
179.168701
179.260254
179.351807
179.443359
179.534912
179.626465
179.718018
179.809570
179.901123
179.992676
180.084229
180.175781
180.267334
180.358887
180.450439
180.541992
180.633545
180.725098
180.816650
180.908203
180.999756
181.091309
181.182861
181.274414
181.365967
181.457520
181.549072
181.640625
181.732178
181.823730
181.915283
182.006836
182.098389
182.189941
182.281494
182.373047
182.464600
182.556152
182.647705
182.739258
182.830811
182.922363
183.013916
183.105469
183.197021
183.288574
183.380127
183.471680
183.563232
183.654785
183.746338
183.837891
183.929443
184.020996
184.112549
184.204102
184.295654
184.387207
184.478760
184.570312
184.661865
184.753418
184.844971
184.936523
185.028076
185.119629
185.211182
185.302734
185.394287
185.485840
185.577393
185.668945
185.760498
185.852051
185.943604
186.035156
186.126709
186.218262
186.309814
186.401367
186.492920
186.584473
186.676025
186.767578
186.859131
186.950684
187.042236
187.133789
187.225342
187.316895
187.408447
