Sens Factor =.41720dB, SERNO: 5823.tx
10.054	-6.0295
10.179	-5.8540
10.306	-5.6817
10.434	-5.5126
10.564	-5.3467
10.696	-5.1838
10.829	-5.0242
10.964	-4.8675
11.1	-4.7139
11.238	-4.5633
11.378	-4.4157
11.52	-4.2709
11.663	-4.1292
11.809	-3.9902
11.956	-3.8541
12.104	-3.7208
12.255	-3.5903
12.408	-3.4625
12.562	-3.3374
12.718	-3.2150
12.877	-3.0952
13.037	-2.9781
13.199	-2.8636
13.364	-2.7515
13.53	-2.6420
13.698	-2.5350
13.869	-2.4304
14.042	-2.3282
14.216	-2.2285
14.393	-2.1311
14.573	-2.0359
14.754	-1.9432
14.938	-1.8526
15.124	-1.7643
15.312	-1.6781
15.503	-1.5941
15.696	-1.5123
15.891	-1.4326
16.089	-1.3549
16.289	-1.2792
16.492	-1.2056
16.697	-1.1339
16.905	-1.0641
17.115	-0.9963
17.328	-0.9303
17.544	-0.8662
17.763	-0.8038
17.984	-0.7432
18.208	-0.6844
18.434	-0.6273
18.664	-0.5718
18.896	-0.5181
19.131	-0.4659
19.369	-0.4153
19.611	-0.3662
19.855	-0.3186
20.102	-0.2726
20.352	-0.2280
20.605	-0.1848
20.862	-0.1430
21.122	-0.1025
21.385	-0.0634
21.651	-0.0256
21.92	0.0110
22.193	0.0464
22.47	0.0806
22.749	0.1135
23.032	0.1454
23.319	0.1762
23.609	0.2059
23.903	0.2346
24.201	0.2623
24.502	0.2890
24.807	0.3148
25.116	0.3397
25.429	0.3637
25.745	0.3869
26.066	0.4092
26.39	0.4308
26.719	0.4517
27.051	0.4718
27.388	0.4913
27.729	0.5101
28.074	0.5283
28.424	0.5460
28.778	0.5630
29.136	0.5796
29.499	0.5957
29.866	0.6113
30.238	0.6265
30.614	0.6413
30.995	0.6558
31.381	0.6699
31.772	0.6838
32.167	0.6974
32.568	0.7108
32.973	0.7240
33.383	0.7370
33.799	0.7499
34.22	0.7627
34.646	0.7754
35.077	0.7881
35.514	0.8058
35.956	0.8207
36.403	0.8331
36.857	0.8434
37.315	0.8515
37.78	0.8577
38.25	0.8619
38.726	0.8639
39.209	0.8638
39.697	0.8614
40.191	0.8573
40.691	0.8525
41.198	0.8483
41.711	0.8461
42.23	0.8472
42.756	0.8520
43.288	0.8600
43.827	0.8701
44.372	0.8814
44.925	0.8932
45.484	0.9053
46.05	0.9174
46.623	0.9295
47.204	0.9417
47.791	0.9540
48.386	0.9662
48.989	0.9782
49.599	0.9897
50.216	1.0003
50.841	1.0096
51.474	1.0173
52.115	1.0233
52.764	1.0275
53.42	1.0301
54.085	1.0315
54.759	1.0331
55.44	1.0356
56.131	1.0399
56.829	1.0464
57.537	1.0550
58.253	1.0657
58.978	1.0782
59.712	1.0919
60.456	1.1065
61.208	1.1219
61.97	1.1381
62.742	1.1551
63.523	1.1733
64.314	1.1928
65.114	1.2140
65.925	1.2368
66.745	1.2608
67.576	1.2849
68.418	1.3077
69.269	1.3279
70.132	1.3442
71.005	1.3563
71.889	1.3648
72.784	1.3709
73.69	1.3754
74.607	1.3792
75.536	1.3825
76.476	1.3854
77.428	1.3880
78.392	1.3901
79.368	1.3917
80.356	1.3925
81.356	1.3927
82.369	1.3923
83.394	1.3912
84.433	1.3899
85.484	1.3883
86.548	1.3868
87.625	1.3852
88.716	1.3835
89.82	1.3814
90.939	1.3784
92.071	1.3745
93.217	1.3696
94.377	1.3639
95.552	1.3576
96.742	1.3510
97.946	1.3442
99.165	1.3376
100.4	1.3312
101.65	1.3253
102.915	1.3199
104.196	1.3149
105.493	1.3104
106.806	1.3063
108.136	1.3025
109.482	1.2986
110.845	1.2945
112.225	1.2904
113.622	1.2863
115.037	1.2823
116.469	1.2783
117.919	1.2745
119.386	1.2707
120.873	1.2669
122.377	1.2629
123.901	1.2586
125.443	1.2538
127.005	1.2486
128.586	1.2428
130.187	1.2364
131.807	1.2296
133.448	1.2224
135.109	1.2150
136.791	1.2075
138.494	1.2002
140.218	1.1929
141.964	1.1858
143.731	1.1786
145.52	1.1715
147.332	1.1644
149.166	1.1574
151.023	1.1505
152.903	1.1438
154.806	1.1372
156.734	1.1309
158.685	1.1248
160.66	1.1190
162.66	1.1137
164.685	1.1084
166.735	1.1031
168.811	1.0976
170.912	1.0918
173.04	1.0856
175.194	1.0789
177.375	1.0717
179.583	1.0639
181.819	1.0556
184.082	1.0470
186.374	1.0380
188.694	1.0284
191.043	1.0182
193.421	1.0073
195.829	0.9960
198.267	0.9843
200.735	0.9723
203.234	0.9603
205.764	0.9483
208.325	0.9366
210.919	0.9251
213.544	0.9139
216.203	0.9029
218.894	0.8919
221.619	0.8809
224.378	0.8698
227.171	0.8586
229.999	0.8474
232.862	0.8362
235.761	0.8253
238.696	0.8145
241.668	0.8039
244.676	0.7934
247.722	0.7831
250.806	0.7730
253.928	0.7630
257.089	0.7531
260.29	0.7431
263.53	0.7330
266.81	0.7228
270.132	0.7116
273.495	0.7004
276.899	0.6892
280.346	0.6783
283.836	0.6677
287.37	0.6573
290.947	0.6472
294.569	0.6370
298.236	0.6270
301.949	0.6169
305.708	0.6071
309.513	0.5972
313.366	0.5874
317.267	0.5777
321.217	0.5680
325.216	0.5584
329.264	0.5492
333.363	0.5407
337.513	0.5330
341.715	0.5264
345.969	0.5206
350.276	0.5155
354.636	0.5107
359.051	0.5054
363.521	0.4991
368.046	0.4909
372.628	0.4802
377.266	0.4670
381.963	0.4520
386.718	0.4359
391.532	0.4197
396.406	0.4044
401.341	0.3902
406.337	0.3766
411.395	0.3632
416.517	0.3500
421.702	0.3373
426.951	0.3251
432.266	0.3135
437.648	0.3025
443.096	0.2920
448.612	0.2826
454.196	0.2738
459.851	0.2651
465.575	0.2565
471.371	0.2479
477.239	0.2394
483.18	0.2309
489.195	0.2226
495.285	0.2146
501.45	0.2071
507.693	0.1999
514.013	0.1934
520.412	0.1876
526.89	0.1826
533.449	0.1785
540.09	0.1749
546.814	0.1715
553.621	0.1677
560.513	0.1633
567.49	0.1579
574.555	0.1515
581.707	0.1445
588.949	0.1373
596.281	0.1306
603.703	0.1253
611.219	0.1221
618.828	0.1217
626.531	0.1239
634.331	0.1281
642.228	0.1335
650.222	0.1389
658.317	0.1433
666.512	0.1466
674.809	0.1489
683.21	0.1506
691.715	0.1514
700.326	0.1512
709.044	0.1500
717.871	0.1478
726.807	0.1449
735.855	0.1415
745.016	0.1379
754.29	0.1340
763.68	0.1300
773.187	0.1259
782.812	0.1218
792.557	0.1176
802.424	0.1133
812.413	0.1090
822.526	0.1045
832.766	0.1000
843.133	0.0954
853.629	0.0909
864.255	0.0864
875.014	0.0820
885.907	0.0776
896.935	0.0731
908.101	0.0685
919.406	0.0637
930.851	0.0588
942.439	0.0538
954.171	0.0486
966.049	0.0433
978.076	0.0380
990.251	0.0329
1002.579	0.0278
1015.06	0.0229
1027.696	0.0182
1040.489	0.0137
1053.442	0.0095
1066.556	0.0057
1079.833	0.0022
1093.276	-0.0009
1106.886	-0.0035
1120.665	-0.0055
1134.616	-0.0068
1148.741	-0.0074
1163.041	-0.0073
1177.519	-0.0064
1192.178	-0.0049
1207.019	-0.0029
1222.045	-0.0006
1237.258	0.0019
1252.66	0.0046
1268.254	0.0074
1284.042	0.0104
1300.027	0.0136
1316.211	0.0168
1332.596	0.0202
1349.185	0.0238
1365.981	0.0275
1382.985	0.0315
1400.202	0.0356
1417.633	0.0398
1435.28	0.0442
1453.148	0.0486
1471.238	0.0530
1489.553	0.0575
1508.096	0.0621
1526.87	0.0667
1545.877	0.0713
1565.121	0.0760
1584.605	0.0807
1604.332	0.0855
1624.303	0.0903
1644.524	0.0951
1664.996	0.1000
1685.723	0.1049
1706.708	0.1100
1727.955	0.1150
1749.466	0.1201
1771.244	0.1251
1793.294	0.1301
1815.618	0.1351
1838.221	0.1402
1861.104	0.1453
1884.272	0.1505
1907.729	0.1561
1931.478	0.1619
1955.523	0.1682
1979.866	0.1750
2004.513	0.1822
2029.467	0.1899
2054.731	0.1980
2080.31	0.2062
2106.207	0.2146
2132.427	0.2232
2158.973	0.2321
2185.849	0.2414
2213.06	0.2511
2240.61	0.2612
2268.503	0.2716
2296.743	0.2821
2325.334	0.2926
2354.282	0.3031
2383.59	0.3138
2413.262	0.3250
2443.305	0.3367
2473.721	0.3488
2504.515	0.3617
2535.693	0.3754
2567.26	0.3898
2599.219	0.4050
2631.576	0.4209
2664.335	0.4373
2697.503	0.4543
2731.084	0.4716
2765.082	0.4892
2799.504	0.5072
2834.354	0.5255
2869.638	0.5440
2905.362	0.5628
2941.53	0.5818
2978.148	0.6010
3015.222	0.6203
3052.758	0.6397
3090.761	0.6592
3129.237	0.6787
3168.192	0.6983
3207.632	0.7178
3247.563	0.7372
3287.991	0.7564
3328.923	0.7753
3370.364	0.7941
3412.32	0.8129
3454.799	0.8318
3497.807	0.8509
3541.351	0.8701
3585.436	0.8892
3630.07	0.9083
3675.26	0.9275
3721.012	0.9468
3767.334	0.9664
3814.233	0.9865
3861.715	1.0071
3909.789	1.0286
3958.46	1.0506
4007.738	1.0728
4057.63	1.0952
4108.142	1.1178
4159.283	1.1405
4211.061	1.1635
4263.483	1.1866
4316.559	1.2098
4370.294	1.2332
4424.699	1.2567
4479.781	1.2803
4535.548	1.3041
4592.01	1.3279
4649.175	1.3517
4707.051	1.3754
4765.648	1.3990
4824.975	1.4223
4885.039	1.4451
4945.852	1.4675
5007.421	1.4891
5069.757	1.5099
5132.87	1.5296
5196.768	1.5483
5261.46	1.5659
5326.959	1.5823
5393.273	1.5977
5460.413	1.6121
5528.388	1.6254
5597.209	1.6378
5666.887	1.6494
5737.433	1.6605
5808.857	1.6712
5881.169	1.6818
5954.383	1.6925
6028.507	1.7033
6103.555	1.7142
6179.536	1.7253
6256.464	1.7366
6334.349	1.7481
6413.204	1.7598
6493.04	1.7716
6573.87	1.7836
6655.706	1.7959
6738.562	1.8083
6822.448	1.8209
6907.379	1.8336
6993.367	1.8463
7080.426	1.8590
7168.568	1.8716
7257.808	1.8842
7348.158	1.8964
7439.633	1.9082
7532.248	1.9192
7626.015	1.9290
7720.949	1.9374
7817.065	1.9444
7914.377	1.9502
8012.901	1.9548
8112.652	1.9583
8213.645	1.9607
8315.894	1.9618
8419.416	1.9619
8524.228	1.9612
8630.343	1.9595
8737.78	1.9573
8846.555	1.9546
8956.683	1.9516
9068.182	1.9484
9181.069	1.9449
9295.362	1.9412
9411.078	1.9373
9528.233	1.9330
9646.849	1.9278
9766.939	1.9217
9888.525	1.9141
10011.625	1.9051
10136.257	1.8943
10262.44	1.8817
10390.195	1.8672
10519.54	1.8509
10650.495	1.8328
10783.08	1.8134
10917.316	1.7930
11053.223	1.7716
11190.821	1.7495
11330.133	1.7266
11471.179	1.7029
11613.98	1.6783
11758.561	1.6528
11904.939	1.6269
12053.141	1.6009
12203.188	1.5752
12355.102	1.5519
12508.907	1.5311
12664.627	1.5125
12822.286	1.4958
12981.907	1.4809
13143.516	1.4673
13307.136	1.4542
13472.793	1.4413
13640.512	1.4285
13810.319	1.4156
13982.24	1.4026
14156.302	1.3894
14332.529	1.3762
14510.951	1.3628
14691.595	1.3489
14874.486	1.3346
15059.655	1.3198
15247.129	1.3044
15436.937	1.2881
15629.106	1.2710
15823.669	1.2532
16020.654	1.2343
16220.091	1.2148
16422.01	1.1951
16626.443	1.1754
16833.422	1.1555
17042.977	1.1357
17255.141	1.1172
17469.945	1.0999
17687.424	1.0847
17907.609	1.0823
18130.537	1.0797
18356.24	1.0769
18584.752	1.0736
18816.107	1.0697
19050.346	1.0657
19287.498	1.0616
19527.604	1.0575
19770.697	1.0529
20016.816	1.0476
