Sens Factor =.42109dB, SERNO: 5838.tx
"Auto-generated 90-degree calibration file"
10.054	-7.1835
10.179	-7.0065
10.306	-6.8327
10.434	-6.6621
10.564	-6.4947
10.696	-6.3303
10.829	-6.1691
10.964	-6.0109
11.100	-5.8558
11.238	-5.7037
11.378	-5.5545
11.520	-5.4082
11.663	-5.2649
11.809	-5.1244
11.956	-4.9868
12.104	-4.8520
12.255	-4.7199
12.408	-4.5906
12.562	-4.4640
12.718	-4.3401
12.877	-4.2188
13.037	-4.1001
13.199	-3.9841
13.364	-3.8705
13.530	-3.7595
13.698	-3.6510
13.869	-3.5448
14.042	-3.4411
14.216	-3.3399
14.393	-3.2409
14.573	-3.1442
14.754	-3.0499
14.938	-2.9578
15.124	-2.8680
15.312	-2.7804
15.503	-2.6948
15.696	-2.6115
15.891	-2.5302
16.089	-2.4510
16.289	-2.3738
16.492	-2.2986
16.697	-2.2254
16.905	-2.1541
17.115	-2.0848
17.328	-2.0173
17.544	-1.9516
17.763	-1.8877
17.984	-1.8256
18.208	-1.7652
18.434	-1.7066
18.664	-1.6496
18.896	-1.5943
19.131	-1.5406
19.369	-1.4885
19.611	-1.4379
19.855	-1.3888
20.102	-1.3412
20.352	-1.2951
20.605	-1.2504
20.862	-1.2071
21.122	-1.1651
21.385	-1.1244
21.651	-1.0851
21.920	-1.0470
22.193	-1.0101
22.470	-0.9744
22.749	-0.9399
23.032	-0.9065
23.319	-0.8742
23.609	-0.8429
23.903	-0.8127
24.201	-0.7835
24.502	-0.7552
24.807	-0.7279
25.116	-0.7015
25.429	-0.6760
25.745	-0.6513
26.066	-0.6274
26.390	-0.6043
26.719	-0.5819
27.051	-0.5602
27.388	-0.5392
27.729	-0.5189
28.074	-0.4992
28.424	-0.4800
28.778	-0.4614
29.136	-0.4433
29.499	-0.4257
29.866	-0.4085
30.238	-0.3918
30.614	-0.3755
30.995	-0.3595
31.381	-0.3438
31.772	-0.3284
32.167	-0.3133
32.568	-0.2984
32.973	-0.2837
33.383	-0.2692
33.799	-0.2547
34.220	-0.2404
34.646	-0.2262
35.077	-0.2120
35.514	-0.1985
35.956	-0.1848
36.403	-0.1707
36.857	-0.1561
37.315	-0.1409
37.780	-0.1249
38.250	-0.1083
38.726	-0.0910
39.209	-0.0731
39.697	-0.0547
40.191	-0.0362
40.691	-0.0175
41.198	0.0010
41.711	0.0192
42.230	0.0370
42.756	0.0543
43.288	0.0707
43.827	0.0860
44.372	0.0999
44.925	0.1120
45.484	0.1221
46.050	0.1300
46.623	0.1357
47.204	0.1391
47.791	0.1403
48.386	0.1394
48.989	0.1366
49.599	0.1320
50.216	0.1258
50.841	0.1185
51.474	0.1110
52.115	0.1042
52.764	0.0993
53.420	0.0973
54.085	0.0990
54.759	0.1049
55.440	0.1149
56.131	0.1286
56.829	0.1450
57.537	0.1631
58.253	0.1822
58.978	0.2014
59.712	0.2200
60.456	0.2378
61.208	0.2544
61.970	0.2698
62.742	0.2836
63.523	0.2960
64.314	0.3066
65.114	0.3154
65.925	0.3221
66.745	0.3267
67.576	0.3289
68.418	0.3290
69.269	0.3270
70.132	0.3230
71.005	0.3174
71.889	0.3107
72.784	0.3033
73.690	0.2959
74.607	0.2889
75.536	0.2830
76.476	0.2783
77.428	0.2751
78.392	0.2734
79.368	0.2733
80.356	0.2746
81.356	0.2771
82.369	0.2805
83.394	0.2843
84.433	0.2881
85.484	0.2910
86.548	0.2922
87.625	0.2906
88.716	0.2852
89.820	0.2755
90.939	0.2611
92.071	0.2421
93.217	0.2191
94.377	0.1930
95.552	0.1647
96.742	0.1351
97.946	0.1049
99.165	0.0748
100.400	0.0451
101.650	0.0162
102.915	-0.0113
104.196	-0.0374
105.493	-0.0615
106.806	-0.0831
108.136	-0.1022
109.482	-0.1195
110.845	-0.1347
112.225	-0.1478
113.622	-0.1586
115.037	-0.1674
116.469	-0.1743
117.919	-0.1795
119.386	-0.1834
120.873	-0.1864
122.377	-0.1889
123.901	-0.1914
125.443	-0.1938
127.005	-0.1964
128.586	-0.1993
130.187	-0.2022
131.807	-0.2051
133.448	-0.2082
135.109	-0.2113
136.791	-0.2142
138.494	-0.2166
140.218	-0.2187
141.964	-0.2202
143.731	-0.2214
145.520	-0.2223
147.332	-0.2229
149.166	-0.2233
151.023	-0.2234
152.903	-0.2232
154.806	-0.2227
156.734	-0.2217
158.685	-0.2204
160.660	-0.2188
162.660	-0.2174
164.685	-0.2160
166.735	-0.2149
168.811	-0.2142
170.912	-0.2142
173.040	-0.2148
175.194	-0.2166
177.375	-0.2201
179.583	-0.2249
181.819	-0.2302
184.082	-0.2359
186.374	-0.2419
188.694	-0.2482
191.043	-0.2546
193.421	-0.2609
195.829	-0.2673
198.267	-0.2733
200.735	-0.2787
203.234	-0.2835
205.764	-0.2869
208.325	-0.2900
210.919	-0.2925
213.544	-0.2947
216.203	-0.2968
218.894	-0.2987
221.619	-0.3005
224.378	-0.3021
227.171	-0.3039
229.999	-0.3056
232.862	-0.3075
235.761	-0.3095
238.696	-0.3118
241.668	-0.3143
244.676	-0.3173
247.722	-0.3211
250.806	-0.3259
253.928	-0.3320
257.089	-0.3396
260.290	-0.3483
263.530	-0.3578
266.810	-0.3685
270.132	-0.3768
273.495	-0.3841
276.899	-0.3907
280.346	-0.3964
283.836	-0.4016
287.370	-0.4063
290.947	-0.4105
294.569	-0.4143
298.236	-0.4176
301.949	-0.4208
305.708	-0.4239
309.513	-0.4270
313.366	-0.4302
317.267	-0.4336
321.217	-0.4372
325.216	-0.4413
329.264	-0.4460
333.363	-0.4514
337.513	-0.4573
341.715	-0.4642
345.969	-0.4712
350.276	-0.4783
354.636	-0.4853
359.051	-0.4923
363.521	-0.4995
368.046	-0.5069
372.628	-0.5146
377.266	-0.5225
381.963	-0.5304
386.718	-0.5378
391.532	-0.5433
396.406	-0.5454
401.341	-0.5434
406.337	-0.5388
411.395	-0.5335
416.517	-0.5282
421.702	-0.5229
426.951	-0.5175
432.266	-0.5120
437.648	-0.5064
443.096	-0.4999
448.612	-0.4956
454.196	-0.4920
459.851	-0.4886
465.575	-0.4855
471.371	-0.4824
477.239	-0.4792
483.180	-0.4759
489.195	-0.4725
495.285	-0.4690
501.450	-0.4652
507.693	-0.4614
514.013	-0.4572
520.412	-0.4527
526.890	-0.4479
533.449	-0.4427
540.090	-0.4370
546.814	-0.4308
553.621	-0.4240
560.513	-0.4169
567.490	-0.4096
574.555	-0.4021
581.707	-0.3945
588.949	-0.3869
596.281	-0.3794
603.703	-0.3718
611.219	-0.3639
618.828	-0.3558
626.531	-0.3473
634.331	-0.3384
642.228	-0.3299
650.222	-0.3228
658.317	-0.3185
666.512	-0.3174
674.809	-0.3175
683.210	-0.3166
691.715	-0.3136
700.326	-0.3084
709.044	-0.3010
717.871	-0.2921
726.807	-0.2824
735.855	-0.2723
745.016	-0.2619
754.290	-0.2517
763.680	-0.2418
773.187	-0.2326
782.812	-0.2236
792.557	-0.2149
802.424	-0.2066
812.413	-0.1985
822.526	-0.1907
832.766	-0.1832
843.133	-0.1758
853.629	-0.1690
864.255	-0.1629
875.014	-0.1577
885.907	-0.1536
896.935	-0.1507
908.101	-0.1489
919.406	-0.1484
930.851	-0.1487
942.439	-0.1500
954.171	-0.1520
966.049	-0.1548
978.076	-0.1582
990.251	-0.1621
1002.579	-0.1664
1015.060	-0.1710
1027.696	-0.1758
1040.489	-0.1807
1053.442	-0.1852
1066.556	-0.1895
1079.833	-0.1934
1093.276	-0.1971
1106.886	-0.2008
1120.665	-0.2046
1134.616	-0.2089
1148.741	-0.2138
1163.041	-0.2194
1177.519	-0.2258
1192.178	-0.2325
1207.019	-0.2394
1222.045	-0.2465
1237.258	-0.2534
1252.660	-0.2599
1268.254	-0.2662
1284.042	-0.2722
1300.027	-0.2779
1316.211	-0.2833
1332.596	-0.2886
1349.185	-0.2937
1365.981	-0.2991
1382.985	-0.3045
1400.202	-0.3095
1417.633	-0.3141
1435.280	-0.3179
1453.148	-0.3210
1471.238	-0.3231
1489.553	-0.3242
1508.096	-0.3244
1526.870	-0.3238
1545.877	-0.3226
1565.121	-0.3209
1584.605	-0.3192
1604.332	-0.3172
1624.303	-0.3153
1644.524	-0.3131
1664.996	-0.3108
1685.723	-0.3082
1706.708	-0.3057
1727.955	-0.3038
1749.466	-0.3022
1771.244	-0.3007
1793.294	-0.2997
1815.618	-0.2988
1838.221	-0.2980
1861.104	-0.2976
1884.272	-0.2972
1907.729	-0.2969
1931.478	-0.2973
1955.523	-0.2978
1979.866	-0.2980
2004.513	-0.2980
2029.467	-0.2976
2054.731	-0.2969
2080.310	-0.2960
2106.207	-0.2951
2132.427	-0.2942
2158.973	-0.2937
2185.849	-0.2934
2213.060	-0.2934
2240.610	-0.2933
2268.503	-0.2937
2296.743	-0.2944
2325.334	-0.2952
2354.282	-0.2965
2383.590	-0.2977
2413.262	-0.2983
2443.305	-0.2985
2473.721	-0.2982
2504.515	-0.2972
2535.693	-0.2954
2567.260	-0.2930
2599.219	-0.2901
2631.576	-0.2865
2664.335	-0.2823
2697.503	-0.2774
2731.084	-0.2720
2765.082	-0.2663
2799.504	-0.2605
2834.354	-0.2548
2869.638	-0.2491
2905.362	-0.2441
2941.530	-0.2393
2978.148	-0.2345
3015.222	-0.2298
3052.758	-0.2252
3090.761	-0.2209
3129.237	-0.2167
3168.192	-0.2126
3207.632	-0.2087
3247.563	-0.2054
3287.991	-0.2028
3328.923	-0.2005
3370.364	-0.1988
3412.320	-0.1974
3454.799	-0.1965
3497.807	-0.1959
3541.351	-0.1956
3585.436	-0.1953
3630.070	-0.1949
3675.260	-0.1943
3721.012	-0.1938
3767.334	-0.1926
3814.233	-0.1908
3861.715	-0.1885
3909.789	-0.1857
3958.460	-0.1829
4007.738	-0.1802
4057.630	-0.1779
4108.142	-0.1766
4159.283	-0.1756
4211.061	-0.1750
4263.483	-0.1749
4316.559	-0.1752
4370.294	-0.1758
4424.699	-0.1769
4479.781	-0.1783
4535.548	-0.1798
4592.010	-0.1815
4649.175	-0.1836
4707.051	-0.1858
4765.648	-0.1883
4824.975	-0.1913
4885.039	-0.1964
4945.852	-0.2026
5007.421	-0.2097
5069.757	-0.2180
5132.870	-0.2278
5196.768	-0.2398
5261.460	-0.2531
5326.959	-0.2678
5393.273	-0.2838
5460.413	-0.3012
5528.388	-0.3199
5597.209	-0.3401
5666.887	-0.3617
5737.433	-0.3843
5808.857	-0.4074
5881.169	-0.4312
5954.383	-0.4559
6028.507	-0.4814
6103.555	-0.5075
6179.536	-0.5343
6256.464	-0.5615
6334.349	-0.5890
6413.204	-0.6170
6493.040	-0.6454
6573.870	-0.6744
6655.706	-0.7038
6738.562	-0.7339
6822.448	-0.7645
6907.379	-0.7956
6993.367	-0.8273
7080.426	-0.8599
7168.568	-0.8932
7257.808	-0.9273
7348.158	-0.9618
7439.633	-0.9975
7532.248	-1.0351
7626.015	-1.0750
7720.949	-1.1162
7817.065	-1.1587
7914.377	-1.2025
8012.901	-1.2475
8112.652	-1.2936
8213.645	-1.3393
8315.894	-1.3858
8419.416	-1.4328
8524.228	-1.4802
8630.343	-1.5284
8737.780	-1.5769
8846.555	-1.6257
8956.683	-1.6753
9068.182	-1.7256
9181.069	-1.7765
9295.362	-1.8279
9411.078	-1.8801
9528.233	-1.9334
9646.849	-1.9879
9766.939	-2.0446
9888.525	-2.1031
10011.625	-2.1631
10136.257	-2.2250
10262.440	-2.2887
10390.195	-2.3533
10519.540	-2.4203
10650.495	-2.4898
10783.080	-2.5619
10917.316	-2.6366
11053.223	-2.7137
11190.821	-2.7929
11330.133	-2.8744
11471.179	-2.9580
11613.980	-3.0426
11758.561	-3.1283
11904.939	-3.2145
12053.141	-3.3012
12203.188	-3.3881
12355.102	-3.4744
12508.907	-3.5609
12664.627	-3.6481
12822.286	-3.7362
12981.907	-3.8250
13143.516	-3.9149
13307.136	-4.0065
13472.793	-4.1002
13640.512	-4.1959
13810.319	-4.2929
13982.240	-4.3914
14156.302	-4.4918
14332.529	-4.5936
14510.951	-4.6967
14691.595	-4.8005
14874.486	-4.9058
15059.655	-5.0124
15247.129	-5.1203
15436.937	-5.2288
15629.106	-5.3380
15823.669	-5.4480
16020.654	-5.5593
16220.091	-5.6715
16422.010	-5.7842
16626.443	-5.8974
16833.422	-6.0111
17042.977	-6.1251
17255.141	-6.2387
17469.945	-6.3515
17687.424	-6.4630
17907.609	-6.5521
18130.537	-6.6418
18356.240	-6.7317
18584.752	-6.8223
18816.107	-6.9138
19050.346	-7.0064
19287.498	-7.1005
19527.604	-7.1967
19770.697	-7.2953
20016.816	-7.3965
