Sens Factor =.70769dB, SERNO: 5829.tx
10.054	-7.4824
10.179	-7.3005
10.306	-7.1218
10.434	-6.9464
10.564	-6.7741
10.696	-6.6048
10.829	-6.4388
10.964	-6.2757
11.1	-6.1158
11.238	-5.9588
11.378	-5.8048
11.52	-5.6536
11.663	-5.5055
11.809	-5.3601
11.956	-5.2176
12.104	-5.0780
12.255	-4.9411
12.408	-4.8069
12.562	-4.6755
12.718	-4.5467
12.877	-4.4205
13.037	-4.2970
13.199	-4.1761
13.364	-4.0576
13.53	-3.9418
13.698	-3.8284
13.869	-3.7174
14.042	-3.6088
14.216	-3.5028
14.393	-3.3990
14.573	-3.2974
14.754	-3.1982
14.938	-3.1013
15.124	-3.0066
15.312	-2.9141
15.503	-2.8237
15.696	-2.7355
15.891	-2.6494
16.089	-2.5653
16.289	-2.4833
16.492	-2.4032
16.697	-2.3252
16.905	-2.2490
17.115	-2.1748
17.328	-2.1025
17.544	-2.0319
17.763	-1.9631
17.984	-1.8962
18.208	-1.8310
18.434	-1.7675
18.664	-1.7057
18.896	-1.6455
19.131	-1.5870
19.369	-1.5300
19.611	-1.4745
19.855	-1.4206
20.102	-1.3681
20.352	-1.3172
20.605	-1.2676
20.862	-1.2194
21.122	-1.1725
21.385	-1.1270
21.651	-1.0828
21.92	-1.0399
22.193	-0.9981
22.47	-0.9575
22.749	-0.9182
23.032	-0.8799
23.319	-0.8428
23.609	-0.8067
23.903	-0.7716
24.201	-0.7375
24.502	-0.7044
24.807	-0.6723
25.116	-0.6410
25.429	-0.6106
25.745	-0.5811
26.066	-0.5523
26.39	-0.5243
26.719	-0.4971
27.051	-0.4706
27.388	-0.4447
27.729	-0.4195
28.074	-0.3949
28.424	-0.3709
28.778	-0.3474
29.136	-0.3245
29.499	-0.3020
29.866	-0.2800
30.238	-0.2584
30.614	-0.2372
30.995	-0.2164
31.381	-0.1959
31.772	-0.1756
32.167	-0.1557
32.568	-0.1359
32.973	-0.1163
33.383	-0.0970
33.799	-0.0777
34.22	-0.0585
34.646	-0.0394
35.077	-0.0203
35.514	0.0001
35.956	0.0199
36.403	0.0389
36.857	0.0573
37.315	0.0751
37.78	0.0924
38.25	0.1094
38.726	0.1263
39.209	0.1434
39.697	0.1609
40.191	0.1788
40.691	0.1971
41.198	0.2154
41.711	0.2335
42.23	0.2507
42.756	0.2668
43.288	0.2818
43.827	0.2958
44.372	0.3092
44.925	0.3221
45.484	0.3348
46.05	0.3475
46.623	0.3602
47.204	0.3729
47.791	0.3857
48.386	0.3985
48.989	0.4111
49.599	0.4234
50.216	0.4353
50.841	0.4467
51.474	0.4576
52.115	0.4682
52.764	0.4785
53.42	0.4888
54.085	0.4992
54.759	0.5098
55.44	0.5205
56.131	0.5312
56.829	0.5417
57.537	0.5521
58.253	0.5623
58.978	0.5722
59.712	0.5820
60.456	0.5915
61.208	0.6009
61.97	0.6100
62.742	0.6187
63.523	0.6270
64.314	0.6346
65.114	0.6413
65.925	0.6470
66.745	0.6515
67.576	0.6550
68.418	0.6578
69.269	0.6604
70.132	0.6635
71.005	0.6674
71.889	0.6723
72.784	0.6782
73.69	0.6848
74.607	0.6920
75.536	0.6995
76.476	0.7071
77.428	0.7147
78.392	0.7224
79.368	0.7301
80.356	0.7377
81.356	0.7453
82.369	0.7534
83.394	0.7621
84.433	0.7715
85.484	0.7816
86.548	0.7924
87.625	0.8037
88.716	0.8152
89.82	0.8268
90.939	0.8382
92.071	0.8495
93.217	0.8604
94.377	0.8712
95.552	0.8817
96.742	0.8920
97.946	0.9020
99.165	0.9118
100.4	0.9212
101.65	0.9302
102.915	0.9385
104.196	0.9461
105.493	0.9525
106.806	0.9576
108.136	0.9615
109.482	0.9649
110.845	0.9677
112.225	0.9701
113.622	0.9720
115.037	0.9734
116.469	0.9744
117.919	0.9749
119.386	0.9750
120.873	0.9746
122.377	0.9739
123.901	0.9727
125.443	0.9712
127.005	0.9692
128.586	0.9667
130.187	0.9638
131.807	0.9605
133.448	0.9570
135.109	0.9533
136.791	0.9491
138.494	0.9445
140.218	0.9395
141.964	0.9341
143.731	0.9283
145.52	0.9221
147.332	0.9157
149.166	0.9092
151.023	0.9025
152.903	0.8958
154.806	0.8889
156.734	0.8820
158.685	0.8751
160.66	0.8683
162.66	0.8617
164.685	0.8552
166.735	0.8487
168.811	0.8424
170.912	0.8365
173.04	0.8312
175.194	0.8266
177.375	0.8233
179.583	0.8209
181.819	0.8186
184.082	0.8164
186.374	0.8142
188.694	0.8119
191.043	0.8093
193.421	0.8065
195.829	0.8037
198.267	0.8010
200.735	0.7986
203.234	0.7964
205.764	0.7947
208.325	0.7932
210.919	0.7921
213.544	0.7913
216.203	0.7906
218.894	0.7898
221.619	0.7885
224.378	0.7867
227.171	0.7844
229.999	0.7815
232.862	0.7783
235.761	0.7747
238.696	0.7708
241.668	0.7664
244.676	0.7615
247.722	0.7561
250.806	0.7502
253.928	0.7435
257.089	0.7363
260.29	0.7286
263.53	0.7205
266.81	0.7118
270.132	0.7031
273.495	0.6943
276.899	0.6856
280.346	0.6772
283.836	0.6691
287.37	0.6613
290.947	0.6537
294.569	0.6462
298.236	0.6387
301.949	0.6313
305.708	0.6241
309.513	0.6169
313.366	0.6096
317.267	0.6024
321.217	0.5949
325.216	0.5871
329.264	0.5790
333.363	0.5708
337.513	0.5627
341.715	0.5549
345.969	0.5475
350.276	0.5404
354.636	0.5334
359.051	0.5259
363.521	0.5172
368.046	0.5067
372.628	0.4934
377.266	0.4771
381.963	0.4581
386.718	0.4375
391.532	0.4170
396.406	0.3987
401.341	0.3843
406.337	0.3734
411.395	0.3641
416.517	0.3556
421.702	0.3474
426.951	0.3392
432.266	0.3310
437.648	0.3228
443.096	0.3147
448.612	0.3062
454.196	0.2974
459.851	0.2883
465.575	0.2789
471.371	0.2693
477.239	0.2594
483.18	0.2492
489.195	0.2391
495.285	0.2288
501.45	0.2185
507.693	0.2081
514.013	0.1977
520.412	0.1875
526.89	0.1777
533.449	0.1685
540.09	0.1600
546.814	0.1519
553.621	0.1442
560.513	0.1365
567.49	0.1286
574.555	0.1205
581.707	0.1121
588.949	0.1039
596.281	0.0964
603.703	0.0905
611.219	0.0870
618.828	0.0871
626.531	0.0908
634.331	0.0978
642.228	0.1072
650.222	0.1171
658.317	0.1255
666.512	0.1306
674.809	0.1329
683.21	0.1336
691.715	0.1335
700.326	0.1330
709.044	0.1321
717.871	0.1307
726.807	0.1289
735.855	0.1269
745.016	0.1247
754.29	0.1224
763.68	0.1200
773.187	0.1175
782.812	0.1149
792.557	0.1123
802.424	0.1095
812.413	0.1067
822.526	0.1038
832.766	0.1007
843.133	0.0977
853.629	0.0946
864.255	0.0915
875.014	0.0883
885.907	0.0849
896.935	0.0810
908.101	0.0766
919.406	0.0714
930.851	0.0655
942.439	0.0588
954.171	0.0513
966.049	0.0431
978.076	0.0344
990.251	0.0254
1002.579	0.0164
1015.06	0.0075
1027.696	-0.0013
1040.489	-0.0099
1053.442	-0.0184
1066.556	-0.0268
1079.833	-0.0351
1093.276	-0.0435
1106.886	-0.0518
1120.665	-0.0598
1134.616	-0.0672
1148.741	-0.0740
1163.041	-0.0799
1177.519	-0.0848
1192.178	-0.0889
1207.019	-0.0923
1222.045	-0.0951
1237.258	-0.0975
1252.66	-0.0995
1268.254	-0.1014
1284.042	-0.1030
1300.027	-0.1046
1316.211	-0.1061
1332.596	-0.1075
1349.185	-0.1088
1365.981	-0.1099
1382.985	-0.1107
1400.202	-0.1110
1417.633	-0.1110
1435.28	-0.1106
1453.148	-0.1097
1471.238	-0.1085
1489.553	-0.1067
1508.096	-0.1045
1526.87	-0.1018
1545.877	-0.0986
1565.121	-0.0947
1584.605	-0.0904
1604.332	-0.0854
1624.303	-0.0802
1644.524	-0.0746
1664.996	-0.0689
1685.723	-0.0633
1706.708	-0.0578
1727.955	-0.0525
1749.466	-0.0474
1771.244	-0.0425
1793.294	-0.0377
1815.618	-0.0329
1838.221	-0.0280
1861.104	-0.0231
1884.272	-0.0180
1907.729	-0.0127
1931.478	-0.0072
1955.523	-0.0012
1979.866	0.0051
2004.513	0.0118
2029.467	0.0191
2054.731	0.0268
2080.31	0.0348
2106.207	0.0431
2132.427	0.0519
2158.973	0.0611
2185.849	0.0710
2213.06	0.0813
2240.61	0.0921
2268.503	0.1032
2296.743	0.1144
2325.334	0.1259
2354.282	0.1380
2383.59	0.1510
2413.262	0.1653
2443.305	0.1806
2473.721	0.1969
2504.515	0.2141
2535.693	0.2321
2567.26	0.2509
2599.219	0.2702
2631.576	0.2902
2664.335	0.3106
2697.503	0.3315
2731.084	0.3526
2765.082	0.3741
2799.504	0.3958
2834.354	0.4177
2869.638	0.4400
2905.362	0.4626
2941.53	0.4854
2978.148	0.5085
3015.222	0.5317
3052.758	0.5550
3090.761	0.5783
3129.237	0.6017
3168.192	0.6252
3207.632	0.6487
3247.563	0.6723
3287.991	0.6960
3328.923	0.7198
3370.364	0.7437
3412.32	0.7676
3454.799	0.7918
3497.807	0.8164
3541.351	0.8412
3585.436	0.8662
3630.07	0.8914
3675.26	0.9170
3721.012	0.9428
3767.334	0.9692
3814.233	0.9963
3861.715	1.0242
3909.789	1.0530
3958.46	1.0823
4007.738	1.1118
4057.63	1.1417
4108.142	1.1719
4159.283	1.2023
4211.061	1.2329
4263.483	1.2639
4316.559	1.2951
4370.294	1.3265
4424.699	1.3581
4479.781	1.3899
4535.548	1.4218
4592.01	1.4538
4649.175	1.4860
4707.051	1.5183
4765.648	1.5505
4824.975	1.5827
4885.039	1.6147
4945.852	1.6463
5007.421	1.6776
5069.757	1.7084
5132.87	1.7387
5196.768	1.7685
5261.46	1.7978
5326.959	1.8266
5393.273	1.8549
5460.413	1.8827
5528.388	1.9099
5597.209	1.9368
5666.887	1.9632
5737.433	1.9894
5808.857	2.0154
5881.169	2.0414
5954.383	2.0674
6028.507	2.0934
6103.555	2.1194
6179.536	2.1455
6256.464	2.1717
6334.349	2.1978
6413.204	2.2239
6493.04	2.2496
6573.87	2.2748
6655.706	2.2998
6738.562	2.3245
6822.448	2.3490
6907.379	2.3732
6993.367	2.3972
7080.426	2.4210
7168.568	2.4446
7257.808	2.4679
7348.158	2.4907
7439.633	2.5128
7532.248	2.5338
7626.015	2.5533
7720.949	2.5709
7817.065	2.5869
7914.377	2.6012
8012.901	2.6142
8112.652	2.6258
8213.645	2.6358
8315.894	2.6443
8419.416	2.6514
8524.228	2.6571
8630.343	2.6613
8737.78	2.6643
8846.555	2.6661
8956.683	2.6670
9068.182	2.6668
9181.069	2.6658
9295.362	2.6637
9411.078	2.6607
9528.233	2.6566
9646.849	2.6512
9766.939	2.6443
9888.525	2.6356
10011.625	2.6250
10136.257	2.6125
10262.44	2.5978
10390.195	2.5811
10519.54	2.5623
10650.495	2.5413
10783.08	2.5184
10917.316	2.4938
11053.223	2.4677
11190.821	2.4405
11330.133	2.4123
11471.179	2.3832
11613.98	2.3532
11758.561	2.3226
11904.939	2.2918
12053.141	2.2610
12203.188	2.2306
12355.102	2.2028
12508.907	2.1772
12664.627	2.1538
12822.286	2.1323
12981.907	2.1124
13143.516	2.0937
13307.136	2.0753
13472.793	2.0571
13640.512	2.0388
13810.319	2.0204
13982.24	2.0018
14156.302	1.9830
14332.529	1.9642
14510.951	1.9452
14691.595	1.9258
14874.486	1.9061
15059.655	1.8859
15247.129	1.8654
15436.937	1.8443
15629.106	1.8225
15823.669	1.8002
16020.654	1.7768
16220.091	1.7531
16422.01	1.7292
16626.443	1.7055
16833.422	1.6822
17042.977	1.6594
17255.141	1.6384
17469.945	1.6196
17687.424	1.6041
17907.609	1.6000
18130.537	1.5960
18356.24	1.5922
18584.752	1.5880
18816.107	1.5834
19050.346	1.5785
19287.498	1.5733
19527.604	1.5677
19770.697	1.5611
20016.816	1.5534
