Sens Factor =.43970dB, SERNO: 5812.tx
"Auto-generated 90-degree calibration file"
10.054	-8.7621
10.179	-8.5678
10.306	-8.3767
10.434	-8.1889
10.564	-8.0042
10.696	-7.8225
10.829	-7.6441
10.964	-7.4687
11.100	-7.2964
11.238	-7.1271
11.378	-6.9606
11.520	-6.7971
11.663	-6.6366
11.809	-6.4787
11.956	-6.3239
12.104	-6.1720
12.255	-6.0226
12.408	-5.8760
12.562	-5.7322
12.718	-5.5911
12.877	-5.4525
13.037	-5.3166
13.199	-5.1834
13.364	-5.0524
13.530	-4.9242
13.698	-4.7985
13.869	-4.6751
14.042	-4.5541
14.216	-4.4357
14.393	-4.3195
14.573	-4.2055
14.754	-4.0940
14.938	-3.9847
15.124	-3.8776
15.312	-3.7727
15.503	-3.6699
15.696	-3.5693
15.891	-3.4709
16.089	-3.3744
16.289	-3.2800
16.492	-3.1876
16.697	-3.0971
16.905	-3.0086
17.115	-2.9221
17.328	-2.8373
17.544	-2.7544
17.763	-2.6732
17.984	-2.5939
18.208	-2.5162
18.434	-2.4405
18.664	-2.3662
18.896	-2.2937
19.131	-2.2227
19.369	-2.1534
19.611	-2.0854
19.855	-2.0192
20.102	-1.9544
20.352	-1.8910
20.605	-1.8291
20.862	-1.7685
21.122	-1.7092
21.385	-1.6513
21.651	-1.5947
21.920	-1.5394
22.193	-1.4853
22.470	-1.4323
22.749	-1.3806
23.032	-1.3300
23.319	-1.2804
23.609	-1.2320
23.903	-1.1845
24.201	-1.1380
24.502	-1.0926
24.807	-1.0480
25.116	-1.0043
25.429	-0.9615
25.745	-0.9197
26.066	-0.8785
26.390	-0.8382
26.719	-0.7985
27.051	-0.7597
27.388	-0.7214
27.729	-0.6838
28.074	-0.6469
28.424	-0.6104
28.778	-0.5746
29.136	-0.5393
29.499	-0.5044
29.866	-0.4700
30.238	-0.4360
30.614	-0.4025
30.995	-0.3692
31.381	-0.3363
31.772	-0.3037
32.167	-0.2714
32.568	-0.2392
32.973	-0.2073
33.383	-0.1755
33.799	-0.1438
34.220	-0.1123
34.646	-0.0808
35.077	-0.0493
35.514	-0.0154
35.956	0.0173
36.403	0.0488
36.857	0.0791
37.315	0.1079
37.780	0.1353
38.250	0.1609
38.726	0.1848
39.209	0.2066
39.697	0.2266
40.191	0.2448
40.691	0.2618
41.198	0.2783
41.711	0.2949
42.230	0.3124
42.756	0.3311
43.288	0.3508
43.827	0.3709
44.372	0.3911
44.925	0.4110
45.484	0.4305
46.050	0.4495
46.623	0.4681
47.204	0.4862
47.791	0.5038
48.386	0.5209
48.989	0.5372
49.599	0.5526
50.216	0.5668
50.841	0.5794
51.474	0.5901
52.115	0.5984
52.764	0.6039
53.420	0.6064
54.085	0.6060
54.759	0.6033
55.440	0.5991
56.131	0.5942
56.829	0.5895
57.537	0.5855
58.253	0.5825
58.978	0.5806
59.712	0.5798
60.456	0.5800
61.208	0.5810
61.970	0.5829
62.742	0.5856
63.523	0.5895
64.314	0.5947
65.114	0.6014
65.925	0.6098
66.745	0.6198
67.576	0.6307
68.418	0.6420
69.269	0.6529
70.132	0.6626
71.005	0.6706
71.889	0.6771
72.784	0.6822
73.690	0.6863
74.607	0.6896
75.536	0.6923
76.476	0.6943
77.428	0.6956
78.392	0.6962
79.368	0.6961
80.356	0.6951
81.356	0.6934
82.369	0.6911
83.394	0.6882
84.433	0.6851
85.484	0.6820
86.548	0.6792
87.625	0.6770
88.716	0.6754
89.820	0.6745
90.939	0.6744
92.071	0.6749
93.217	0.6759
94.377	0.6769
95.552	0.6779
96.742	0.6786
97.946	0.6790
99.165	0.6789
100.400	0.6785
101.650	0.6777
102.915	0.6767
104.196	0.6755
105.493	0.6740
106.806	0.6721
108.136	0.6698
109.482	0.6669
110.845	0.6632
112.225	0.6589
113.622	0.6538
115.037	0.6481
116.469	0.6419
117.919	0.6352
119.386	0.6281
120.873	0.6208
122.377	0.6134
123.901	0.6058
125.443	0.5980
127.005	0.5902
128.586	0.5821
130.187	0.5739
131.807	0.5657
133.448	0.5574
135.109	0.5492
136.791	0.5412
138.494	0.5335
140.218	0.5261
141.964	0.5189
143.731	0.5118
145.520	0.5050
147.332	0.4982
149.166	0.4916
151.023	0.4852
152.903	0.4788
154.806	0.4725
156.734	0.4662
158.685	0.4601
160.660	0.4540
162.660	0.4480
164.685	0.4418
166.735	0.4353
168.811	0.4283
170.912	0.4206
173.040	0.4123
175.194	0.4032
177.375	0.3934
179.583	0.3830
181.819	0.3722
184.082	0.3608
186.374	0.3490
188.694	0.3366
191.043	0.3236
193.421	0.3099
195.829	0.2959
198.267	0.2817
200.735	0.2674
203.234	0.2537
205.764	0.2413
208.325	0.2298
210.919	0.2195
213.544	0.2107
216.203	0.2032
218.894	0.1960
221.619	0.1888
224.378	0.1815
227.171	0.1743
229.999	0.1670
232.862	0.1599
235.761	0.1530
238.696	0.1463
241.668	0.1397
244.676	0.1332
247.722	0.1264
250.806	0.1192
253.928	0.1112
257.089	0.1026
260.290	0.0934
263.530	0.0841
266.810	0.0738
270.132	0.0653
273.495	0.0578
276.899	0.0513
280.346	0.0457
283.836	0.0410
287.370	0.0370
290.947	0.0339
294.569	0.0315
298.236	0.0297
301.949	0.0282
305.708	0.0273
309.513	0.0266
313.366	0.0265
317.267	0.0266
321.217	0.0269
325.216	0.0273
329.264	0.0277
333.363	0.0280
337.513	0.0282
341.715	0.0276
345.969	0.0267
350.276	0.0254
354.636	0.0230
359.051	0.0195
363.521	0.0151
368.046	0.0094
372.628	0.0016
377.266	-0.0089
381.963	-0.0215
386.718	-0.0353
391.532	-0.0490
396.406	-0.0605
401.341	-0.0685
406.337	-0.0742
411.395	-0.0790
416.517	-0.0832
421.702	-0.0871
426.951	-0.0903
432.266	-0.0930
437.648	-0.0951
443.096	-0.0962
448.612	-0.0986
454.196	-0.1014
459.851	-0.1045
465.575	-0.1076
471.371	-0.1107
477.239	-0.1136
483.180	-0.1165
489.195	-0.1192
495.285	-0.1216
501.450	-0.1236
507.693	-0.1252
514.013	-0.1261
520.412	-0.1265
526.890	-0.1260
533.449	-0.1246
540.090	-0.1223
546.814	-0.1194
553.621	-0.1159
560.513	-0.1124
567.490	-0.1090
574.555	-0.1059
581.707	-0.1032
588.949	-0.1006
596.281	-0.0978
603.703	-0.0941
611.219	-0.0889
618.828	-0.0814
626.531	-0.0711
634.331	-0.0586
642.228	-0.0451
650.222	-0.0322
658.317	-0.0215
666.512	-0.0142
674.809	-0.0091
683.210	-0.0047
691.715	-0.0003
700.326	0.0042
709.044	0.0087
717.871	0.0128
726.807	0.0166
735.855	0.0201
745.016	0.0233
754.290	0.0261
763.680	0.0283
773.187	0.0297
782.812	0.0309
792.557	0.0317
802.424	0.0323
812.413	0.0324
822.526	0.0321
832.766	0.0313
843.133	0.0302
853.629	0.0284
864.255	0.0259
875.014	0.0229
885.907	0.0190
896.935	0.0143
908.101	0.0086
919.406	0.0020
930.851	-0.0052
942.439	-0.0135
954.171	-0.0222
966.049	-0.0315
978.076	-0.0411
990.251	-0.0508
1002.579	-0.0602
1015.060	-0.0691
1027.696	-0.0772
1040.489	-0.0844
1053.442	-0.0901
1066.556	-0.0948
1079.833	-0.0982
1093.276	-0.1007
1106.886	-0.1026
1120.665	-0.1038
1134.616	-0.1046
1148.741	-0.1050
1163.041	-0.1049
1177.519	-0.1044
1192.178	-0.1033
1207.019	-0.1018
1222.045	-0.1002
1237.258	-0.0985
1252.660	-0.0963
1268.254	-0.0940
1284.042	-0.0915
1300.027	-0.0888
1316.211	-0.0860
1332.596	-0.0831
1349.185	-0.0801
1365.981	-0.0774
1382.985	-0.0745
1400.202	-0.0714
1417.633	-0.0678
1435.280	-0.0638
1453.148	-0.0595
1471.238	-0.0547
1489.553	-0.0493
1508.096	-0.0435
1526.870	-0.0374
1545.877	-0.0307
1565.121	-0.0236
1584.605	-0.0162
1604.332	-0.0084
1624.303	-0.0005
1644.524	0.0075
1664.996	0.0154
1685.723	0.0229
1706.708	0.0296
1727.955	0.0348
1749.466	0.0390
1771.244	0.0425
1793.294	0.0451
1815.618	0.0474
1838.221	0.0496
1861.104	0.0516
1884.272	0.0538
1907.729	0.0563
1931.478	0.0586
1955.523	0.0611
1979.866	0.0640
2004.513	0.0673
2029.467	0.0711
2054.731	0.0750
2080.310	0.0791
2106.207	0.0830
2132.427	0.0871
2158.973	0.0911
2185.849	0.0950
2213.060	0.0991
2240.610	0.1033
2268.503	0.1074
2296.743	0.1119
2325.334	0.1169
2354.282	0.1225
2383.590	0.1296
2413.262	0.1381
2443.305	0.1478
2473.721	0.1584
2504.515	0.1701
2535.693	0.1829
2567.260	0.1964
2599.219	0.2103
2631.576	0.2248
2664.335	0.2397
2697.503	0.2550
2731.084	0.2706
2765.082	0.2862
2799.504	0.3019
2834.354	0.3174
2869.638	0.3329
2905.362	0.3476
2941.530	0.3622
2978.148	0.3767
3015.222	0.3910
3052.758	0.4049
3090.761	0.4184
3129.237	0.4315
3168.192	0.4442
3207.632	0.4564
3247.563	0.4679
3287.991	0.4785
3328.923	0.4888
3370.364	0.4986
3412.320	0.5084
3454.799	0.5181
3497.807	0.5278
3541.351	0.5376
3585.436	0.5475
3630.070	0.5576
3675.260	0.5680
3721.012	0.5787
3767.334	0.5899
3814.233	0.6018
3861.715	0.6138
3909.789	0.6263
3958.460	0.6385
4007.738	0.6505
4057.630	0.6622
4108.142	0.6732
4159.283	0.6842
4211.061	0.6951
4263.483	0.7060
4316.559	0.7168
4370.294	0.7276
4424.699	0.7380
4479.781	0.7484
4535.548	0.7587
4592.010	0.7688
4649.175	0.7788
4707.051	0.7887
4765.648	0.7983
4824.975	0.8076
4885.039	0.8150
4945.852	0.8214
5007.421	0.8273
5069.757	0.8322
5132.870	0.8361
5196.768	0.8381
5261.460	0.8392
5326.959	0.8393
5393.273	0.8386
5460.413	0.8368
5528.388	0.8339
5597.209	0.8301
5666.887	0.8253
5737.433	0.8199
5808.857	0.8143
5881.169	0.8086
5954.383	0.8027
6028.507	0.7966
6103.555	0.7902
6179.536	0.7836
6256.464	0.7768
6334.349	0.7697
6413.204	0.7622
6493.040	0.7539
6573.870	0.7448
6655.706	0.7349
6738.562	0.7244
6822.448	0.7133
6907.379	0.7019
6993.367	0.6901
7080.426	0.6777
7168.568	0.6652
7257.808	0.6524
7348.158	0.6398
7439.633	0.6262
7532.248	0.6111
7626.015	0.5938
7720.949	0.5748
7817.065	0.5541
7914.377	0.5317
8012.901	0.5076
8112.652	0.4818
8213.645	0.4555
8315.894	0.4274
8419.416	0.3977
8524.228	0.3664
8630.343	0.3332
8737.780	0.2987
8846.555	0.2629
8956.683	0.2259
9068.182	0.1876
9181.069	0.1481
9295.362	0.1074
9411.078	0.0656
9528.233	0.0223
9646.849	-0.0228
9766.939	-0.0709
9888.525	-0.1217
10011.625	-0.1749
10136.257	-0.2308
10262.440	-0.2893
10390.195	-0.3492
10519.540	-0.4120
10650.495	-0.4778
10783.080	-0.5466
10917.316	-0.6179
11053.223	-0.6917
11190.821	-0.7673
11330.133	-0.8446
11471.179	-0.9235
11613.980	-1.0034
11758.561	-1.0844
11904.939	-1.1663
12053.141	-1.2493
12203.188	-1.3334
12355.102	-1.4159
12508.907	-1.4974
12664.627	-1.5783
12822.286	-1.6586
12981.907	-1.7382
13143.516	-1.8175
13307.136	-1.8976
13472.793	-1.9788
13640.512	-2.0612
13810.319	-2.1440
13982.240	-2.2275
14156.302	-2.3121
14332.529	-2.3974
14510.951	-2.4833
14691.595	-2.5695
14874.486	-2.6569
15059.655	-2.7455
15247.129	-2.8351
15436.937	-2.9255
15629.106	-3.0169
15823.669	-3.1094
16020.654	-3.2039
16220.091	-3.2995
16422.010	-3.3955
16626.443	-3.4920
16833.422	-3.5890
17042.977	-3.6862
17255.141	-3.7825
17469.945	-3.8775
17687.424	-3.9698
17907.609	-4.0459
18130.537	-4.1226
18356.240	-4.1996
18584.752	-4.2777
18816.107	-4.3575
19050.346	-4.4390
19287.498	-4.5222
19527.604	-4.6078
19770.697	-4.6958
20016.816	-4.7858
