Sens Factor =-1.083dB, SERNO: 5891.tx
10.054	-7.3165
10.179	-7.1365
10.306	-6.9596
10.434	-6.7860
10.564	-6.6155
10.696	-6.4481
10.829	-6.2839
10.964	-6.1227
11.1	-5.9646
11.238	-5.8095
11.378	-5.6573
11.52	-5.5080
11.663	-5.3617
11.809	-5.2181
11.956	-5.0774
12.104	-4.9397
12.255	-4.8046
12.408	-4.6722
12.562	-4.5426
12.718	-4.4157
12.877	-4.2914
13.037	-4.1697
13.199	-4.0506
13.364	-3.9340
13.53	-3.8200
13.698	-3.7084
13.869	-3.5993
14.042	-3.4925
14.216	-3.3883
14.393	-3.2863
14.573	-3.1866
14.754	-3.0893
14.938	-2.9942
15.124	-2.9013
15.312	-2.8107
15.503	-2.7221
15.696	-2.6357
15.891	-2.5515
16.089	-2.4692
16.289	-2.3890
16.492	-2.3108
16.697	-2.2346
16.905	-2.1603
17.115	-2.0879
17.328	-2.0174
17.544	-1.9487
17.763	-1.8818
17.984	-1.8167
18.208	-1.7533
18.434	-1.6917
18.664	-1.6316
18.896	-1.5733
19.131	-1.5166
19.369	-1.4615
19.611	-1.4078
19.855	-1.3557
20.102	-1.3051
20.352	-1.2560
20.605	-1.2083
20.862	-1.1619
21.122	-1.1169
21.385	-1.0732
21.651	-1.0308
21.92	-0.9897
22.193	-0.9498
22.47	-0.9111
22.749	-0.8736
23.032	-0.8372
23.319	-0.8018
23.609	-0.7676
23.903	-0.7343
24.201	-0.7021
24.502	-0.6708
24.807	-0.6405
25.116	-0.6111
25.429	-0.5825
25.745	-0.5548
26.066	-0.5279
26.39	-0.5018
26.719	-0.4763
27.051	-0.4517
27.388	-0.4277
27.729	-0.4043
28.074	-0.3815
28.424	-0.3593
28.778	-0.3377
29.136	-0.3166
29.499	-0.2960
29.866	-0.2758
30.238	-0.2561
30.614	-0.2367
30.995	-0.2177
31.381	-0.1990
31.772	-0.1806
32.167	-0.1625
32.568	-0.1445
32.973	-0.1268
33.383	-0.1093
33.799	-0.0918
34.22	-0.0745
34.646	-0.0572
35.077	-0.0400
35.514	-0.0239
35.956	-0.0072
36.403	0.0101
36.857	0.0279
37.315	0.0462
37.78	0.0649
38.25	0.0840
38.726	0.1033
39.209	0.1229
39.697	0.1426
40.191	0.1623
40.691	0.1820
41.198	0.2017
41.711	0.2215
42.23	0.2411
42.756	0.2606
43.288	0.2798
43.827	0.2985
44.372	0.3163
44.925	0.3329
45.484	0.3480
46.05	0.3610
46.623	0.3717
47.204	0.3797
47.791	0.3845
48.386	0.3860
48.989	0.3842
49.599	0.3794
50.216	0.3725
50.841	0.3643
51.474	0.3562
52.115	0.3497
52.764	0.3465
53.42	0.3475
54.085	0.3537
54.759	0.3651
55.44	0.3816
56.131	0.4024
56.829	0.4264
57.537	0.4526
58.253	0.4800
58.978	0.5079
59.712	0.5357
60.456	0.5628
61.208	0.5892
61.97	0.6145
62.742	0.6384
63.523	0.6605
64.314	0.6805
65.114	0.6978
65.925	0.7122
66.745	0.7232
67.576	0.7307
68.418	0.7347
69.269	0.7353
70.132	0.7329
71.005	0.7280
71.889	0.7211
72.784	0.7129
73.69	0.7040
74.607	0.6950
75.536	0.6864
76.476	0.6786
77.428	0.6721
78.392	0.6672
79.368	0.6643
80.356	0.6638
81.356	0.6655
82.369	0.6693
83.394	0.6747
84.433	0.6806
85.484	0.6858
86.548	0.6887
87.625	0.6876
88.716	0.6814
89.82	0.6695
90.939	0.6517
92.071	0.6284
93.217	0.6005
94.377	0.5692
95.552	0.5356
96.742	0.5007
97.946	0.4655
99.165	0.4303
100.4	0.3956
101.65	0.3617
102.915	0.3285
104.196	0.2964
105.493	0.2655
106.806	0.2361
108.136	0.2085
109.482	0.1833
110.845	0.1608
112.225	0.1411
113.622	0.1242
115.037	0.1100
116.469	0.0983
117.919	0.0887
119.386	0.0808
120.873	0.0743
122.377	0.0688
123.901	0.0641
125.443	0.0600
127.005	0.0564
128.586	0.0533
130.187	0.0505
131.807	0.0481
133.448	0.0459
135.109	0.0439
136.791	0.0418
138.494	0.0396
140.218	0.0373
141.964	0.0349
143.731	0.0324
145.52	0.0297
147.332	0.0270
149.166	0.0243
151.023	0.0215
152.903	0.0188
154.806	0.0160
156.734	0.0129
158.685	0.0096
160.66	0.0058
162.66	0.0014
164.685	-0.0032
166.735	-0.0078
168.811	-0.0123
170.912	-0.0164
173.04	-0.0201
175.194	-0.0236
177.375	-0.0267
179.583	-0.0295
181.819	-0.0323
184.082	-0.0351
186.374	-0.0379
188.694	-0.0408
191.043	-0.0438
193.421	-0.0468
195.829	-0.0500
198.267	-0.0530
200.735	-0.0560
203.234	-0.0589
205.764	-0.0623
208.325	-0.0666
210.919	-0.0718
213.544	-0.0784
216.203	-0.0864
218.894	-0.0945
221.619	-0.1026
224.378	-0.1107
227.171	-0.1186
229.999	-0.1266
232.862	-0.1347
235.761	-0.1428
238.696	-0.1509
241.668	-0.1587
244.676	-0.1662
247.722	-0.1735
250.806	-0.1806
253.928	-0.1873
257.089	-0.1938
260.29	-0.1999
263.53	-0.2057
266.81	-0.2111
270.132	-0.2161
273.495	-0.2209
276.899	-0.2260
280.346	-0.2311
283.836	-0.2363
287.37	-0.2419
290.947	-0.2475
294.569	-0.2530
298.236	-0.2586
301.949	-0.2644
305.708	-0.2705
309.513	-0.2772
313.366	-0.2843
317.267	-0.2915
321.217	-0.2986
325.216	-0.3056
329.264	-0.3124
333.363	-0.3190
337.513	-0.3253
341.715	-0.3310
345.969	-0.3360
350.276	-0.3405
354.636	-0.3439
359.051	-0.3467
363.521	-0.3499
368.046	-0.3533
372.628	-0.3562
377.266	-0.3586
381.963	-0.3601
386.718	-0.3602
391.532	-0.3586
396.406	-0.3548
401.341	-0.3483
406.337	-0.3399
411.395	-0.3308
416.517	-0.3219
421.702	-0.3141
426.951	-0.3074
432.266	-0.3018
437.648	-0.2972
443.096	-0.2933
448.612	-0.2900
454.196	-0.2871
459.851	-0.2846
465.575	-0.2824
471.371	-0.2805
477.239	-0.2786
483.18	-0.2767
489.195	-0.2747
495.285	-0.2727
501.45	-0.2703
507.693	-0.2675
514.013	-0.2643
520.412	-0.2606
526.89	-0.2568
533.449	-0.2531
540.09	-0.2494
546.814	-0.2458
553.621	-0.2423
560.513	-0.2386
567.49	-0.2345
574.555	-0.2301
581.707	-0.2248
588.949	-0.2188
596.281	-0.2121
603.703	-0.2047
611.219	-0.1972
618.828	-0.1901
626.531	-0.1836
634.331	-0.1779
642.228	-0.1731
650.222	-0.1698
658.317	-0.1685
666.512	-0.1696
674.809	-0.1723
683.21	-0.1752
691.715	-0.1774
700.326	-0.1783
709.044	-0.1778
717.871	-0.1759
726.807	-0.1731
735.855	-0.1694
745.016	-0.1650
754.29	-0.1601
763.68	-0.1549
773.187	-0.1495
782.812	-0.1439
792.557	-0.1383
802.424	-0.1328
812.413	-0.1274
822.526	-0.1221
832.766	-0.1169
843.133	-0.1115
853.629	-0.1061
864.255	-0.1006
875.014	-0.0950
885.907	-0.0893
896.935	-0.0836
908.101	-0.0778
919.406	-0.0720
930.851	-0.0662
942.439	-0.0605
954.171	-0.0549
966.049	-0.0494
978.076	-0.0439
990.251	-0.0383
1002.579	-0.0329
1015.06	-0.0276
1027.696	-0.0225
1040.489	-0.0178
1053.442	-0.0136
1066.556	-0.0099
1079.833	-0.0068
1093.276	-0.0042
1106.886	-0.0023
1120.665	-0.0010
1134.616	-0.0005
1148.741	-0.0005
1163.041	-0.0012
1177.519	-0.0022
1192.178	-0.0035
1207.019	-0.0049
1222.045	-0.0063
1237.258	-0.0076
1252.66	-0.0086
1268.254	-0.0094
1284.042	-0.0099
1300.027	-0.0100
1316.211	-0.0098
1332.596	-0.0092
1349.185	-0.0083
1365.981	-0.0072
1382.985	-0.0058
1400.202	-0.0042
1417.633	-0.0024
1435.28	-0.0004
1453.148	0.0018
1471.238	0.0043
1489.553	0.0071
1508.096	0.0101
1526.87	0.0132
1545.877	0.0166
1565.121	0.0201
1584.605	0.0236
1604.332	0.0272
1624.303	0.0307
1644.524	0.0341
1664.996	0.0377
1685.723	0.0415
1706.708	0.0459
1727.955	0.0508
1749.466	0.0564
1771.244	0.0627
1793.294	0.0697
1815.618	0.0773
1838.221	0.0855
1861.104	0.0941
1884.272	0.1030
1907.729	0.1122
1931.478	0.1216
1955.523	0.1312
1979.866	0.1411
2004.513	0.1512
2029.467	0.1616
2054.731	0.1724
2080.31	0.1836
2106.207	0.1952
2132.427	0.2072
2158.973	0.2196
2185.849	0.2328
2213.06	0.2465
2240.61	0.2608
2268.503	0.2757
2296.743	0.2911
2325.334	0.3071
2354.282	0.3236
2383.59	0.3403
2413.262	0.3574
2443.305	0.3745
2473.721	0.3917
2504.515	0.4089
2535.693	0.4261
2567.26	0.4430
2599.219	0.4597
2631.576	0.4763
2664.335	0.4927
2697.503	0.5088
2731.084	0.5247
2765.082	0.5407
2799.504	0.5568
2834.354	0.5729
2869.638	0.5891
2905.362	0.6055
2941.53	0.6220
2978.148	0.6387
3015.222	0.6555
3052.758	0.6725
3090.761	0.6899
3129.237	0.7076
3168.192	0.7257
3207.632	0.7443
3247.563	0.7632
3287.991	0.7825
3328.923	0.8023
3370.364	0.8225
3412.32	0.8432
3454.799	0.8642
3497.807	0.8858
3541.351	0.9077
3585.436	0.9298
3630.07	0.9520
3675.26	0.9744
3721.012	0.9969
3767.334	1.0196
3814.233	1.0425
3861.715	1.0656
3909.789	1.0889
3958.46	1.1124
4007.738	1.1363
4057.63	1.1604
4108.142	1.1849
4159.283	1.2099
4211.061	1.2352
4263.483	1.2611
4316.559	1.2875
4370.294	1.3145
4424.699	1.3421
4479.781	1.3704
4535.548	1.3992
4592.01	1.4284
4649.175	1.4577
4707.051	1.4872
4765.648	1.5165
4824.975	1.5457
4885.039	1.5747
4945.852	1.6034
5007.421	1.6316
5069.757	1.6593
5132.87	1.6862
5196.768	1.7124
5261.46	1.7376
5326.959	1.7619
5393.273	1.7851
5460.413	1.8074
5528.388	1.8286
5597.209	1.8487
5666.887	1.8678
5737.433	1.8861
5808.857	1.9036
5881.169	1.9203
5954.383	1.9365
6028.507	1.9522
6103.555	1.9675
6179.536	1.9826
6256.464	1.9974
6334.349	2.0120
6413.204	2.0266
6493.04	2.0411
6573.87	2.0558
6655.706	2.0704
6738.562	2.0851
6822.448	2.0997
6907.379	2.1141
6993.367	2.1282
7080.426	2.1420
7168.568	2.1554
7257.808	2.1681
7348.158	2.1801
7439.633	2.1914
7532.248	2.2019
7626.015	2.2114
7720.949	2.2200
7817.065	2.2275
7914.377	2.2340
8012.901	2.2395
8112.652	2.2442
8213.645	2.2481
8315.894	2.2514
8419.416	2.2541
8524.228	2.2565
8630.343	2.2583
8737.78	2.2597
8846.555	2.2607
8956.683	2.2613
9068.182	2.2614
9181.069	2.2611
9295.362	2.2603
9411.078	2.2589
9528.233	2.2566
9646.849	2.2532
9766.939	2.2485
9888.525	2.2424
10011.625	2.2348
10136.257	2.2255
10262.44	2.2144
10390.195	2.2014
10519.54	2.1864
10650.495	2.1695
10783.08	2.1508
10917.316	2.1303
11053.223	2.1079
11190.821	2.0837
11330.133	2.0575
11471.179	2.0293
11613.98	1.9994
11758.561	1.9676
11904.939	1.9342
12053.141	1.8994
12203.188	1.8636
12355.102	1.8271
12508.907	1.7898
12664.627	1.7516
12822.286	1.7125
12981.907	1.6726
13143.516	1.6317
13307.136	1.5898
13472.793	1.5464
13640.512	1.5013
13810.319	1.4547
13982.24	1.4065
14156.302	1.3569
14332.529	1.3061
14510.951	1.2541
14691.595	1.2012
14874.486	1.1473
15059.655	1.0925
15247.129	1.0370
15436.937	0.9806
15629.106	0.9234
15823.669	0.8656
16020.654	0.8072
16220.091	0.7485
16422.01	0.6896
16626.443	0.6308
16833.422	0.5722
17042.977	0.5138
17255.141	0.4564
17469.945	0.4002
17687.424	0.3454
17907.609	0.3162
18130.537	0.2866
18356.24	0.2567
18584.752	0.2264
18816.107	0.1961
19050.346	0.1656
19287.498	0.1349
19527.604	0.1043
19770.697	0.0734
20016.816	0.0421
