Sens Factor =-.4486dB, SERNO: 5786.tx
"Auto-generated 90-degree calibration file"
10.054	-4.6277
10.179	-4.4654
10.306	-4.3062
10.434	-4.1503
10.564	-3.9975
10.696	-3.8478
10.829	-3.7013
10.964	-3.5578
11.100	-3.4173
11.238	-3.2798
11.378	-3.1453
11.520	-3.0138
11.663	-2.8851
11.809	-2.7593
11.956	-2.6363
12.104	-2.5162
12.255	-2.3988
12.408	-2.2841
12.562	-2.1722
12.718	-2.0629
12.877	-1.9563
13.037	-1.8523
13.199	-1.7509
13.364	-1.6520
13.530	-1.5556
13.698	-1.4617
13.869	-1.3703
14.042	-1.2813
14.216	-1.1947
14.393	-1.1104
14.573	-1.0284
14.754	-0.9488
14.938	-0.8713
15.124	-0.7962
15.312	-0.7232
15.503	-0.6523
15.696	-0.5836
15.891	-0.5170
16.089	-0.4525
16.289	-0.3900
16.492	-0.3294
16.697	-0.2709
16.905	-0.2143
17.115	-0.1596
17.328	-0.1067
17.544	-0.0557
17.763	-0.0065
17.984	0.0409
18.208	0.0866
18.434	0.1306
18.664	0.1729
18.896	0.2136
19.131	0.2526
19.369	0.2901
19.611	0.3260
19.855	0.3604
20.102	0.3933
20.352	0.4248
20.605	0.4549
20.862	0.4835
21.122	0.5108
21.385	0.5368
21.651	0.5615
21.920	0.5850
22.193	0.6072
22.470	0.6282
22.749	0.6481
23.032	0.6668
23.319	0.6845
23.609	0.7010
23.903	0.7166
24.201	0.7311
24.502	0.7447
24.807	0.7574
25.116	0.7691
25.429	0.7800
25.745	0.7900
26.066	0.7992
26.390	0.8077
26.719	0.8154
27.051	0.8224
27.388	0.8287
27.729	0.8344
28.074	0.8395
28.424	0.8440
28.778	0.8479
29.136	0.8513
29.499	0.8543
29.866	0.8568
30.238	0.8588
30.614	0.8605
30.995	0.8619
31.381	0.8629
31.772	0.8636
32.167	0.8640
32.568	0.8643
32.973	0.8643
33.383	0.8642
33.799	0.8639
34.220	0.8636
34.646	0.8632
35.077	0.8627
35.514	0.8587
35.956	0.8567
36.403	0.8565
36.857	0.8578
37.315	0.8605
37.780	0.8643
38.250	0.8690
38.726	0.8747
39.209	0.8814
39.697	0.8896
40.191	0.8993
40.691	0.9104
41.198	0.9222
41.711	0.9340
42.230	0.9448
42.756	0.9539
43.288	0.9608
43.827	0.9657
44.372	0.9687
44.925	0.9700
45.484	0.9696
46.050	0.9674
46.623	0.9631
47.204	0.9565
47.791	0.9474
48.386	0.9355
48.989	0.9211
49.599	0.9041
50.216	0.8851
50.841	0.8647
51.474	0.8442
52.115	0.8249
52.764	0.8084
53.420	0.7959
54.085	0.7883
54.759	0.7858
55.440	0.7882
56.131	0.7946
56.829	0.8039
57.537	0.8150
58.253	0.8268
58.978	0.8388
59.712	0.8506
60.456	0.8621
61.208	0.8733
61.970	0.8841
62.742	0.8945
63.523	0.9042
64.314	0.9128
65.114	0.9196
65.925	0.9240
66.745	0.9255
67.576	0.9239
68.418	0.9196
69.269	0.9135
70.132	0.9062
71.005	0.8985
71.889	0.8908
72.784	0.8830
73.690	0.8754
74.607	0.8680
75.536	0.8610
76.476	0.8548
77.428	0.8498
78.392	0.8463
79.368	0.8447
80.356	0.8453
81.356	0.8480
82.369	0.8529
83.394	0.8597
84.433	0.8676
85.484	0.8759
86.548	0.8838
87.625	0.8902
88.716	0.8943
89.820	0.8953
90.939	0.8927
92.071	0.8860
93.217	0.8752
94.377	0.8606
95.552	0.8427
96.742	0.8224
97.946	0.8005
99.165	0.7776
100.400	0.7539
101.650	0.7299
102.915	0.7058
104.196	0.6818
105.493	0.6581
106.806	0.6350
108.136	0.6129
109.482	0.5923
110.845	0.5736
112.225	0.5567
113.622	0.5418
115.037	0.5289
116.469	0.5179
117.919	0.5088
119.386	0.5013
120.873	0.4950
122.377	0.4897
123.901	0.4848
125.443	0.4801
127.005	0.4755
128.586	0.4708
130.187	0.4659
131.807	0.4607
133.448	0.4551
135.109	0.4491
136.791	0.4424
138.494	0.4350
140.218	0.4271
141.964	0.4187
143.731	0.4098
145.520	0.4007
147.332	0.3915
149.166	0.3820
151.023	0.3720
152.903	0.3615
154.806	0.3506
156.734	0.3392
158.685	0.3273
160.660	0.3150
162.660	0.3024
164.685	0.2891
166.735	0.2748
168.811	0.2599
170.912	0.2444
173.040	0.2283
175.194	0.2119
177.375	0.1952
179.583	0.1781
181.819	0.1602
184.082	0.1415
186.374	0.1217
188.694	0.1010
191.043	0.0793
193.421	0.0571
195.829	0.0346
198.267	0.0123
200.735	-0.0095
203.234	-0.0302
205.764	-0.0483
208.325	-0.0639
210.919	-0.0771
213.544	-0.0870
216.203	-0.0939
218.894	-0.0996
221.619	-0.1041
224.378	-0.1076
227.171	-0.1100
229.999	-0.1113
232.862	-0.1117
235.761	-0.1113
238.696	-0.1102
241.668	-0.1086
244.676	-0.1070
247.722	-0.1056
250.806	-0.1046
253.928	-0.1045
257.089	-0.1053
260.290	-0.1069
263.530	-0.1092
266.810	-0.1125
270.132	-0.1149
273.495	-0.1165
276.899	-0.1173
280.346	-0.1177
283.836	-0.1175
287.370	-0.1167
290.947	-0.1155
294.569	-0.1139
298.236	-0.1118
301.949	-0.1094
305.708	-0.1066
309.513	-0.1030
313.366	-0.0988
317.267	-0.0938
321.217	-0.0883
325.216	-0.0824
329.264	-0.0762
333.363	-0.0698
337.513	-0.0638
341.715	-0.0593
345.969	-0.0566
350.276	-0.0557
354.636	-0.0576
359.051	-0.0621
363.521	-0.0672
368.046	-0.0728
372.628	-0.0787
377.266	-0.0846
381.963	-0.0907
386.718	-0.0971
391.532	-0.1040
396.406	-0.1117
401.341	-0.1202
406.337	-0.1276
411.395	-0.1325
416.517	-0.1345
421.702	-0.1337
426.951	-0.1307
432.266	-0.1261
437.648	-0.1202
443.096	-0.1128
448.612	-0.1064
454.196	-0.1002
459.851	-0.0941
465.575	-0.0882
471.371	-0.0822
477.239	-0.0764
483.180	-0.0704
489.195	-0.0643
495.285	-0.0579
501.450	-0.0512
507.693	-0.0442
514.013	-0.0368
520.412	-0.0293
526.890	-0.0218
533.449	-0.0145
540.090	-0.0075
546.814	-0.0012
553.621	0.0043
560.513	0.0089
567.490	0.0126
574.555	0.0158
581.707	0.0186
588.949	0.0212
596.281	0.0240
603.703	0.0267
611.219	0.0292
618.828	0.0315
626.531	0.0333
634.331	0.0347
642.228	0.0359
650.222	0.0370
658.317	0.0387
666.512	0.0409
674.809	0.0421
683.210	0.0413
691.715	0.0387
700.326	0.0345
709.044	0.0299
717.871	0.0251
726.807	0.0203
735.855	0.0156
745.016	0.0111
754.290	0.0068
763.680	0.0027
773.187	-0.0015
782.812	-0.0053
792.557	-0.0089
802.424	-0.0122
812.413	-0.0153
822.526	-0.0184
832.766	-0.0213
843.133	-0.0238
853.629	-0.0262
864.255	-0.0284
875.014	-0.0302
885.907	-0.0315
896.935	-0.0322
908.101	-0.0323
919.406	-0.0316
930.851	-0.0300
942.439	-0.0278
954.171	-0.0248
966.049	-0.0214
978.076	-0.0176
990.251	-0.0134
1002.579	-0.0089
1015.060	-0.0045
1027.696	-0.0004
1040.489	0.0034
1053.442	0.0070
1066.556	0.0104
1079.833	0.0139
1093.276	0.0173
1106.886	0.0207
1120.665	0.0244
1134.616	0.0279
1148.741	0.0315
1163.041	0.0349
1177.519	0.0379
1192.178	0.0408
1207.019	0.0434
1222.045	0.0458
1237.258	0.0481
1252.660	0.0507
1268.254	0.0535
1284.042	0.0564
1300.027	0.0597
1316.211	0.0632
1332.596	0.0669
1349.185	0.0708
1365.981	0.0743
1382.985	0.0777
1400.202	0.0811
1417.633	0.0844
1435.280	0.0876
1453.148	0.0905
1471.238	0.0933
1489.553	0.0960
1508.096	0.0982
1526.870	0.1003
1545.877	0.1021
1565.121	0.1036
1584.605	0.1046
1604.332	0.1054
1624.303	0.1056
1644.524	0.1056
1664.996	0.1055
1685.723	0.1056
1706.708	0.1061
1727.955	0.1065
1749.466	0.1073
1771.244	0.1088
1793.294	0.1106
1815.618	0.1128
1838.221	0.1157
1861.104	0.1187
1884.272	0.1220
1907.729	0.1255
1931.478	0.1284
1955.523	0.1310
1979.866	0.1338
2004.513	0.1367
2029.467	0.1401
2054.731	0.1438
2080.310	0.1479
2106.207	0.1524
2132.427	0.1578
2158.973	0.1638
2185.849	0.1704
2213.060	0.1778
2240.610	0.1862
2268.503	0.1955
2296.743	0.2060
2325.334	0.2176
2354.282	0.2296
2383.590	0.2411
2413.262	0.2518
2443.305	0.2616
2473.721	0.2705
2504.515	0.2788
2535.693	0.2869
2567.260	0.2943
2599.219	0.3013
2631.576	0.3081
2664.335	0.3147
2697.503	0.3214
2731.084	0.3280
2765.082	0.3349
2799.504	0.3418
2834.354	0.3489
2869.638	0.3560
2905.362	0.3626
2941.530	0.3691
2978.148	0.3758
3015.222	0.3824
3052.758	0.3893
3090.761	0.3964
3129.237	0.4037
3168.192	0.4115
3207.632	0.4198
3247.563	0.4282
3287.991	0.4369
3328.923	0.4460
3370.364	0.4553
3412.320	0.4648
3454.799	0.4746
3497.807	0.4845
3541.351	0.4945
3585.436	0.5043
3630.070	0.5140
3675.260	0.5236
3721.012	0.5329
3767.334	0.5420
3814.233	0.5508
3861.715	0.5590
3909.789	0.5669
3958.460	0.5749
4007.738	0.5836
4057.630	0.5927
4108.142	0.6016
4159.283	0.6109
4211.061	0.6206
4263.483	0.6309
4316.559	0.6419
4370.294	0.6539
4424.699	0.6666
4479.781	0.6798
4535.548	0.6934
4592.010	0.7069
4649.175	0.7201
4707.051	0.7331
4765.648	0.7455
4824.975	0.7574
4885.039	0.7674
4945.852	0.7763
5007.421	0.7845
5069.757	0.7918
5132.870	0.7977
5196.768	0.8012
5261.460	0.8031
5326.959	0.8033
5393.273	0.8016
5460.413	0.7978
5528.388	0.7919
5597.209	0.7839
5666.887	0.7739
5737.433	0.7624
5808.857	0.7497
5881.169	0.7354
5954.383	0.7195
6028.507	0.7022
6103.555	0.6837
6179.536	0.6641
6256.464	0.6433
6334.349	0.6218
6413.204	0.5994
6493.040	0.5766
6573.870	0.5531
6655.706	0.5292
6738.562	0.5046
6822.448	0.4792
6907.379	0.4531
6993.367	0.4259
7080.426	0.3972
7168.568	0.3671
7257.808	0.3354
7348.158	0.3031
7439.633	0.2692
7532.248	0.2341
7626.015	0.1979
7720.949	0.1611
7817.065	0.1233
7914.377	0.0835
8012.901	0.0414
8112.652	-0.0032
8213.645	-0.0491
8315.894	-0.0975
8419.416	-0.1482
8524.228	-0.2007
8630.343	-0.2549
8737.780	-0.3103
8846.555	-0.3665
8956.683	-0.4239
9068.182	-0.4820
9181.069	-0.5408
9295.362	-0.6002
9411.078	-0.6604
9528.233	-0.7220
9646.849	-0.7852
9766.939	-0.8506
9888.525	-0.9183
10011.625	-0.9879
10136.257	-1.0599
10262.440	-1.1341
10390.195	-1.2095
10519.540	-1.2874
10650.495	-1.3676
10783.080	-1.4497
10917.316	-1.5333
11053.223	-1.6184
11190.821	-1.7056
11330.133	-1.7949
11471.179	-1.8870
11613.980	-1.9814
11758.561	-2.0788
11904.939	-2.1791
12053.141	-2.2819
12203.188	-2.3859
12355.102	-2.4902
12508.907	-2.5950
12664.627	-2.6998
12822.286	-2.8043
12981.907	-2.9078
13143.516	-3.0104
13307.136	-3.1122
13472.793	-3.2134
13640.512	-3.3139
13810.319	-3.4135
13982.240	-3.5126
14156.302	-3.6122
14332.529	-3.7119
14510.951	-3.8118
14691.595	-3.9113
14874.486	-4.0113
15059.655	-4.1119
15247.129	-4.2129
15436.937	-4.3137
15629.106	-4.4140
15823.669	-4.5141
16020.654	-4.6136
16220.091	-4.7122
16422.010	-4.8098
16626.443	-4.9061
16833.422	-5.0014
17042.977	-5.0952
17255.141	-5.1872
17469.945	-5.2747
17687.424	-5.3580
17907.609	-5.4426
18130.537	-5.5282
18356.240	-5.6142
18584.752	-5.7000
18816.107	-5.7858
19050.346	-5.8710
19287.498	-5.9549
19527.604	-6.0376
19770.697	-6.1186
20016.816	-6.1985
