Sens Factor =9.5999dB, SERNO: 5751.tx
10.054	-6.2402
10.179	-6.0687
10.306	-5.9005
10.434	-5.7355
10.564	-5.5736
10.696	-5.4148
10.829	-5.2592
10.964	-5.1065
11.1	-4.9570
11.238	-4.8105
11.378	-4.6669
11.52	-4.5262
11.663	-4.3884
11.809	-4.2535
11.956	-4.1214
12.104	-3.9922
12.255	-3.8657
12.408	-3.7420
12.562	-3.6210
12.718	-3.5026
12.877	-3.3869
13.037	-3.2738
13.199	-3.1633
13.364	-3.0553
13.53	-2.9498
13.698	-2.8469
13.869	-2.7463
14.042	-2.6482
14.216	-2.5525
14.393	-2.4591
14.573	-2.3680
14.754	-2.2793
14.938	-2.1928
15.124	-2.1085
15.312	-2.0264
15.503	-1.9465
15.696	-1.8687
15.891	-1.7930
16.089	-1.7193
16.289	-1.6477
16.492	-1.5781
16.697	-1.5105
16.905	-1.4448
17.115	-1.3810
17.328	-1.3190
17.544	-1.2589
17.763	-1.2006
17.984	-1.1441
18.208	-1.0893
18.434	-1.0362
18.664	-0.9848
18.896	-0.9351
19.131	-0.8869
19.369	-0.8404
19.611	-0.7953
19.855	-0.7518
20.102	-0.7098
20.352	-0.6693
20.605	-0.6301
20.862	-0.5924
21.122	-0.5559
21.385	-0.5209
21.651	-0.4871
21.92	-0.4545
22.193	-0.4232
22.47	-0.3931
22.749	-0.3641
23.032	-0.3363
23.319	-0.3096
23.609	-0.2839
23.903	-0.2593
24.201	-0.2356
24.502	-0.2129
24.807	-0.1912
25.116	-0.1704
25.429	-0.1504
25.745	-0.1313
26.066	-0.1129
26.39	-0.0954
26.719	-0.0786
27.051	-0.0625
27.388	-0.0471
27.729	-0.0323
28.074	-0.0181
28.424	-0.0046
28.778	0.0085
29.136	0.0210
29.499	0.0330
29.866	0.0446
30.238	0.0558
30.614	0.0666
30.995	0.0770
31.381	0.0871
31.772	0.0969
32.167	0.1064
32.568	0.1158
32.973	0.1249
33.383	0.1339
33.799	0.1427
34.22	0.1515
34.646	0.1602
35.077	0.1688
35.514	0.1778
35.956	0.1863
36.403	0.1947
36.857	0.2032
37.315	0.2120
37.78	0.2211
38.25	0.2302
38.726	0.2390
39.209	0.2470
39.697	0.2538
40.191	0.2592
40.691	0.2635
41.198	0.2675
41.711	0.2722
42.23	0.2786
42.756	0.2873
43.288	0.2984
43.827	0.3114
44.372	0.3256
44.925	0.3405
45.484	0.3555
46.05	0.3703
46.623	0.3844
47.204	0.3976
47.791	0.4095
48.386	0.4198
48.989	0.4284
49.599	0.4353
50.216	0.4405
50.841	0.4440
51.474	0.4462
52.115	0.4473
52.764	0.4478
53.42	0.4480
54.085	0.4486
54.759	0.4503
55.44	0.4539
56.131	0.4597
56.829	0.4679
57.537	0.4783
58.253	0.4904
58.978	0.5036
59.712	0.5176
60.456	0.5318
61.208	0.5460
61.97	0.5599
62.742	0.5737
63.523	0.5872
64.314	0.6007
65.114	0.6143
65.925	0.6283
66.745	0.6426
67.576	0.6569
68.418	0.6703
69.269	0.6821
70.132	0.6913
71.005	0.6977
71.889	0.7015
72.784	0.7034
73.69	0.7043
74.607	0.7047
75.536	0.7050
76.476	0.7054
77.428	0.7060
78.392	0.7071
79.368	0.7088
80.356	0.7112
81.356	0.7142
82.369	0.7180
83.394	0.7221
84.433	0.7266
85.484	0.7310
86.548	0.7350
87.625	0.7380
88.716	0.7398
89.82	0.7396
90.939	0.7369
92.071	0.7311
93.217	0.7221
94.377	0.7102
95.552	0.6956
96.742	0.6790
97.946	0.6610
99.165	0.6420
100.4	0.6225
101.65	0.6027
102.915	0.5829
104.196	0.5634
105.493	0.5445
106.806	0.5264
108.136	0.5093
109.482	0.4930
110.845	0.4775
112.225	0.4630
113.622	0.4496
115.037	0.4372
116.469	0.4258
117.919	0.4153
119.386	0.4055
120.873	0.3960
122.377	0.3867
123.901	0.3773
125.443	0.3678
127.005	0.3582
128.586	0.3484
130.187	0.3383
131.807	0.3278
133.448	0.3170
135.109	0.3059
136.791	0.2945
138.494	0.2831
140.218	0.2716
141.964	0.2601
143.731	0.2486
145.52	0.2373
147.332	0.2260
149.166	0.2150
151.023	0.2045
152.903	0.1945
154.806	0.1849
156.734	0.1756
158.685	0.1667
160.66	0.1579
162.66	0.1486
164.685	0.1387
166.735	0.1283
168.811	0.1172
170.912	0.1055
173.04	0.0929
175.194	0.0794
177.375	0.0649
179.583	0.0494
181.819	0.0331
184.082	0.0161
186.374	-0.0017
188.694	-0.0200
191.043	-0.0387
193.421	-0.0576
195.829	-0.0764
198.267	-0.0948
200.735	-0.1127
203.234	-0.1293
205.764	-0.1430
208.325	-0.1550
210.919	-0.1650
213.544	-0.1725
216.203	-0.1779
218.894	-0.1826
221.619	-0.1868
224.378	-0.1904
227.171	-0.1936
229.999	-0.1965
232.862	-0.1992
235.761	-0.2019
238.696	-0.2046
241.668	-0.2076
244.676	-0.2111
247.722	-0.2154
250.806	-0.2212
253.928	-0.2287
257.089	-0.2382
260.29	-0.2491
263.53	-0.2609
266.81	-0.2746
270.132	-0.2848
273.495	-0.2933
276.899	-0.3003
280.346	-0.3061
283.836	-0.3107
287.37	-0.3144
290.947	-0.3171
294.569	-0.3190
298.236	-0.3202
301.949	-0.3207
305.708	-0.3207
309.513	-0.3204
313.366	-0.3198
317.267	-0.3191
321.217	-0.3185
325.216	-0.3179
329.264	-0.3172
333.363	-0.3164
337.513	-0.3157
341.715	-0.3167
345.969	-0.3183
350.276	-0.3211
354.636	-0.3255
359.051	-0.3317
363.521	-0.3382
368.046	-0.3452
372.628	-0.3527
377.266	-0.3613
381.963	-0.3704
386.718	-0.3794
391.532	-0.3869
396.406	-0.3920
401.341	-0.3944
406.337	-0.3951
411.395	-0.3946
416.517	-0.3932
421.702	-0.3904
426.951	-0.3860
432.266	-0.3801
437.648	-0.3731
443.096	-0.3638
448.612	-0.3572
454.196	-0.3511
459.851	-0.3457
465.575	-0.3407
471.371	-0.3361
477.239	-0.3314
483.18	-0.3269
489.195	-0.3223
495.285	-0.3174
501.45	-0.3122
507.693	-0.3066
514.013	-0.3004
520.412	-0.2937
526.89	-0.2864
533.449	-0.2786
540.09	-0.2705
546.814	-0.2625
553.621	-0.2549
560.513	-0.2477
567.49	-0.2411
574.555	-0.2350
581.707	-0.2292
588.949	-0.2236
596.281	-0.2177
603.703	-0.2115
611.219	-0.2049
618.828	-0.1978
626.531	-0.1897
634.331	-0.1809
642.228	-0.1720
650.222	-0.1644
658.317	-0.1587
666.512	-0.1551
674.809	-0.1524
683.21	-0.1496
691.715	-0.1459
700.326	-0.1414
709.044	-0.1363
717.871	-0.1309
726.807	-0.1254
735.855	-0.1202
745.016	-0.1151
754.29	-0.1105
763.68	-0.1059
773.187	-0.1015
782.812	-0.0972
792.557	-0.0929
802.424	-0.0886
812.413	-0.0843
822.526	-0.0799
832.766	-0.0755
843.133	-0.0708
853.629	-0.0658
864.255	-0.0605
875.014	-0.0547
885.907	-0.0483
896.935	-0.0415
908.101	-0.0341
919.406	-0.0261
930.851	-0.0176
942.439	-0.0085
954.171	0.0010
966.049	0.0108
978.076	0.0208
990.251	0.0306
1002.579	0.0399
1015.06	0.0483
1027.696	0.0558
1040.489	0.0621
1053.442	0.0675
1066.556	0.0718
1079.833	0.0753
1093.276	0.0779
1106.886	0.0798
1120.665	0.0810
1134.616	0.0817
1148.741	0.0820
1163.041	0.0821
1177.519	0.0820
1192.178	0.0821
1207.019	0.0826
1222.045	0.0834
1237.258	0.0848
1252.66	0.0867
1268.254	0.0890
1284.042	0.0919
1300.027	0.0952
1316.211	0.0989
1332.596	0.1029
1349.185	0.1072
1365.981	0.1117
1382.985	0.1164
1400.202	0.1212
1417.633	0.1259
1435.28	0.1305
1453.148	0.1349
1471.238	0.1389
1489.553	0.1426
1508.096	0.1460
1526.87	0.1491
1545.877	0.1519
1565.121	0.1545
1584.605	0.1571
1604.332	0.1597
1624.303	0.1623
1644.524	0.1652
1664.996	0.1687
1685.723	0.1733
1706.708	0.1791
1727.955	0.1863
1749.466	0.1946
1771.244	0.2039
1793.294	0.2143
1815.618	0.2254
1838.221	0.2373
1861.104	0.2498
1884.272	0.2625
1907.729	0.2753
1931.478	0.2879
1955.523	0.3001
1979.866	0.3118
2004.513	0.3229
2029.467	0.3336
2054.731	0.3440
2080.31	0.3542
2106.207	0.3646
2132.427	0.3754
2158.973	0.3869
2185.849	0.3995
2213.06	0.4131
2240.61	0.4278
2268.503	0.4435
2296.743	0.4606
2325.334	0.4784
2354.282	0.4960
2383.59	0.5127
2413.262	0.5283
2443.305	0.5431
2473.721	0.5571
2504.515	0.5706
2535.693	0.5835
2567.26	0.5960
2599.219	0.6078
2631.576	0.6190
2664.335	0.6293
2697.503	0.6385
2731.084	0.6469
2765.082	0.6549
2799.504	0.6627
2834.354	0.6706
2869.638	0.6785
2905.362	0.6867
2941.53	0.6952
2978.148	0.7039
3015.222	0.7128
3052.758	0.7221
3090.761	0.7318
3129.237	0.7420
3168.192	0.7528
3207.632	0.7645
3247.563	0.7770
3287.991	0.7906
3328.923	0.8053
3370.364	0.8211
3412.32	0.8379
3454.799	0.8558
3497.807	0.8745
3541.351	0.8936
3585.436	0.9127
3630.07	0.9315
3675.26	0.9499
3721.012	0.9678
3767.334	0.9851
3814.233	1.0016
3861.715	1.0172
3909.789	1.0324
3958.46	1.0472
4007.738	1.0617
4057.63	1.0757
4108.142	1.0892
4159.283	1.1025
4211.061	1.1159
4263.483	1.1297
4316.559	1.1439
4370.294	1.1588
4424.699	1.1747
4479.781	1.1919
4535.548	1.2101
4592.01	1.2288
4649.175	1.2477
4707.051	1.2665
4765.648	1.2850
4824.975	1.3031
4885.039	1.3207
4945.852	1.3376
5007.421	1.3537
5069.757	1.3686
5132.87	1.3819
5196.768	1.3932
5261.46	1.4022
5326.959	1.4088
5393.273	1.4128
5460.413	1.4144
5528.388	1.4134
5597.209	1.4100
5666.887	1.4044
5737.433	1.3970
5808.857	1.3878
5881.169	1.3769
5954.383	1.3645
6028.507	1.3510
6103.555	1.3365
6179.536	1.3214
6256.464	1.3056
6334.349	1.2897
6413.204	1.2738
6493.04	1.2587
6573.87	1.2448
6655.706	1.2321
6738.562	1.2204
6822.448	1.2095
6907.379	1.1987
6993.367	1.1877
7080.426	1.1760
7168.568	1.1634
7257.808	1.1498
7348.158	1.1354
7439.633	1.1200
7532.248	1.1039
7626.015	1.0870
7720.949	1.0691
7817.065	1.0499
7914.377	1.0294
8012.901	1.0076
8112.652	0.9843
8213.645	0.9595
8315.894	0.9337
8419.416	0.9074
8524.228	0.8812
8630.343	0.8556
8737.78	0.8309
8846.555	0.8070
8956.683	0.7841
9068.182	0.7619
9181.069	0.7405
9295.362	0.7196
9411.078	0.6989
9528.233	0.6778
9646.849	0.6561
9766.939	0.6340
9888.525	0.6111
10011.625	0.5874
10136.257	0.5627
10262.44	0.5368
10390.195	0.5098
10519.54	0.4814
10650.495	0.4518
10783.08	0.4211
10917.316	0.3894
11053.223	0.3569
11190.821	0.3234
11330.133	0.2890
11471.179	0.2537
11613.98	0.2176
11758.561	0.1810
11904.939	0.1449
12053.141	0.1101
12203.188	0.0773
12355.102	0.0464
12508.907	0.0172
12664.627	-0.0109
12822.286	-0.0376
12981.907	-0.0631
13143.516	-0.0878
13307.136	-0.1118
13472.793	-0.1348
13640.512	-0.1571
13810.319	-0.1790
13982.24	-0.2005
14156.302	-0.2223
14332.529	-0.2446
14510.951	-0.2672
14691.595	-0.2904
14874.486	-0.3140
15059.655	-0.3379
15247.129	-0.3620
15436.937	-0.3861
15629.106	-0.4102
15823.669	-0.4342
16020.654	-0.4575
16220.091	-0.4804
16422.01	-0.5027
16626.443	-0.5244
16833.422	-0.5451
17042.977	-0.5644
17255.141	-0.5822
17469.945	-0.5980
17687.424	-0.6123
17907.609	-0.6199
18130.537	-0.6272
18356.24	-0.6339
18584.752	-0.6398
18816.107	-0.6446
19050.346	-0.6483
19287.498	-0.6508
19527.604	-0.6522
19770.697	-0.6537
20016.816	-0.6562
