Sens Factor =-.0270dB, SERNO: 5875.tx
10.054	-8.7119
10.179	-8.5160
10.306	-8.3231
10.434	-8.1336
10.564	-7.9472
10.696	-7.7637
10.829	-7.5836
10.964	-7.4064
11.1	-7.2324
11.238	-7.0613
11.378	-6.8932
11.52	-6.7279
11.663	-6.5656
11.809	-6.4060
11.956	-6.2494
12.104	-6.0958
12.255	-5.9447
12.408	-5.7963
12.562	-5.6508
12.718	-5.5080
12.877	-5.3676
13.037	-5.2300
13.199	-5.0950
13.364	-4.9623
13.53	-4.8324
13.698	-4.7050
13.869	-4.5798
14.042	-4.4571
14.216	-4.3370
14.393	-4.2190
14.573	-4.1033
14.754	-3.9900
14.938	-3.8789
15.124	-3.7701
15.312	-3.6635
15.503	-3.5590
15.696	-3.4566
15.891	-3.3564
16.089	-3.2582
16.289	-3.1621
16.492	-3.0679
16.697	-2.9758
16.905	-2.8855
17.115	-2.7972
17.328	-2.7107
17.544	-2.6260
17.763	-2.5431
17.984	-2.4621
18.208	-2.3827
18.434	-2.3052
18.664	-2.2292
18.896	-2.1549
19.131	-2.0823
19.369	-2.0112
19.611	-1.9415
19.855	-1.8735
20.102	-1.8069
20.352	-1.7418
20.605	-1.6782
20.862	-1.6158
21.122	-1.5548
21.385	-1.4952
21.651	-1.4369
21.92	-1.3799
22.193	-1.3240
22.47	-1.2692
22.749	-1.2158
23.032	-1.1634
23.319	-1.1121
23.609	-1.0619
23.903	-1.0127
24.201	-0.9645
24.502	-0.9173
24.807	-0.8710
25.116	-0.8256
25.429	-0.7811
25.745	-0.7375
26.066	-0.6945
26.39	-0.6525
26.719	-0.6111
27.051	-0.5705
27.388	-0.5305
27.729	-0.4912
28.074	-0.4525
28.424	-0.4143
28.778	-0.3767
29.136	-0.3397
29.499	-0.3031
29.866	-0.2670
30.238	-0.2312
30.614	-0.1960
30.995	-0.1610
31.381	-0.1263
31.772	-0.0919
32.167	-0.0579
32.568	-0.0240
32.973	0.0097
33.383	0.0432
33.799	0.0766
34.22	0.1099
34.646	0.1431
35.077	0.1763
35.514	0.2101
35.956	0.2436
36.403	0.2768
36.857	0.3097
37.315	0.3423
37.78	0.3745
38.25	0.4066
38.726	0.4387
39.209	0.4708
39.697	0.5031
40.191	0.5356
40.691	0.5684
41.198	0.6015
41.711	0.6349
42.23	0.6686
42.756	0.7023
43.288	0.7352
43.827	0.7667
44.372	0.7959
44.925	0.8220
45.484	0.8447
46.05	0.8633
46.623	0.8776
47.204	0.8874
47.791	0.8925
48.386	0.8930
48.989	0.8889
49.599	0.8808
50.216	0.8695
50.841	0.8560
51.474	0.8418
52.115	0.8287
52.764	0.8184
53.42	0.8124
54.085	0.8116
54.759	0.8166
55.44	0.8272
56.131	0.8429
56.829	0.8625
57.537	0.8849
58.253	0.9090
58.978	0.9340
59.712	0.9590
60.456	0.9836
61.208	1.0074
61.97	1.0300
62.742	1.0512
63.523	1.0703
64.314	1.0870
65.114	1.1006
65.925	1.1107
66.745	1.1170
67.576	1.1191
68.418	1.1169
69.269	1.1106
70.132	1.1004
71.005	1.0870
71.889	1.0715
72.784	1.0551
73.69	1.0389
74.607	1.0238
75.536	1.0108
76.476	1.0001
77.428	0.9921
78.392	0.9871
79.368	0.9853
80.356	0.9866
81.356	0.9912
82.369	0.9986
83.394	1.0081
84.433	1.0187
85.484	1.0290
86.548	1.0372
87.625	1.0415
88.716	1.0402
89.82	1.0323
90.939	1.0174
92.071	0.9957
93.217	0.9681
94.377	0.9359
95.552	0.9004
96.742	0.8628
97.946	0.8243
99.165	0.7857
100.4	0.7475
101.65	0.7097
102.915	0.6725
104.196	0.6361
105.493	0.6008
106.806	0.5670
108.136	0.5352
109.482	0.5058
110.845	0.4793
112.225	0.4556
113.622	0.4350
115.037	0.4172
116.469	0.4017
117.919	0.3878
119.386	0.3751
120.873	0.3634
122.377	0.3522
123.901	0.3415
125.443	0.3311
127.005	0.3209
128.586	0.3109
130.187	0.3013
131.807	0.2921
133.448	0.2829
135.109	0.2739
136.791	0.2648
138.494	0.2557
140.218	0.2464
141.964	0.2371
143.731	0.2279
145.52	0.2191
147.332	0.2107
149.166	0.2030
151.023	0.1960
152.903	0.1896
154.806	0.1836
156.734	0.1778
158.685	0.1721
160.66	0.1662
162.66	0.1600
164.685	0.1532
166.735	0.1456
168.811	0.1375
170.912	0.1292
173.04	0.1213
175.194	0.1129
177.375	0.1043
179.583	0.0956
181.819	0.0866
184.082	0.0773
186.374	0.0675
188.694	0.0571
191.043	0.0461
193.421	0.0348
195.829	0.0232
198.267	0.0115
200.735	-0.0003
203.234	-0.0121
205.764	-0.0238
208.325	-0.0351
210.919	-0.0459
213.544	-0.0556
216.203	-0.0646
218.894	-0.0734
221.619	-0.0820
224.378	-0.0905
227.171	-0.0992
229.999	-0.1080
232.862	-0.1173
235.761	-0.1270
238.696	-0.1371
241.668	-0.1475
244.676	-0.1580
247.722	-0.1687
250.806	-0.1794
253.928	-0.1900
257.089	-0.2004
260.29	-0.2106
263.53	-0.2208
266.81	-0.2307
270.132	-0.2407
273.495	-0.2503
276.899	-0.2593
280.346	-0.2676
283.836	-0.2751
287.37	-0.2822
290.947	-0.2884
294.569	-0.2937
298.236	-0.2984
301.949	-0.3028
305.708	-0.3071
309.513	-0.3113
313.366	-0.3153
317.267	-0.3191
321.217	-0.3225
325.216	-0.3253
329.264	-0.3274
333.363	-0.3289
337.513	-0.3299
341.715	-0.3307
345.969	-0.3317
350.276	-0.3333
354.636	-0.3362
359.051	-0.3403
363.521	-0.3453
368.046	-0.3511
372.628	-0.3574
377.266	-0.3640
381.963	-0.3704
386.718	-0.3762
391.532	-0.3805
396.406	-0.3825
401.341	-0.3815
406.337	-0.3783
411.395	-0.3739
416.517	-0.3695
421.702	-0.3657
426.951	-0.3626
432.266	-0.3601
437.648	-0.3581
443.096	-0.3567
448.612	-0.3554
454.196	-0.3544
459.851	-0.3537
465.575	-0.3532
471.371	-0.3530
477.239	-0.3529
483.18	-0.3528
489.195	-0.3528
495.285	-0.3528
501.45	-0.3525
507.693	-0.3518
514.013	-0.3505
520.412	-0.3486
526.89	-0.3463
533.449	-0.3436
540.09	-0.3408
546.814	-0.3376
553.621	-0.3343
560.513	-0.3308
567.49	-0.3271
574.555	-0.3229
581.707	-0.3182
588.949	-0.3129
596.281	-0.3070
603.703	-0.3004
611.219	-0.2931
618.828	-0.2854
626.531	-0.2773
634.331	-0.2692
642.228	-0.2612
650.222	-0.2540
658.317	-0.2485
666.512	-0.2453
674.809	-0.2438
683.21	-0.2426
691.715	-0.2406
700.326	-0.2373
709.044	-0.2326
717.871	-0.2267
726.807	-0.2201
735.855	-0.2128
745.016	-0.2051
754.29	-0.1971
763.68	-0.1889
773.187	-0.1807
782.812	-0.1726
792.557	-0.1647
802.424	-0.1570
812.413	-0.1497
822.526	-0.1426
832.766	-0.1359
843.133	-0.1295
853.629	-0.1236
864.255	-0.1183
875.014	-0.1137
885.907	-0.1100
896.935	-0.1072
908.101	-0.1053
919.406	-0.1043
930.851	-0.1039
942.439	-0.1043
954.171	-0.1054
966.049	-0.1071
978.076	-0.1094
990.251	-0.1120
1002.579	-0.1149
1015.06	-0.1179
1027.696	-0.1208
1040.489	-0.1232
1053.442	-0.1253
1066.556	-0.1268
1079.833	-0.1279
1093.276	-0.1286
1106.886	-0.1294
1120.665	-0.1303
1134.616	-0.1317
1148.741	-0.1337
1163.041	-0.1363
1177.519	-0.1395
1192.178	-0.1429
1207.019	-0.1462
1222.045	-0.1494
1237.258	-0.1522
1252.66	-0.1546
1268.254	-0.1567
1284.042	-0.1585
1300.027	-0.1599
1316.211	-0.1610
1332.596	-0.1619
1349.185	-0.1624
1365.981	-0.1628
1382.985	-0.1628
1400.202	-0.1624
1417.633	-0.1613
1435.28	-0.1594
1453.148	-0.1566
1471.238	-0.1527
1489.553	-0.1478
1508.096	-0.1421
1526.87	-0.1359
1545.877	-0.1294
1565.121	-0.1226
1584.605	-0.1156
1604.332	-0.1085
1624.303	-0.1010
1644.524	-0.0934
1664.996	-0.0854
1685.723	-0.0773
1706.708	-0.0691
1727.955	-0.0611
1749.466	-0.0533
1771.244	-0.0458
1793.294	-0.0386
1815.618	-0.0318
1838.221	-0.0252
1861.104	-0.0186
1884.272	-0.0120
1907.729	-0.0051
1931.478	0.0020
1955.523	0.0093
1979.866	0.0171
2004.513	0.0252
2029.467	0.0336
2054.731	0.0425
2080.31	0.0516
2106.207	0.0609
2132.427	0.0707
2158.973	0.0808
2185.849	0.0915
2213.06	0.1028
2240.61	0.1146
2268.503	0.1268
2296.743	0.1392
2325.334	0.1517
2354.282	0.1643
2383.59	0.1768
2413.262	0.1896
2443.305	0.2029
2473.721	0.2165
2504.515	0.2305
2535.693	0.2452
2567.26	0.2604
2599.219	0.2763
2631.576	0.2928
2664.335	0.3098
2697.503	0.3272
2731.084	0.3450
2765.082	0.3632
2799.504	0.3816
2834.354	0.4003
2869.638	0.4192
2905.362	0.4383
2941.53	0.4575
2978.148	0.4769
3015.222	0.4965
3052.758	0.5163
3090.761	0.5364
3129.237	0.5567
3168.192	0.5772
3207.632	0.5980
3247.563	0.6188
3287.991	0.6397
3328.923	0.6605
3370.364	0.6812
3412.32	0.7020
3454.799	0.7230
3497.807	0.7442
3541.351	0.7657
3585.436	0.7872
3630.07	0.8089
3675.26	0.8308
3721.012	0.8528
3767.334	0.8752
3814.233	0.8982
3861.715	0.9218
3909.789	0.9463
3958.46	0.9716
4007.738	0.9973
4057.63	1.0235
4108.142	1.0501
4159.283	1.0771
4211.061	1.1045
4263.483	1.1322
4316.559	1.1602
4370.294	1.1885
4424.699	1.2169
4479.781	1.2455
4535.548	1.2744
4592.01	1.3033
4649.175	1.3324
4707.051	1.3614
4765.648	1.3904
4824.975	1.4193
4885.039	1.4478
4945.852	1.4760
5007.421	1.5037
5069.757	1.5307
5132.87	1.5570
5196.768	1.5825
5261.46	1.6072
5326.959	1.6309
5393.273	1.6537
5460.413	1.6757
5528.388	1.6965
5597.209	1.7164
5666.887	1.7354
5737.433	1.7535
5808.857	1.7709
5881.169	1.7875
5954.383	1.8034
6028.507	1.8187
6103.555	1.8336
6179.536	1.8480
6256.464	1.8621
6334.349	1.8759
6413.204	1.8895
6493.04	1.9027
6573.87	1.9157
6655.706	1.9283
6738.562	1.9406
6822.448	1.9523
6907.379	1.9635
6993.367	1.9742
7080.426	1.9842
7168.568	1.9935
7257.808	2.0021
7348.158	2.0098
7439.633	2.0166
7532.248	2.0222
7626.015	2.0263
7720.949	2.0290
7817.065	2.0302
7914.377	2.0300
8012.901	2.0286
8112.652	2.0261
8213.645	2.0224
8315.894	2.0177
8419.416	2.0121
8524.228	2.0058
8630.343	1.9986
8737.78	1.9907
8846.555	1.9823
8956.683	1.9732
9068.182	1.9636
9181.069	1.9533
9295.362	1.9424
9411.078	1.9306
9528.233	1.9180
9646.849	1.9042
9766.939	1.8892
9888.525	1.8728
10011.625	1.8549
10136.257	1.8354
10262.44	1.8139
10390.195	1.7905
10519.54	1.7650
10650.495	1.7373
10783.08	1.7075
10917.316	1.6756
11053.223	1.6416
11190.821	1.6061
11330.133	1.5686
11471.179	1.5296
11613.98	1.4890
11758.561	1.4470
11904.939	1.4042
12053.141	1.3606
12203.188	1.3167
12355.102	1.2731
12508.907	1.2296
12664.627	1.1863
12822.286	1.1428
12981.907	1.0993
13143.516	1.0554
13307.136	1.0110
13472.793	0.9661
13640.512	0.9203
13810.319	0.8738
13982.24	0.8266
14156.302	0.7786
14332.529	0.7301
14510.951	0.6810
14691.595	0.6312
14874.486	0.5810
15059.655	0.5302
15247.129	0.4792
15436.937	0.4277
15629.106	0.3761
15823.669	0.3244
16020.654	0.2725
16220.091	0.2208
16422.01	0.1693
16626.443	0.1182
16833.422	0.0677
17042.977	0.0179
17255.141	-0.0305
17469.945	-0.0773
17687.424	-0.1221
17907.609	-0.1461
18130.537	-0.1698
18356.24	-0.1933
18584.752	-0.2168
18816.107	-0.2402
19050.346	-0.2635
19287.498	-0.2867
19527.604	-0.3100
19770.697	-0.3337
20016.816	-0.3580
