Sens Factor =-.2483dB, SERNO: 5844.tx
10.054	-7.8055
10.179	-7.6257
10.306	-7.4490
10.434	-7.2757
10.564	-7.1054
10.696	-6.9382
10.829	-6.7742
10.964	-6.6132
11.1	-6.4553
11.238	-6.3004
11.378	-6.1484
11.52	-5.9993
11.663	-5.8532
11.809	-5.7099
11.956	-5.5694
12.104	-5.4319
12.255	-5.2970
12.408	-5.1648
12.562	-5.0355
12.718	-4.9088
12.877	-4.7846
13.037	-4.6632
13.199	-4.5443
13.364	-4.4279
13.53	-4.3141
13.698	-4.2028
13.869	-4.0938
14.042	-3.9873
14.216	-3.8833
14.393	-3.7815
14.573	-3.6820
14.754	-3.5849
14.938	-3.4900
15.124	-3.3974
15.312	-3.3069
15.503	-3.2186
15.696	-3.1324
15.891	-3.0484
16.089	-2.9663
16.289	-2.8864
16.492	-2.8084
16.697	-2.7324
16.905	-2.6583
17.115	-2.5861
17.328	-2.5158
17.544	-2.4473
17.763	-2.3806
17.984	-2.3157
18.208	-2.2525
18.434	-2.1911
18.664	-2.1313
18.896	-2.0732
19.131	-2.0167
19.369	-1.9618
19.611	-1.9083
19.855	-1.8565
20.102	-1.8061
20.352	-1.7571
20.605	-1.7096
20.862	-1.6635
21.122	-1.6187
21.385	-1.5752
21.651	-1.5331
21.92	-1.4922
22.193	-1.4525
22.47	-1.4139
22.749	-1.3766
23.032	-1.3404
23.319	-1.3053
23.609	-1.2713
23.903	-1.2383
24.201	-1.2062
24.502	-1.1752
24.807	-1.1451
25.116	-1.1158
25.429	-1.0875
25.745	-1.0600
26.066	-1.0333
26.39	-1.0074
26.719	-0.9822
27.051	-0.9577
27.388	-0.9339
27.729	-0.9108
28.074	-0.8882
28.424	-0.8663
28.778	-0.8448
29.136	-0.8240
29.499	-0.8035
29.866	-0.7836
30.238	-0.7640
30.614	-0.7449
30.995	-0.7261
31.381	-0.7076
31.772	-0.6894
32.167	-0.6715
32.568	-0.6538
32.973	-0.6363
33.383	-0.6190
33.799	-0.6017
34.22	-0.5846
34.646	-0.5675
35.077	-0.5505
35.514	-0.5318
35.956	-0.5141
36.403	-0.4972
36.857	-0.4810
37.315	-0.4654
37.78	-0.4503
38.25	-0.4354
38.726	-0.4207
39.209	-0.4060
39.697	-0.3912
40.191	-0.3764
40.691	-0.3614
41.198	-0.3464
41.711	-0.3313
42.23	-0.3161
42.756	-0.3010
43.288	-0.2863
43.827	-0.2722
44.372	-0.2593
44.925	-0.2479
45.484	-0.2385
46.05	-0.2313
46.623	-0.2267
47.204	-0.2247
47.791	-0.2253
48.386	-0.2285
48.989	-0.2341
49.599	-0.2417
50.216	-0.2508
50.841	-0.2610
51.474	-0.2711
52.115	-0.2801
52.764	-0.2869
53.42	-0.2905
54.085	-0.2902
54.759	-0.2854
55.44	-0.2764
56.131	-0.2634
56.829	-0.2474
57.537	-0.2291
58.253	-0.2095
58.978	-0.1892
59.712	-0.1690
60.456	-0.1491
61.208	-0.1298
61.97	-0.1115
62.742	-0.0942
63.523	-0.0780
64.314	-0.0633
65.114	-0.0503
65.925	-0.0392
66.745	-0.0301
67.576	-0.0232
68.418	-0.0187
69.269	-0.0166
70.132	-0.0166
71.005	-0.0186
71.889	-0.0220
72.784	-0.0263
73.69	-0.0309
74.607	-0.0351
75.536	-0.0384
76.476	-0.0404
77.428	-0.0410
78.392	-0.0399
79.368	-0.0373
80.356	-0.0331
81.356	-0.0276
82.369	-0.0210
83.394	-0.0137
84.433	-0.0060
85.484	0.0011
86.548	0.0067
87.625	0.0097
88.716	0.0092
89.82	0.0044
90.939	-0.0050
92.071	-0.0190
93.217	-0.0369
94.377	-0.0577
95.552	-0.0805
96.742	-0.1044
97.946	-0.1287
99.165	-0.1527
100.4	-0.1761
101.65	-0.1985
102.915	-0.2199
104.196	-0.2400
105.493	-0.2586
106.806	-0.2757
108.136	-0.2909
109.482	-0.3043
110.845	-0.3158
112.225	-0.3251
113.622	-0.3321
115.037	-0.3370
116.469	-0.3398
117.919	-0.3409
119.386	-0.3406
120.873	-0.3393
122.377	-0.3374
123.901	-0.3351
125.443	-0.3328
127.005	-0.3307
128.586	-0.3287
130.187	-0.3268
131.807	-0.3249
133.448	-0.3229
135.109	-0.3209
136.791	-0.3186
138.494	-0.3161
140.218	-0.3135
141.964	-0.3108
143.731	-0.3081
145.52	-0.3055
147.332	-0.3032
149.166	-0.3010
151.023	-0.2988
152.903	-0.2966
154.806	-0.2942
156.734	-0.2915
158.685	-0.2887
160.66	-0.2858
162.66	-0.2830
164.685	-0.2802
166.735	-0.2775
168.811	-0.2751
170.912	-0.2729
173.04	-0.2710
175.194	-0.2693
177.375	-0.2682
179.583	-0.2675
181.819	-0.2670
184.082	-0.2667
186.374	-0.2666
188.694	-0.2669
191.043	-0.2673
193.421	-0.2678
195.829	-0.2685
198.267	-0.2693
200.735	-0.2700
203.234	-0.2708
205.764	-0.2718
208.325	-0.2734
210.919	-0.2756
213.544	-0.2785
216.203	-0.2823
218.894	-0.2863
221.619	-0.2907
224.378	-0.2954
227.171	-0.3005
229.999	-0.3058
232.862	-0.3114
235.761	-0.3172
238.696	-0.3231
241.668	-0.3290
244.676	-0.3349
247.722	-0.3408
250.806	-0.3467
253.928	-0.3527
257.089	-0.3588
260.29	-0.3651
263.53	-0.3715
266.81	-0.3779
270.132	-0.3837
273.495	-0.3892
276.899	-0.3943
280.346	-0.3989
283.836	-0.4031
287.37	-0.4071
290.947	-0.4110
294.569	-0.4145
298.236	-0.4179
301.949	-0.4213
305.708	-0.4247
309.513	-0.4281
313.366	-0.4316
317.267	-0.4352
321.217	-0.4390
325.216	-0.4428
329.264	-0.4467
333.363	-0.4506
337.513	-0.4542
341.715	-0.4574
345.969	-0.4598
350.276	-0.4616
354.636	-0.4625
359.051	-0.4627
363.521	-0.4628
368.046	-0.4628
372.628	-0.4626
377.266	-0.4622
381.963	-0.4614
386.718	-0.4599
391.532	-0.4570
396.406	-0.4522
401.341	-0.4456
406.337	-0.4384
411.395	-0.4320
416.517	-0.4263
421.702	-0.4214
426.951	-0.4169
432.266	-0.4126
437.648	-0.4084
443.096	-0.4042
448.612	-0.4005
454.196	-0.3970
459.851	-0.3935
465.575	-0.3901
471.371	-0.3867
477.239	-0.3832
483.18	-0.3797
489.195	-0.3760
495.285	-0.3724
501.45	-0.3686
507.693	-0.3647
514.013	-0.3605
520.412	-0.3559
526.89	-0.3510
533.449	-0.3457
540.09	-0.3400
546.814	-0.3339
553.621	-0.3277
560.513	-0.3214
567.49	-0.3151
574.555	-0.3087
581.707	-0.3022
588.949	-0.2957
596.281	-0.2890
603.703	-0.2821
611.219	-0.2751
618.828	-0.2681
626.531	-0.2610
634.331	-0.2539
642.228	-0.2472
650.222	-0.2414
658.317	-0.2373
666.512	-0.2346
674.809	-0.2319
683.21	-0.2280
691.715	-0.2224
700.326	-0.2155
709.044	-0.2074
717.871	-0.1987
726.807	-0.1898
735.855	-0.1808
745.016	-0.1719
754.29	-0.1632
763.68	-0.1550
773.187	-0.1470
782.812	-0.1394
792.557	-0.1321
802.424	-0.1252
812.413	-0.1186
822.526	-0.1122
832.766	-0.1060
843.133	-0.1002
853.629	-0.0948
864.255	-0.0900
875.014	-0.0860
885.907	-0.0828
896.935	-0.0805
908.101	-0.0789
919.406	-0.0780
930.851	-0.0775
942.439	-0.0775
954.171	-0.0776
966.049	-0.0780
978.076	-0.0783
990.251	-0.0783
1002.579	-0.0781
1015.06	-0.0774
1027.696	-0.0764
1040.489	-0.0750
1053.442	-0.0733
1066.556	-0.0712
1079.833	-0.0688
1093.276	-0.0662
1106.886	-0.0636
1120.665	-0.0610
1134.616	-0.0588
1148.741	-0.0569
1163.041	-0.0556
1177.519	-0.0548
1192.178	-0.0542
1207.019	-0.0536
1222.045	-0.0529
1237.258	-0.0520
1252.66	-0.0507
1268.254	-0.0492
1284.042	-0.0474
1300.027	-0.0453
1316.211	-0.0430
1332.596	-0.0406
1349.185	-0.0379
1365.981	-0.0349
1382.985	-0.0317
1400.202	-0.0282
1417.633	-0.0241
1435.28	-0.0194
1453.148	-0.0140
1471.238	-0.0080
1489.553	-0.0013
1508.096	0.0058
1526.87	0.0132
1545.877	0.0207
1565.121	0.0284
1584.605	0.0361
1604.332	0.0439
1624.303	0.0517
1644.524	0.0593
1664.996	0.0669
1685.723	0.0742
1706.708	0.0813
1727.955	0.0883
1749.466	0.0951
1771.244	0.1018
1793.294	0.1084
1815.618	0.1150
1838.221	0.1217
1861.104	0.1285
1884.272	0.1355
1907.729	0.1428
1931.478	0.1504
1955.523	0.1585
1979.866	0.1671
2004.513	0.1760
2029.467	0.1854
2054.731	0.1952
2080.31	0.2054
2106.207	0.2161
2132.427	0.2271
2158.973	0.2385
2185.849	0.2504
2213.06	0.2628
2240.61	0.2758
2268.503	0.2892
2296.743	0.3029
2325.334	0.3170
2354.282	0.3314
2383.59	0.3463
2413.262	0.3617
2443.305	0.3776
2473.721	0.3940
2504.515	0.4109
2535.693	0.4284
2567.26	0.4464
2599.219	0.4649
2631.576	0.4839
2664.335	0.5032
2697.503	0.5227
2731.084	0.5423
2765.082	0.5620
2799.504	0.5817
2834.354	0.6014
2869.638	0.6213
2905.362	0.6411
2941.53	0.6611
2978.148	0.6811
3015.222	0.7012
3052.758	0.7215
3090.761	0.7419
3129.237	0.7624
3168.192	0.7831
3207.632	0.8039
3247.563	0.8246
3287.991	0.8454
3328.923	0.8661
3370.364	0.8870
3412.32	0.9079
3454.799	0.9290
3497.807	0.9502
3541.351	0.9716
3585.436	0.9934
3630.07	1.0154
3675.26	1.0376
3721.012	1.0602
3767.334	1.0832
3814.233	1.1067
3861.715	1.1307
3909.789	1.1551
3958.46	1.1799
4007.738	1.2048
4057.63	1.2300
4108.142	1.2555
4159.283	1.2813
4211.061	1.3073
4263.483	1.3337
4316.559	1.3603
4370.294	1.3871
4424.699	1.4141
4479.781	1.4412
4535.548	1.4686
4592.01	1.4962
4649.175	1.5239
4707.051	1.5517
4765.648	1.5793
4824.975	1.6068
4885.039	1.6340
4945.852	1.6607
5007.421	1.6869
5069.757	1.7123
5132.87	1.7368
5196.768	1.7601
5261.46	1.7823
5326.959	1.8031
5393.273	1.8226
5460.413	1.8409
5528.388	1.8580
5597.209	1.8739
5666.887	1.8889
5737.433	1.9030
5808.857	1.9164
5881.169	1.9290
5954.383	1.9409
6028.507	1.9522
6103.555	1.9630
6179.536	1.9734
6256.464	1.9834
6334.349	1.9932
6413.204	2.0026
6493.04	2.0118
6573.87	2.0209
6655.706	2.0296
6738.562	2.0381
6822.448	2.0461
6907.379	2.0537
6993.367	2.0607
7080.426	2.0672
7168.568	2.0729
7257.808	2.0780
7348.158	2.0823
7439.633	2.0857
7532.248	2.0879
7626.015	2.0888
7720.949	2.0882
7817.065	2.0862
7914.377	2.0828
8012.901	2.0782
8112.652	2.0722
8213.645	2.0650
8315.894	2.0567
8419.416	2.0477
8524.228	2.0379
8630.343	2.0277
8737.78	2.0171
8846.555	2.0062
8956.683	1.9951
9068.182	1.9835
9181.069	1.9714
9295.362	1.9586
9411.078	1.9449
9528.233	1.9301
9646.849	1.9140
9766.939	1.8967
9888.525	1.8779
10011.625	1.8575
10136.257	1.8355
10262.44	1.8116
10390.195	1.7856
10519.54	1.7575
10650.495	1.7270
10783.08	1.6942
10917.316	1.6591
11053.223	1.6217
11190.821	1.5823
11330.133	1.5409
11471.179	1.4977
11613.98	1.4530
11758.561	1.4071
11904.939	1.3606
12053.141	1.3137
12203.188	1.2671
12355.102	1.2214
12508.907	1.1764
12664.627	1.1321
12822.286	1.0883
12981.907	1.0451
13143.516	1.0022
13307.136	0.9596
13472.793	0.9172
13640.512	0.8750
13810.319	0.8329
13982.24	0.7910
14156.302	0.7490
14332.529	0.7070
14510.951	0.6650
14691.595	0.6229
14874.486	0.5809
15059.655	0.5390
15247.129	0.4974
15436.937	0.4564
15629.106	0.4162
15823.669	0.3769
16020.654	0.3387
16220.091	0.3020
16422.01	0.2666
16626.443	0.2328
16833.422	0.2008
17042.977	0.1711
17255.141	0.1443
17469.945	0.1219
17687.424	0.1043
17907.609	0.0881
18130.537	0.0729
18356.24	0.0585
18584.752	0.0451
18816.107	0.0326
19050.346	0.0210
19287.498	0.0100
19527.604	-0.0002
19770.697	-0.0104
20016.816	-0.0208
