Sens Factor =-.8026dB, SERNO: 5741.tx
"Auto-generated 90-degree calibration file"
10.054	-6.7635
10.179	-6.5825
10.306	-6.4047
10.434	-6.2301
10.564	-6.0586
10.696	-5.8903
10.829	-5.7251
10.964	-5.5629
11.100	-5.4038
11.238	-5.2477
11.378	-5.0946
11.520	-4.9443
11.663	-4.7970
11.809	-4.6525
11.956	-4.5108
12.104	-4.3721
12.255	-4.2361
12.408	-4.1027
12.562	-3.9722
12.718	-3.8443
12.877	-3.7189
13.037	-3.5963
13.199	-3.4763
13.364	-3.3587
13.530	-3.2437
13.698	-3.1312
13.869	-3.0210
14.042	-2.9133
14.216	-2.8081
14.393	-2.7052
14.573	-2.6045
14.754	-2.5062
14.938	-2.4101
15.124	-2.3163
15.312	-2.2247
15.503	-2.1351
15.696	-2.0478
15.891	-1.9626
16.089	-1.8793
16.289	-1.7982
16.492	-1.7190
16.697	-1.6418
16.905	-1.5666
17.115	-1.4932
17.328	-1.4217
17.544	-1.3520
17.763	-1.2841
17.984	-1.2181
18.208	-1.1537
18.434	-1.0911
18.664	-1.0301
18.896	-0.9708
19.131	-0.9132
19.369	-0.8571
19.611	-0.8024
19.855	-0.7494
20.102	-0.6978
20.352	-0.6477
20.605	-0.5990
20.862	-0.5517
21.122	-0.5057
21.385	-0.4610
21.651	-0.4177
21.920	-0.3756
22.193	-0.3347
22.470	-0.2950
22.749	-0.2565
23.032	-0.2192
23.319	-0.1828
23.609	-0.1476
23.903	-0.1134
24.201	-0.0802
24.502	-0.0480
24.807	-0.0167
25.116	0.0137
25.429	0.0433
25.745	0.0719
26.066	0.0998
26.390	0.1269
26.719	0.1533
27.051	0.1789
27.388	0.2039
27.729	0.2283
28.074	0.2520
28.424	0.2751
28.778	0.2977
29.136	0.3198
29.499	0.3414
29.866	0.3625
30.238	0.3833
30.614	0.4036
30.995	0.4236
31.381	0.4432
31.772	0.4626
32.167	0.4817
32.568	0.5006
32.973	0.5193
33.383	0.5378
33.799	0.5562
34.220	0.5745
34.646	0.5928
35.077	0.6110
35.514	0.6290
35.956	0.6468
36.403	0.6646
36.857	0.6829
37.315	0.7020
37.780	0.7221
38.250	0.7433
38.726	0.7654
39.209	0.7886
39.697	0.8125
40.191	0.8370
40.691	0.8617
41.198	0.8863
41.711	0.9104
42.230	0.9337
42.756	0.9559
43.288	0.9772
43.827	0.9975
44.372	1.0172
44.925	1.0361
45.484	1.0541
46.050	1.0709
46.623	1.0863
47.204	1.1000
47.791	1.1115
48.386	1.1207
48.989	1.1276
49.599	1.1323
50.216	1.1351
50.841	1.1365
51.474	1.1372
52.115	1.1382
52.764	1.1404
53.420	1.1445
54.085	1.1510
54.759	1.1604
55.440	1.1726
56.131	1.1874
56.829	1.2042
57.537	1.2224
58.253	1.2416
58.978	1.2611
59.712	1.2808
60.456	1.3001
61.208	1.3190
61.970	1.3370
62.742	1.3539
63.523	1.3694
64.314	1.3831
65.114	1.3946
65.925	1.4039
66.745	1.4107
67.576	1.4152
68.418	1.4178
69.269	1.4192
70.132	1.4197
71.005	1.4199
71.889	1.4201
72.784	1.4202
73.690	1.4205
74.607	1.4209
75.536	1.4217
76.476	1.4230
77.428	1.4252
78.392	1.4285
79.368	1.4333
80.356	1.4397
81.356	1.4479
82.369	1.4580
83.394	1.4695
84.433	1.4821
85.484	1.4950
86.548	1.5074
87.625	1.5181
88.716	1.5265
89.820	1.5317
90.939	1.5336
92.071	1.5318
93.217	1.5267
94.377	1.5187
95.552	1.5084
96.742	1.4963
97.946	1.4828
99.165	1.4683
100.400	1.4532
101.650	1.4376
102.915	1.4217
104.196	1.4056
105.493	1.3897
106.806	1.3742
108.136	1.3592
109.482	1.3451
110.845	1.3320
112.225	1.3201
113.622	1.3093
115.037	1.2997
116.469	1.2909
117.919	1.2827
119.386	1.2751
120.873	1.2677
122.377	1.2602
123.901	1.2525
125.443	1.2446
127.005	1.2364
128.586	1.2279
130.187	1.2190
131.807	1.2098
133.448	1.2004
135.109	1.1906
136.791	1.1803
138.494	1.1695
140.218	1.1586
141.964	1.1475
143.731	1.1365
145.520	1.1258
147.332	1.1153
149.166	1.1052
151.023	1.0956
152.903	1.0864
154.806	1.0775
156.734	1.0689
158.685	1.0607
160.660	1.0526
162.660	1.0441
164.685	1.0358
166.735	1.0277
168.811	1.0201
170.912	1.0129
173.040	1.0063
175.194	1.0001
177.375	0.9947
179.583	0.9894
181.819	0.9838
184.082	0.9778
186.374	0.9716
188.694	0.9650
191.043	0.9581
193.421	0.9514
195.829	0.9449
198.267	0.9388
200.735	0.9332
203.234	0.9284
205.764	0.9255
208.325	0.9228
210.919	0.9206
213.544	0.9184
216.203	0.9159
218.894	0.9136
221.619	0.9115
224.378	0.9096
227.171	0.9082
229.999	0.9071
232.862	0.9062
235.761	0.9055
238.696	0.9047
241.668	0.9036
244.676	0.9020
247.722	0.8994
250.806	0.8952
253.928	0.8891
257.089	0.8812
260.290	0.8715
263.530	0.8606
266.810	0.8477
270.132	0.8374
273.495	0.8277
276.899	0.8181
280.346	0.8083
283.836	0.7983
287.370	0.7876
290.947	0.7765
294.569	0.7648
298.236	0.7529
301.949	0.7413
305.708	0.7297
309.513	0.7179
313.366	0.7057
317.267	0.6929
321.217	0.6796
325.216	0.6657
329.264	0.6515
333.363	0.6374
337.513	0.6236
341.715	0.6093
345.969	0.5959
350.276	0.5830
354.636	0.5708
359.051	0.5589
363.521	0.5462
368.046	0.5320
372.628	0.5159
377.266	0.4977
381.963	0.4781
386.718	0.4581
391.532	0.4390
396.406	0.4211
401.341	0.4037
406.337	0.3862
411.395	0.3694
416.517	0.3541
421.702	0.3414
426.951	0.3311
432.266	0.3231
437.648	0.3167
443.096	0.3127
448.612	0.3066
454.196	0.3000
459.851	0.2930
465.575	0.2859
471.371	0.2787
477.239	0.2715
483.180	0.2644
489.195	0.2575
495.285	0.2507
501.450	0.2443
507.693	0.2383
514.013	0.2330
520.412	0.2285
526.890	0.2247
533.449	0.2217
540.090	0.2191
546.814	0.2167
553.621	0.2139
560.513	0.2105
567.490	0.2062
574.555	0.2010
581.707	0.1951
588.949	0.1889
596.281	0.1830
603.703	0.1781
611.219	0.1746
618.828	0.1729
626.531	0.1733
634.331	0.1751
642.228	0.1772
650.222	0.1784
658.317	0.1785
666.512	0.1782
674.809	0.1781
683.210	0.1777
691.715	0.1766
700.326	0.1743
709.044	0.1710
717.871	0.1669
726.807	0.1621
735.855	0.1567
745.016	0.1512
754.290	0.1455
763.680	0.1396
773.187	0.1331
782.812	0.1268
792.557	0.1204
802.424	0.1139
812.413	0.1074
822.526	0.1006
832.766	0.0938
843.133	0.0872
853.629	0.0807
864.255	0.0743
875.014	0.0684
885.907	0.0630
896.935	0.0580
908.101	0.0537
919.406	0.0499
930.851	0.0470
942.439	0.0446
954.171	0.0428
966.049	0.0413
978.076	0.0400
990.251	0.0388
1002.579	0.0374
1015.060	0.0352
1027.696	0.0318
1040.489	0.0272
1053.442	0.0216
1066.556	0.0150
1079.833	0.0077
1093.276	-0.0003
1106.886	-0.0089
1120.665	-0.0175
1134.616	-0.0261
1148.741	-0.0344
1163.041	-0.0424
1177.519	-0.0501
1192.178	-0.0573
1207.019	-0.0640
1222.045	-0.0706
1237.258	-0.0767
1252.660	-0.0823
1268.254	-0.0875
1284.042	-0.0922
1300.027	-0.0964
1316.211	-0.1001
1332.596	-0.1034
1349.185	-0.1064
1365.981	-0.1095
1382.985	-0.1126
1400.202	-0.1156
1417.633	-0.1185
1435.280	-0.1214
1453.148	-0.1246
1471.238	-0.1279
1489.553	-0.1314
1508.096	-0.1352
1526.870	-0.1392
1545.877	-0.1434
1565.121	-0.1478
1584.605	-0.1523
1604.332	-0.1565
1624.303	-0.1608
1644.524	-0.1647
1664.996	-0.1678
1685.723	-0.1697
1706.708	-0.1702
1727.955	-0.1697
1749.466	-0.1678
1771.244	-0.1646
1793.294	-0.1603
1815.618	-0.1551
1838.221	-0.1488
1861.104	-0.1420
1884.272	-0.1346
1907.729	-0.1270
1931.478	-0.1200
1955.523	-0.1135
1979.866	-0.1076
2004.513	-0.1023
2029.467	-0.0975
2054.731	-0.0932
2080.310	-0.0893
2106.207	-0.0853
2132.427	-0.0809
2158.973	-0.0758
2185.849	-0.0698
2213.060	-0.0629
2240.610	-0.0547
2268.503	-0.0454
2296.743	-0.0345
2325.334	-0.0222
2354.282	-0.0098
2383.590	0.0017
2413.262	0.0122
2443.305	0.0214
2473.721	0.0295
2504.515	0.0369
2535.693	0.0436
2567.260	0.0495
2599.219	0.0546
2631.576	0.0587
2664.335	0.0618
2697.503	0.0638
2731.084	0.0652
2765.082	0.0663
2799.504	0.0672
2834.354	0.0679
2869.638	0.0685
2905.362	0.0685
2941.530	0.0685
2978.148	0.0686
3015.222	0.0688
3052.758	0.0693
3090.761	0.0700
3129.237	0.0711
3168.192	0.0728
3207.632	0.0752
3247.563	0.0782
3287.991	0.0819
3328.923	0.0868
3370.364	0.0928
3412.320	0.0999
3454.799	0.1080
3497.807	0.1168
3541.351	0.1260
3585.436	0.1351
3630.070	0.1437
3675.260	0.1521
3721.012	0.1598
3767.334	0.1669
3814.233	0.1732
3861.715	0.1784
3909.789	0.1830
3958.460	0.1878
4007.738	0.1927
4057.630	0.1979
4108.142	0.2026
4159.283	0.2078
4211.061	0.2135
4263.483	0.2200
4316.559	0.2274
4370.294	0.2360
4424.699	0.2458
4479.781	0.2567
4535.548	0.2684
4592.010	0.2800
4649.175	0.2915
4707.051	0.3028
4765.648	0.3135
4824.975	0.3236
4885.039	0.3317
4945.852	0.3388
5007.421	0.3452
5069.757	0.3506
5132.870	0.3545
5196.768	0.3558
5261.460	0.3552
5326.959	0.3527
5393.273	0.3482
5460.413	0.3416
5528.388	0.3331
5597.209	0.3229
5666.887	0.3111
5737.433	0.2982
5808.857	0.2843
5881.169	0.2690
5954.383	0.2525
6028.507	0.2350
6103.555	0.2164
6179.536	0.1970
6256.464	0.1767
6334.349	0.1559
6413.204	0.1346
6493.040	0.1134
6573.870	0.0922
6655.706	0.0713
6738.562	0.0505
6822.448	0.0294
6907.379	0.0078
6993.367	-0.0148
7080.426	-0.0388
7168.568	-0.0642
7257.808	-0.0908
7348.158	-0.1178
7439.633	-0.1457
7532.248	-0.1743
7626.015	-0.2033
7720.949	-0.2321
7817.065	-0.2613
7914.377	-0.2917
8012.901	-0.3233
8112.652	-0.3564
8213.645	-0.3897
8315.894	-0.4243
8419.416	-0.4599
8524.228	-0.4960
8630.343	-0.5323
8737.780	-0.5686
8846.555	-0.6050
8956.683	-0.6418
9068.182	-0.6792
9181.069	-0.7172
9295.362	-0.7560
9411.078	-0.7960
9528.233	-0.8378
9646.849	-0.8812
9766.939	-0.9272
9888.525	-0.9753
10011.625	-1.0254
10136.257	-1.0776
10262.440	-1.1319
10390.195	-1.1869
10519.540	-1.2441
10650.495	-1.3033
10783.080	-1.3643
10917.316	-1.4267
11053.223	-1.4904
11190.821	-1.5561
11330.133	-1.6236
11471.179	-1.6935
11613.980	-1.7653
11758.561	-1.8393
11904.939	-1.9154
12053.141	-1.9931
12203.188	-2.0717
12355.102	-2.1512
12508.907	-2.2318
12664.627	-2.3142
12822.286	-2.3978
12981.907	-2.4822
13143.516	-2.5675
13307.136	-2.6539
13472.793	-2.7416
13640.512	-2.8301
13810.319	-2.9192
13982.240	-3.0093
14156.302	-3.1012
14332.529	-3.1947
14510.951	-3.2896
14691.595	-3.3850
14874.486	-3.4818
15059.655	-3.5799
15247.129	-3.6793
15436.937	-3.7793
15629.106	-3.8798
15823.669	-3.9810
16020.654	-4.0825
16220.091	-4.1845
16422.010	-4.2862
16626.443	-4.3878
16833.422	-4.4890
17042.977	-4.5896
17255.141	-4.6893
17469.945	-4.7870
17687.424	-4.8831
17907.609	-4.9691
18130.537	-5.0564
18356.240	-5.1447
18584.752	-5.2334
18816.107	-5.3227
19050.346	-5.4121
19287.498	-5.5011
19527.604	-5.5901
19770.697	-5.6792
20016.816	-5.7689
