Sens Factor =1.5524dB, SERNO: 5834.tx
"Auto-generated 90-degree calibration file"
10.054	-6.7379
10.179	-6.5599
10.306	-6.3850
10.434	-6.2134
10.564	-6.0450
10.696	-5.8796
10.829	-5.7173
10.964	-5.5581
11.100	-5.4021
11.238	-5.2489
11.378	-5.0987
11.520	-4.9514
11.663	-4.8071
11.809	-4.6656
11.956	-4.5269
12.104	-4.3912
12.255	-4.2581
12.408	-4.1277
12.562	-4.0001
12.718	-3.8752
12.877	-3.7529
13.037	-3.6332
13.199	-3.5161
13.364	-3.4015
13.530	-3.2895
13.698	-3.1800
13.869	-3.0728
14.042	-2.9681
14.216	-2.8658
14.393	-2.7659
14.573	-2.6682
14.754	-2.5728
14.938	-2.4797
15.124	-2.3889
15.312	-2.3002
15.503	-2.2137
15.696	-2.1293
15.891	-2.0470
16.089	-1.9668
16.289	-1.8886
16.492	-1.8124
16.697	-1.7382
16.905	-1.6659
17.115	-1.5955
17.328	-1.5270
17.544	-1.4603
17.763	-1.3954
17.984	-1.3323
18.208	-1.2709
18.434	-1.2113
18.664	-1.1532
18.896	-1.0969
19.131	-1.0422
19.369	-0.9891
19.611	-0.9374
19.855	-0.8873
20.102	-0.8388
20.352	-0.7916
20.605	-0.7459
20.862	-0.7015
21.122	-0.6585
21.385	-0.6168
21.651	-0.5765
21.920	-0.5374
22.193	-0.4995
22.470	-0.4627
22.749	-0.4272
23.032	-0.3928
23.319	-0.3595
23.609	-0.3272
23.903	-0.2960
24.201	-0.2658
24.502	-0.2365
24.807	-0.2082
25.116	-0.1808
25.429	-0.1542
25.745	-0.1285
26.066	-0.1036
26.390	-0.0795
26.719	-0.0561
27.051	-0.0334
27.388	-0.0114
27.729	0.0100
28.074	0.0307
28.424	0.0509
28.778	0.0705
29.136	0.0896
29.499	0.1083
29.866	0.1264
30.238	0.1442
30.614	0.1615
30.995	0.1785
31.381	0.1952
31.772	0.2116
32.167	0.2278
32.568	0.2437
32.973	0.2594
33.383	0.2749
33.799	0.2904
34.220	0.3057
34.646	0.3210
35.077	0.3362
35.514	0.3518
35.956	0.3672
36.403	0.3823
36.857	0.3974
37.315	0.4124
37.780	0.4273
38.250	0.4422
38.726	0.4569
39.209	0.4715
39.697	0.4860
40.191	0.5004
40.691	0.5149
41.198	0.5297
41.711	0.5450
42.230	0.5609
42.756	0.5773
43.288	0.5939
43.827	0.6103
44.372	0.6262
44.925	0.6408
45.484	0.6538
46.050	0.6647
46.623	0.6734
47.204	0.6798
47.791	0.6840
48.386	0.6863
48.989	0.6867
49.599	0.6856
50.216	0.6833
50.841	0.6801
51.474	0.6765
52.115	0.6731
52.764	0.6705
53.420	0.6692
54.085	0.6701
54.759	0.6737
55.440	0.6804
56.131	0.6904
56.829	0.7034
57.537	0.7188
58.253	0.7362
58.978	0.7549
59.712	0.7743
60.456	0.7938
61.208	0.8131
61.970	0.8318
62.742	0.8498
63.523	0.8670
64.314	0.8832
65.114	0.8982
65.925	0.9120
66.745	0.9243
67.576	0.9347
68.418	0.9431
69.269	0.9492
70.132	0.9529
71.005	0.9544
71.889	0.9540
72.784	0.9523
73.690	0.9498
74.607	0.9472
75.536	0.9452
76.476	0.9440
77.428	0.9440
78.392	0.9453
79.368	0.9478
80.356	0.9512
81.356	0.9555
82.369	0.9604
83.394	0.9655
84.433	0.9704
85.484	0.9747
86.548	0.9778
87.625	0.9791
88.716	0.9780
89.820	0.9741
90.939	0.9667
92.071	0.9558
93.217	0.9414
94.377	0.9240
95.552	0.9042
96.742	0.8825
97.946	0.8596
99.165	0.8360
100.400	0.8122
101.650	0.7884
102.915	0.7651
104.196	0.7424
105.493	0.7206
106.806	0.6997
108.136	0.6800
109.482	0.6614
110.845	0.6440
112.225	0.6280
113.622	0.6133
115.037	0.6000
116.469	0.5880
117.919	0.5774
119.386	0.5678
120.873	0.5592
122.377	0.5513
123.901	0.5439
125.443	0.5368
127.005	0.5300
128.586	0.5232
130.187	0.5165
131.807	0.5098
133.448	0.5032
135.109	0.4965
136.791	0.4898
138.494	0.4831
140.218	0.4764
141.964	0.4699
143.731	0.4634
145.520	0.4570
147.332	0.4506
149.166	0.4442
151.023	0.4379
152.903	0.4316
154.806	0.4254
156.734	0.4192
158.685	0.4132
160.660	0.4072
162.660	0.4013
164.685	0.3955
166.735	0.3900
168.811	0.3844
170.912	0.3790
173.040	0.3735
175.194	0.3680
177.375	0.3621
179.583	0.3559
181.819	0.3493
184.082	0.3425
186.374	0.3355
188.694	0.3284
191.043	0.3211
193.421	0.3137
195.829	0.3063
198.267	0.2990
200.735	0.2922
203.234	0.2856
205.764	0.2798
208.325	0.2739
210.919	0.2681
213.544	0.2621
216.203	0.2557
218.894	0.2495
221.619	0.2435
224.378	0.2375
227.171	0.2317
229.999	0.2259
232.862	0.2199
235.761	0.2138
238.696	0.2074
241.668	0.2008
244.676	0.1938
247.722	0.1864
250.806	0.1785
253.928	0.1699
257.089	0.1608
260.290	0.1512
263.530	0.1412
266.810	0.1304
270.132	0.1208
273.495	0.1113
276.899	0.1019
280.346	0.0928
283.836	0.0838
287.370	0.0748
290.947	0.0660
294.569	0.0573
298.236	0.0488
301.949	0.0404
305.708	0.0320
309.513	0.0234
313.366	0.0143
317.267	0.0048
321.217	-0.0052
325.216	-0.0156
329.264	-0.0265
333.363	-0.0378
337.513	-0.0493
341.715	-0.0612
345.969	-0.0725
350.276	-0.0837
354.636	-0.0941
359.051	-0.1042
363.521	-0.1146
368.046	-0.1255
372.628	-0.1368
377.266	-0.1487
381.963	-0.1608
386.718	-0.1723
391.532	-0.1819
396.406	-0.1888
401.341	-0.1927
406.337	-0.1951
411.395	-0.1978
416.517	-0.2012
421.702	-0.2052
426.951	-0.2098
432.266	-0.2144
437.648	-0.2191
443.096	-0.2233
448.612	-0.2287
454.196	-0.2343
459.851	-0.2399
465.575	-0.2457
471.371	-0.2513
477.239	-0.2567
483.180	-0.2619
489.195	-0.2668
495.285	-0.2715
501.450	-0.2755
507.693	-0.2791
514.013	-0.2820
520.412	-0.2841
526.890	-0.2855
533.449	-0.2859
540.090	-0.2857
546.814	-0.2848
553.621	-0.2835
560.513	-0.2820
567.490	-0.2804
574.555	-0.2789
581.707	-0.2774
588.949	-0.2758
596.281	-0.2740
603.703	-0.2716
611.219	-0.2687
618.828	-0.2652
626.531	-0.2609
634.331	-0.2563
642.228	-0.2520
650.222	-0.2491
658.317	-0.2484
666.512	-0.2500
674.809	-0.2521
683.210	-0.2526
691.715	-0.2510
700.326	-0.2471
709.044	-0.2411
717.871	-0.2339
726.807	-0.2260
735.855	-0.2176
745.016	-0.2091
754.290	-0.2006
763.680	-0.1925
773.187	-0.1850
782.812	-0.1776
792.557	-0.1706
802.424	-0.1639
812.413	-0.1575
822.526	-0.1516
832.766	-0.1460
843.133	-0.1408
853.629	-0.1363
864.255	-0.1327
875.014	-0.1299
885.907	-0.1284
896.935	-0.1280
908.101	-0.1288
919.406	-0.1307
930.851	-0.1333
942.439	-0.1370
954.171	-0.1414
966.049	-0.1465
978.076	-0.1520
990.251	-0.1577
1002.579	-0.1633
1015.060	-0.1686
1027.696	-0.1736
1040.489	-0.1782
1053.442	-0.1821
1066.556	-0.1855
1079.833	-0.1884
1093.276	-0.1908
1106.886	-0.1933
1120.665	-0.1957
1134.616	-0.1986
1148.741	-0.2019
1163.041	-0.2059
1177.519	-0.2106
1192.178	-0.2156
1207.019	-0.2209
1222.045	-0.2264
1237.258	-0.2319
1252.660	-0.2370
1268.254	-0.2421
1284.042	-0.2468
1300.027	-0.2514
1316.211	-0.2556
1332.596	-0.2597
1349.185	-0.2635
1365.981	-0.2676
1382.985	-0.2715
1400.202	-0.2750
1417.633	-0.2780
1435.280	-0.2801
1453.148	-0.2817
1471.238	-0.2823
1489.553	-0.2817
1508.096	-0.2805
1526.870	-0.2785
1545.877	-0.2758
1565.121	-0.2727
1584.605	-0.2694
1604.332	-0.2659
1624.303	-0.2626
1644.524	-0.2595
1664.996	-0.2566
1685.723	-0.2542
1706.708	-0.2523
1727.955	-0.2515
1749.466	-0.2513
1771.244	-0.2514
1793.294	-0.2519
1815.618	-0.2527
1838.221	-0.2535
1861.104	-0.2546
1884.272	-0.2555
1907.729	-0.2564
1931.478	-0.2578
1955.523	-0.2590
1979.866	-0.2596
2004.513	-0.2596
2029.467	-0.2589
2054.731	-0.2576
2080.310	-0.2558
2106.207	-0.2539
2132.427	-0.2518
2158.973	-0.2501
2185.849	-0.2488
2213.060	-0.2477
2240.610	-0.2469
2268.503	-0.2466
2296.743	-0.2467
2325.334	-0.2472
2354.282	-0.2479
2383.590	-0.2481
2413.262	-0.2473
2443.305	-0.2457
2473.721	-0.2434
2504.515	-0.2401
2535.693	-0.2360
2567.260	-0.2311
2599.219	-0.2257
2631.576	-0.2195
2664.335	-0.2126
2697.503	-0.2049
2731.084	-0.1970
2765.082	-0.1892
2799.504	-0.1815
2834.354	-0.1740
2869.638	-0.1665
2905.362	-0.1598
2941.530	-0.1532
2978.148	-0.1467
3015.222	-0.1404
3052.758	-0.1342
3090.761	-0.1284
3129.237	-0.1228
3168.192	-0.1175
3207.632	-0.1126
3247.563	-0.1084
3287.991	-0.1052
3328.923	-0.1026
3370.364	-0.1007
3412.320	-0.0993
3454.799	-0.0983
3497.807	-0.0976
3541.351	-0.0966
3585.436	-0.0954
3630.070	-0.0938
3675.260	-0.0917
3721.012	-0.0894
3767.334	-0.0862
3814.233	-0.0820
3861.715	-0.0770
3909.789	-0.0710
3958.460	-0.0647
4007.738	-0.0585
4057.630	-0.0524
4108.142	-0.0471
4159.283	-0.0419
4211.061	-0.0373
4263.483	-0.0329
4316.559	-0.0291
4370.294	-0.0256
4424.699	-0.0227
4479.781	-0.0201
4535.548	-0.0173
4592.010	-0.0144
4649.175	-0.0114
4707.051	-0.0084
4765.648	-0.0054
4824.975	-0.0027
4885.039	-0.0019
4945.852	-0.0019
5007.421	-0.0025
5069.757	-0.0039
5132.870	-0.0062
5196.768	-0.0102
5261.460	-0.0148
5326.959	-0.0199
5393.273	-0.0256
5460.413	-0.0322
5528.388	-0.0396
5597.209	-0.0480
5666.887	-0.0574
5737.433	-0.0677
5808.857	-0.0785
5881.169	-0.0901
5954.383	-0.1025
6028.507	-0.1156
6103.555	-0.1292
6179.536	-0.1434
6256.464	-0.1579
6334.349	-0.1727
6413.204	-0.1880
6493.040	-0.2041
6573.870	-0.2209
6655.706	-0.2386
6738.562	-0.2572
6822.448	-0.2766
6907.379	-0.2964
6993.367	-0.3168
7080.426	-0.3380
7168.568	-0.3599
7257.808	-0.3825
7348.158	-0.4056
7439.633	-0.4303
7532.248	-0.4570
7626.015	-0.4865
7720.949	-0.5176
7817.065	-0.5505
7914.377	-0.5850
8012.901	-0.6210
8112.652	-0.6585
8213.645	-0.6960
8315.894	-0.7346
8419.416	-0.7742
8524.228	-0.8148
8630.343	-0.8568
8737.780	-0.9000
8846.555	-0.9444
8956.683	-0.9903
9068.182	-1.0375
9181.069	-1.0861
9295.362	-1.1359
9411.078	-1.1870
9528.233	-1.2395
9646.849	-1.2936
9766.939	-1.3502
9888.525	-1.4090
10011.625	-1.4695
10136.257	-1.5323
10262.440	-1.5971
10390.195	-1.6628
10519.540	-1.7312
10650.495	-1.8024
10783.080	-1.8764
10917.316	-1.9532
11053.223	-2.0328
11190.821	-2.1150
11330.133	-2.1998
11471.179	-2.2870
11613.980	-2.3754
11758.561	-2.4653
11904.939	-2.5562
12053.141	-2.6483
12203.188	-2.7416
12355.102	-2.8349
12508.907	-2.9292
12664.627	-3.0243
12822.286	-3.1202
12981.907	-3.2170
13143.516	-3.3148
13307.136	-3.4145
13472.793	-3.5164
13640.512	-3.6204
13810.319	-3.7257
13982.240	-3.8328
14156.302	-3.9418
14332.529	-4.0521
14510.951	-4.1637
14691.595	-4.2758
14874.486	-4.3894
15059.655	-4.5043
15247.129	-4.6202
15436.937	-4.7368
15629.106	-4.8539
15823.669	-4.9718
16020.654	-5.0911
16220.091	-5.2111
16422.010	-5.3314
16626.443	-5.4520
16833.422	-5.5731
17042.977	-5.6944
17255.141	-5.8157
17469.945	-5.9364
17687.424	-6.0562
17907.609	-6.1504
18130.537	-6.2456
18356.240	-6.3409
18584.752	-6.4371
18816.107	-6.5344
19050.346	-6.6331
19287.498	-6.7335
19527.604	-6.8361
19770.697	-6.9413
20016.816	-7.0484
