Sens Factor =-.814dB, SERNO: 5775.tx
"Auto-generated 90-degree calibration file"
10.054	-8.7169
10.179	-8.5288
10.306	-8.3437
10.434	-8.1620
10.564	-7.9834
10.696	-7.8078
10.829	-7.6355
10.964	-7.4661
11.100	-7.2999
11.238	-7.1366
11.378	-6.9763
11.520	-6.8188
11.663	-6.6644
11.809	-6.5127
11.956	-6.3639
12.104	-6.2180
12.255	-6.0748
12.408	-5.9342
12.562	-5.7965
12.718	-5.6615
12.877	-5.5290
13.037	-5.3992
13.199	-5.2720
13.364	-5.1472
13.530	-5.0250
13.698	-4.9054
13.869	-4.7881
14.042	-4.6732
14.216	-4.5608
14.393	-4.4507
14.573	-4.3428
14.754	-4.2374
14.938	-4.1341
15.124	-4.0331
15.312	-3.9343
15.503	-3.8376
15.696	-3.7431
15.891	-3.6507
16.089	-3.5603
16.289	-3.4720
16.492	-3.3856
16.697	-3.3013
16.905	-3.2189
17.115	-3.1384
17.328	-3.0597
17.544	-2.9828
17.763	-2.9077
17.984	-2.8345
18.208	-2.7630
18.434	-2.6933
18.664	-2.6251
18.896	-2.5586
19.131	-2.4938
19.369	-2.4305
19.611	-2.3687
19.855	-2.3085
20.102	-2.2497
20.352	-2.1925
20.605	-2.1366
20.862	-2.0821
21.122	-2.0289
21.385	-1.9771
21.651	-1.9266
21.920	-1.8774
22.193	-1.8293
22.470	-1.7824
22.749	-1.7368
23.032	-1.6922
23.319	-1.6487
23.609	-1.6064
23.903	-1.5650
24.201	-1.5246
24.502	-1.4852
24.807	-1.4467
25.116	-1.4092
25.429	-1.3724
25.745	-1.3366
26.066	-1.3015
26.390	-1.2673
26.719	-1.2337
27.051	-1.2010
27.388	-1.1688
27.729	-1.1373
28.074	-1.1064
28.424	-1.0760
28.778	-1.0463
29.136	-1.0170
29.499	-0.9883
29.866	-0.9600
30.238	-0.9321
30.614	-0.9046
30.995	-0.8774
31.381	-0.8506
31.772	-0.8240
32.167	-0.7978
32.568	-0.7717
32.973	-0.7459
33.383	-0.7202
33.799	-0.6946
34.220	-0.6691
34.646	-0.6437
35.077	-0.6183
35.514	-0.5888
35.956	-0.5615
36.403	-0.5361
36.857	-0.5127
37.315	-0.4915
37.780	-0.4728
38.250	-0.4571
38.726	-0.4450
39.209	-0.4370
39.697	-0.4333
40.191	-0.4333
40.691	-0.4358
41.198	-0.4389
41.711	-0.4407
42.230	-0.4396
42.756	-0.4348
43.288	-0.4273
43.827	-0.4184
44.372	-0.4092
44.925	-0.4006
45.484	-0.3935
46.050	-0.3884
46.623	-0.3857
47.204	-0.3858
47.791	-0.3891
48.386	-0.3957
48.989	-0.4054
49.599	-0.4178
50.216	-0.4324
50.841	-0.4482
51.474	-0.4644
52.115	-0.4799
52.764	-0.4938
53.420	-0.5053
54.085	-0.5134
54.759	-0.5171
55.440	-0.5156
56.131	-0.5085
56.829	-0.4962
57.537	-0.4790
58.253	-0.4579
58.978	-0.4338
59.712	-0.4074
60.456	-0.3793
61.208	-0.3500
61.970	-0.3195
62.742	-0.2877
63.523	-0.2546
64.314	-0.2198
65.114	-0.1831
65.925	-0.1446
66.745	-0.1049
67.576	-0.0654
68.418	-0.0284
69.269	0.0043
70.132	0.0308
71.005	0.0505
71.889	0.0640
72.784	0.0728
73.690	0.0781
74.607	0.0811
75.536	0.0831
76.476	0.0848
77.428	0.0868
78.392	0.0897
79.368	0.0940
80.356	0.0997
81.356	0.1069
82.369	0.1152
83.394	0.1240
84.433	0.1326
85.484	0.1400
86.548	0.1452
87.625	0.1471
88.716	0.1451
89.820	0.1387
90.939	0.1278
92.071	0.1126
93.217	0.0934
94.377	0.0709
95.552	0.0460
96.742	0.0196
97.946	-0.0075
99.165	-0.0346
100.400	-0.0613
101.650	-0.0873
102.915	-0.1122
104.196	-0.1360
105.493	-0.1582
106.806	-0.1788
108.136	-0.1974
109.482	-0.2137
110.845	-0.2275
112.225	-0.2387
113.622	-0.2473
115.037	-0.2536
116.469	-0.2575
117.919	-0.2595
119.386	-0.2596
120.873	-0.2583
122.377	-0.2559
123.901	-0.2528
125.443	-0.2493
127.005	-0.2457
128.586	-0.2419
130.187	-0.2382
131.807	-0.2345
133.448	-0.2308
135.109	-0.2272
136.791	-0.2238
138.494	-0.2205
140.218	-0.2174
141.964	-0.2145
143.731	-0.2116
145.520	-0.2088
147.332	-0.2061
149.166	-0.2035
151.023	-0.2011
152.903	-0.1989
154.806	-0.1970
156.734	-0.1953
158.685	-0.1941
160.660	-0.1932
162.660	-0.1926
164.685	-0.1930
166.735	-0.1946
168.811	-0.1972
170.912	-0.2009
173.040	-0.2056
175.194	-0.2112
177.375	-0.2175
179.583	-0.2246
181.819	-0.2328
184.082	-0.2423
186.374	-0.2532
188.694	-0.2656
191.043	-0.2795
193.421	-0.2944
195.829	-0.3101
198.267	-0.3262
200.735	-0.3423
203.234	-0.3575
205.764	-0.3704
208.325	-0.3813
210.919	-0.3900
213.544	-0.3956
216.203	-0.3986
218.894	-0.4009
221.619	-0.4024
224.378	-0.4030
227.171	-0.4028
229.999	-0.4017
232.862	-0.3998
235.761	-0.3969
238.696	-0.3934
241.668	-0.3891
244.676	-0.3845
247.722	-0.3799
250.806	-0.3755
253.928	-0.3718
257.089	-0.3688
260.290	-0.3664
263.530	-0.3644
266.810	-0.3636
270.132	-0.3614
273.495	-0.3582
276.899	-0.3541
280.346	-0.3492
283.836	-0.3436
287.370	-0.3375
290.947	-0.3309
294.569	-0.3242
298.236	-0.3172
301.949	-0.3100
305.708	-0.3023
309.513	-0.2941
313.366	-0.2853
317.267	-0.2756
321.217	-0.2655
325.216	-0.2552
329.264	-0.2450
333.363	-0.2351
337.513	-0.2262
341.715	-0.2197
345.969	-0.2154
350.276	-0.2137
354.636	-0.2153
359.051	-0.2196
363.521	-0.2244
368.046	-0.2290
372.628	-0.2332
377.266	-0.2365
381.963	-0.2392
386.718	-0.2414
391.532	-0.2437
396.406	-0.2476
401.341	-0.2542
406.337	-0.2625
411.395	-0.2704
416.517	-0.2767
421.702	-0.2808
426.951	-0.2828
432.266	-0.2831
437.648	-0.2820
443.096	-0.2791
448.612	-0.2771
454.196	-0.2750
459.851	-0.2730
465.575	-0.2708
471.371	-0.2685
477.239	-0.2658
483.180	-0.2628
489.195	-0.2592
495.285	-0.2551
501.450	-0.2501
507.693	-0.2444
514.013	-0.2379
520.412	-0.2308
526.890	-0.2232
533.449	-0.2151
540.090	-0.2068
546.814	-0.1983
553.621	-0.1898
560.513	-0.1815
567.490	-0.1732
574.555	-0.1649
581.707	-0.1564
588.949	-0.1477
596.281	-0.1388
603.703	-0.1301
611.219	-0.1223
618.828	-0.1156
626.531	-0.1104
634.331	-0.1068
642.228	-0.1047
650.222	-0.1032
658.317	-0.1010
666.512	-0.0967
674.809	-0.0910
683.210	-0.0857
691.715	-0.0814
700.326	-0.0782
709.044	-0.0756
717.871	-0.0734
726.807	-0.0715
735.855	-0.0699
745.016	-0.0685
754.290	-0.0673
763.680	-0.0663
773.187	-0.0655
782.812	-0.0645
792.557	-0.0633
802.424	-0.0619
812.413	-0.0604
822.526	-0.0591
832.766	-0.0577
843.133	-0.0563
853.629	-0.0550
864.255	-0.0541
875.014	-0.0531
885.907	-0.0523
896.935	-0.0514
908.101	-0.0505
919.406	-0.0494
930.851	-0.0478
942.439	-0.0461
954.171	-0.0439
966.049	-0.0417
978.076	-0.0395
990.251	-0.0375
1002.579	-0.0355
1015.060	-0.0340
1027.696	-0.0329
1040.489	-0.0325
1053.442	-0.0322
1066.556	-0.0322
1079.833	-0.0323
1093.276	-0.0323
1106.886	-0.0323
1120.665	-0.0319
1134.616	-0.0315
1148.741	-0.0311
1163.041	-0.0308
1177.519	-0.0309
1192.178	-0.0311
1207.019	-0.0314
1222.045	-0.0319
1237.258	-0.0324
1252.660	-0.0325
1268.254	-0.0325
1284.042	-0.0323
1300.027	-0.0320
1316.211	-0.0314
1332.596	-0.0307
1349.185	-0.0297
1365.981	-0.0291
1382.985	-0.0286
1400.202	-0.0280
1417.633	-0.0275
1435.280	-0.0268
1453.148	-0.0263
1471.238	-0.0258
1489.553	-0.0251
1508.096	-0.0246
1526.870	-0.0242
1545.877	-0.0238
1565.121	-0.0237
1584.605	-0.0237
1604.332	-0.0238
1624.303	-0.0240
1644.524	-0.0243
1664.996	-0.0245
1685.723	-0.0244
1706.708	-0.0240
1727.955	-0.0236
1749.466	-0.0226
1771.244	-0.0210
1793.294	-0.0189
1815.618	-0.0164
1838.221	-0.0135
1861.104	-0.0106
1884.272	-0.0075
1907.729	-0.0043
1931.478	-0.0018
1955.523	0.0004
1979.866	0.0025
2004.513	0.0046
2029.467	0.0070
2054.731	0.0099
2080.310	0.0136
2106.207	0.0178
2132.427	0.0229
2158.973	0.0287
2185.849	0.0351
2213.060	0.0422
2240.610	0.0502
2268.503	0.0589
2296.743	0.0687
2325.334	0.0793
2354.282	0.0899
2383.590	0.1000
2413.262	0.1092
2443.305	0.1174
2473.721	0.1249
2504.515	0.1319
2535.693	0.1388
2567.260	0.1452
2599.219	0.1512
2631.576	0.1570
2664.335	0.1626
2697.503	0.1681
2731.084	0.1738
2765.082	0.1799
2799.504	0.1862
2834.354	0.1928
2869.638	0.1996
2905.362	0.2058
2941.530	0.2120
2978.148	0.2184
3015.222	0.2249
3052.758	0.2317
3090.761	0.2386
3129.237	0.2458
3168.192	0.2536
3207.632	0.2618
3247.563	0.2703
3287.991	0.2790
3328.923	0.2882
3370.364	0.2976
3412.320	0.3071
3454.799	0.3167
3497.807	0.3262
3541.351	0.3358
3585.436	0.3453
3630.070	0.3547
3675.260	0.3642
3721.012	0.3735
3767.334	0.3828
3814.233	0.3919
3861.715	0.4005
3909.789	0.4089
3958.460	0.4172
4007.738	0.4256
4057.630	0.4339
4108.142	0.4414
4159.283	0.4488
4211.061	0.4562
4263.483	0.4637
4316.559	0.4715
4370.294	0.4801
4424.699	0.4891
4479.781	0.4985
4535.548	0.5082
4592.010	0.5175
4649.175	0.5263
4707.051	0.5348
4765.648	0.5426
4824.975	0.5498
4885.039	0.5548
4945.852	0.5586
5007.421	0.5615
5069.757	0.5632
5132.870	0.5632
5196.768	0.5603
5261.460	0.5553
5326.959	0.5480
5393.273	0.5381
5460.413	0.5255
5528.388	0.5101
5597.209	0.4918
5666.887	0.4709
5737.433	0.4480
5808.857	0.4234
5881.169	0.3969
5954.383	0.3685
6028.507	0.3384
6103.555	0.3067
6179.536	0.2736
6256.464	0.2392
6334.349	0.2038
6413.204	0.1676
6493.040	0.1311
6573.870	0.0943
6655.706	0.0573
6738.562	0.0202
6822.448	-0.0173
6907.379	-0.0552
6993.367	-0.0939
7080.426	-0.1339
7168.568	-0.1753
7257.808	-0.2182
7348.158	-0.2618
7439.633	-0.3070
7532.248	-0.3536
7626.015	-0.4017
7720.949	-0.4505
7817.065	-0.5007
7914.377	-0.5531
8012.901	-0.6081
8112.652	-0.6659
8213.645	-0.7252
8315.894	-0.7871
8419.416	-0.8512
8524.228	-0.9171
8630.343	-0.9843
8737.780	-1.0522
8846.555	-1.1204
8956.683	-1.1891
9068.182	-1.2578
9181.069	-1.3264
9295.362	-1.3947
9411.078	-1.4631
9528.233	-1.5324
9646.849	-1.6026
9766.939	-1.6747
9888.525	-1.7483
10011.625	-1.8235
10136.257	-1.9005
10262.440	-1.9791
10390.195	-2.0584
10519.540	-2.1397
10650.495	-2.2227
10783.080	-2.3071
10917.316	-2.3924
11053.223	-2.4787
11190.821	-2.5667
11330.133	-2.6564
11471.179	-2.7483
11613.980	-2.8419
11758.561	-2.9377
11904.939	-3.0352
12053.141	-3.1338
12203.188	-3.2323
12355.102	-3.3297
12508.907	-3.4263
12664.627	-3.5219
12822.286	-3.6162
12981.907	-3.7087
13143.516	-3.7995
13307.136	-3.8889
13472.793	-3.9771
13640.512	-4.0643
13810.319	-4.1505
13982.240	-4.2361
14156.302	-4.3221
14332.529	-4.4084
14510.951	-4.4949
14691.595	-4.5813
14874.486	-4.6684
15059.655	-4.7564
15247.129	-4.8452
15436.937	-4.9341
15629.106	-5.0230
15823.669	-5.1122
16020.654	-5.2013
16220.091	-5.2904
16422.010	-5.3794
16626.443	-5.4681
16833.422	-5.5566
17042.977	-5.6448
17255.141	-5.7323
17469.945	-5.8169
17687.424	-5.8990
17907.609	-5.9771
18130.537	-6.0564
18356.240	-6.1361
18584.752	-6.2155
18816.107	-6.2949
19050.346	-6.3738
19287.498	-6.4516
19527.604	-6.5285
19770.697	-6.6046
20016.816	-6.6808
