Sens Factor =1.6531dB, SERNO: 5832.tx
10.054	-5.8420
10.179	-5.6700
10.306	-5.5013
10.434	-5.3358
10.564	-5.1735
10.696	-5.0142
10.829	-4.8581
10.964	-4.7050
11.1	-4.5550
11.238	-4.4079
11.378	-4.2639
11.52	-4.1227
11.663	-3.9845
11.809	-3.8491
11.956	-3.7165
12.104	-3.5868
12.255	-3.4599
12.408	-3.3356
12.562	-3.2141
12.718	-3.0953
12.877	-2.9791
13.037	-2.8655
13.199	-2.7546
13.364	-2.6461
13.53	-2.5401
13.698	-2.4367
13.869	-2.3357
14.042	-2.2371
14.216	-2.1409
14.393	-2.0471
14.573	-1.9555
14.754	-1.8663
14.938	-1.7793
15.124	-1.6945
15.312	-1.6120
15.503	-1.5315
15.696	-1.4533
15.891	-1.3771
16.089	-1.3030
16.289	-1.2309
16.492	-1.1608
16.697	-1.0927
16.905	-1.0265
17.115	-0.9622
17.328	-0.8998
17.544	-0.8392
17.763	-0.7804
17.984	-0.7234
18.208	-0.6682
18.434	-0.6146
18.664	-0.5627
18.896	-0.5125
19.131	-0.4639
19.369	-0.4169
19.611	-0.3713
19.855	-0.3274
20.102	-0.2849
20.352	-0.2439
20.605	-0.2042
20.862	-0.1660
21.122	-0.1291
21.385	-0.0935
21.651	-0.0593
21.92	-0.0263
22.193	0.0055
22.47	0.0362
22.749	0.0656
23.032	0.0939
23.319	0.1211
23.609	0.1472
23.903	0.1724
24.201	0.1965
24.502	0.2196
24.807	0.2418
25.116	0.2632
25.429	0.2836
25.745	0.3032
26.066	0.3220
26.39	0.3400
26.719	0.3573
27.051	0.3739
27.388	0.3898
27.729	0.4050
28.074	0.4197
28.424	0.4337
28.778	0.4473
29.136	0.4603
29.499	0.4728
29.866	0.4848
30.238	0.4965
30.614	0.5077
30.995	0.5186
31.381	0.5292
31.772	0.5395
32.167	0.5495
32.568	0.5593
32.973	0.5689
33.383	0.5784
33.799	0.5877
34.22	0.5969
34.646	0.6061
35.077	0.6152
35.514	0.6244
35.956	0.6336
36.403	0.6427
36.857	0.6518
37.315	0.6608
37.78	0.6700
38.25	0.6794
38.726	0.6892
39.209	0.6996
39.697	0.7106
40.191	0.7223
40.691	0.7344
41.198	0.7469
41.711	0.7595
42.23	0.7720
42.756	0.7841
43.288	0.7960
43.827	0.8076
44.372	0.8189
44.925	0.8301
45.484	0.8411
46.05	0.8520
46.623	0.8628
47.204	0.8735
47.791	0.8840
48.386	0.8945
48.989	0.9047
49.599	0.9145
50.216	0.9239
50.841	0.9326
51.474	0.9405
52.115	0.9479
52.764	0.9547
53.42	0.9610
54.085	0.9669
54.759	0.9724
55.44	0.9775
56.131	0.9819
56.829	0.9856
57.537	0.9887
58.253	0.9912
58.978	0.9932
59.712	0.9947
60.456	0.9959
61.208	0.9969
61.97	0.9977
62.742	0.9983
63.523	0.9985
64.314	0.9984
65.114	0.9976
65.925	0.9961
66.745	0.9937
67.576	0.9905
68.418	0.9869
69.269	0.9830
70.132	0.9792
71.005	0.9758
71.889	0.9730
72.784	0.9706
73.69	0.9687
74.607	0.9671
75.536	0.9655
76.476	0.9637
77.428	0.9617
78.392	0.9594
79.368	0.9565
80.356	0.9530
81.356	0.9489
82.369	0.9445
83.394	0.9401
84.433	0.9358
85.484	0.9318
86.548	0.9281
87.625	0.9245
88.716	0.9209
89.82	0.9173
90.939	0.9136
92.071	0.9100
93.217	0.9064
94.377	0.9030
95.552	0.8999
96.742	0.8969
97.946	0.8941
99.165	0.8915
100.4	0.8890
101.65	0.8865
102.915	0.8839
104.196	0.8811
105.493	0.8779
106.806	0.8739
108.136	0.8693
109.482	0.8644
110.845	0.8592
112.225	0.8539
113.622	0.8484
115.037	0.8426
116.469	0.8367
117.919	0.8305
119.386	0.8242
120.873	0.8176
122.377	0.8110
123.901	0.8043
125.443	0.7974
127.005	0.7902
128.586	0.7828
130.187	0.7752
131.807	0.7673
133.448	0.7593
135.109	0.7513
136.791	0.7431
138.494	0.7348
140.218	0.7264
141.964	0.7178
143.731	0.7091
145.52	0.7002
147.332	0.6914
149.166	0.6825
151.023	0.6735
152.903	0.6645
154.806	0.6553
156.734	0.6462
158.685	0.6370
160.66	0.6281
162.66	0.6196
164.685	0.6109
166.735	0.6015
168.811	0.5917
170.912	0.5813
173.04	0.5705
175.194	0.5593
177.375	0.5481
179.583	0.5369
181.819	0.5252
184.082	0.5130
186.374	0.5004
188.694	0.4872
191.043	0.4734
193.421	0.4592
195.829	0.4447
198.267	0.4301
200.735	0.4160
203.234	0.4026
205.764	0.3914
208.325	0.3819
210.919	0.3745
213.544	0.3699
216.203	0.3678
218.894	0.3662
221.619	0.3649
224.378	0.3639
227.171	0.3631
229.999	0.3626
232.862	0.3623
235.761	0.3623
238.696	0.3625
241.668	0.3627
244.676	0.3627
247.722	0.3623
250.806	0.3611
253.928	0.3589
257.089	0.3558
260.29	0.3516
263.53	0.3468
266.81	0.3405
270.132	0.3354
273.495	0.3310
276.899	0.3278
280.346	0.3253
283.836	0.3236
287.37	0.3226
290.947	0.3223
294.569	0.3223
298.236	0.3226
301.949	0.3231
305.708	0.3238
309.513	0.3248
313.366	0.3260
317.267	0.3274
321.217	0.3288
325.216	0.3301
329.264	0.3315
333.363	0.3326
337.513	0.3332
341.715	0.3323
345.969	0.3303
350.276	0.3271
354.636	0.3214
359.051	0.3135
363.521	0.3047
368.046	0.2948
372.628	0.2832
377.266	0.2696
381.963	0.2544
386.718	0.2384
391.532	0.2224
396.406	0.2075
401.341	0.1943
406.337	0.1820
411.395	0.1701
416.517	0.1589
421.702	0.1487
426.951	0.1399
432.266	0.1323
437.648	0.1257
443.096	0.1208
448.612	0.1147
454.196	0.1084
459.851	0.1020
465.575	0.0956
471.371	0.0892
477.239	0.0830
483.18	0.0768
489.195	0.0709
495.285	0.0653
501.45	0.0601
507.693	0.0553
514.013	0.0508
520.412	0.0469
526.89	0.0437
533.449	0.0412
540.09	0.0394
546.814	0.0379
553.621	0.0367
560.513	0.0353
567.49	0.0335
574.555	0.0314
581.707	0.0290
588.949	0.0266
596.281	0.0245
603.703	0.0232
611.219	0.0234
618.828	0.0253
626.531	0.0296
634.331	0.0357
642.228	0.0427
650.222	0.0499
658.317	0.0563
666.512	0.0613
674.809	0.0658
683.21	0.0702
691.715	0.0743
700.326	0.0779
709.044	0.0809
717.871	0.0830
726.807	0.0843
735.855	0.0850
745.016	0.0851
754.29	0.0848
763.68	0.0842
773.187	0.0833
782.812	0.0823
792.557	0.0811
802.424	0.0798
812.413	0.0785
822.526	0.0772
832.766	0.0759
843.133	0.0746
853.629	0.0735
864.255	0.0725
875.014	0.0715
885.907	0.0705
896.935	0.0692
908.101	0.0677
919.406	0.0659
930.851	0.0637
942.439	0.0612
954.171	0.0585
966.049	0.0555
978.076	0.0524
990.251	0.0492
1002.579	0.0461
1015.06	0.0430
1027.696	0.0400
1040.489	0.0369
1053.442	0.0337
1066.556	0.0305
1079.833	0.0272
1093.276	0.0240
1106.886	0.0210
1120.665	0.0184
1134.616	0.0164
1148.741	0.0151
1163.041	0.0147
1177.519	0.0151
1192.178	0.0163
1207.019	0.0181
1222.045	0.0203
1237.258	0.0228
1252.66	0.0256
1268.254	0.0286
1284.042	0.0318
1300.027	0.0350
1316.211	0.0383
1332.596	0.0418
1349.185	0.0454
1365.981	0.0492
1382.985	0.0531
1400.202	0.0572
1417.633	0.0613
1435.28	0.0655
1453.148	0.0697
1471.238	0.0740
1489.553	0.0785
1508.096	0.0832
1526.87	0.0881
1545.877	0.0933
1565.121	0.0989
1584.605	0.1048
1604.332	0.1111
1624.303	0.1176
1644.524	0.1243
1664.996	0.1311
1685.723	0.1381
1706.708	0.1451
1727.955	0.1522
1749.466	0.1594
1771.244	0.1667
1793.294	0.1741
1815.618	0.1815
1838.221	0.1890
1861.104	0.1965
1884.272	0.2040
1907.729	0.2117
1931.478	0.2195
1955.523	0.2277
1979.866	0.2361
2004.513	0.2450
2029.467	0.2541
2054.731	0.2634
2080.31	0.2727
2106.207	0.2822
2132.427	0.2920
2158.973	0.3021
2185.849	0.3127
2213.06	0.3237
2240.61	0.3352
2268.503	0.3470
2296.743	0.3590
2325.334	0.3715
2354.282	0.3842
2383.59	0.3975
2413.262	0.4114
2443.305	0.4259
2473.721	0.4410
2504.515	0.4566
2535.693	0.4728
2567.26	0.4895
2599.219	0.5065
2631.576	0.5239
2664.335	0.5417
2697.503	0.5597
2731.084	0.5777
2765.082	0.5959
2799.504	0.6143
2834.354	0.6328
2869.638	0.6516
2905.362	0.6706
2941.53	0.6898
2978.148	0.7093
3015.222	0.7289
3052.758	0.7487
3090.761	0.7687
3129.237	0.7887
3168.192	0.8088
3207.632	0.8290
3247.563	0.8492
3287.991	0.8695
3328.923	0.8900
3370.364	0.9106
3412.32	0.9315
3454.799	0.9529
3497.807	0.9747
3541.351	0.9967
3585.436	1.0188
3630.07	1.0410
3675.26	1.0632
3721.012	1.0855
3767.334	1.1080
3814.233	1.1310
3861.715	1.1545
3909.789	1.1788
3958.46	1.2035
4007.738	1.2286
4057.63	1.2539
4108.142	1.2794
4159.283	1.3051
4211.061	1.3309
4263.483	1.3570
4316.559	1.3831
4370.294	1.4094
4424.699	1.4357
4479.781	1.4622
4535.548	1.4889
4592.01	1.5157
4649.175	1.5425
4707.051	1.5693
4765.648	1.5959
4824.975	1.6223
4885.039	1.6482
4945.852	1.6736
5007.421	1.6985
5069.757	1.7225
5132.87	1.7457
5196.768	1.7680
5261.46	1.7894
5326.959	1.8099
5393.273	1.8296
5460.413	1.8485
5528.388	1.8665
5597.209	1.8838
5666.887	1.9005
5737.433	1.9167
5808.857	1.9327
5881.169	1.9485
5954.383	1.9644
6028.507	1.9804
6103.555	1.9966
6179.536	2.0129
6256.464	2.0295
6334.349	2.0462
6413.204	2.0629
6493.04	2.0795
6573.87	2.0961
6655.706	2.1126
6738.562	2.1292
6822.448	2.1458
6907.379	2.1624
6993.367	2.1790
7080.426	2.1956
7168.568	2.2122
7257.808	2.2286
7348.158	2.2446
7439.633	2.2601
7532.248	2.2747
7626.015	2.2879
7720.949	2.2995
7817.065	2.3097
7914.377	2.3184
8012.901	2.3260
8112.652	2.3324
8213.645	2.3375
8315.894	2.3413
8419.416	2.3441
8524.228	2.3459
8630.343	2.3467
8737.78	2.3466
8846.555	2.3459
8956.683	2.3445
9068.182	2.3426
9181.069	2.3401
9295.362	2.3372
9411.078	2.3337
9528.233	2.3295
9646.849	2.3243
9766.939	2.3179
9888.525	2.3100
10011.625	2.3005
10136.257	2.2891
10262.44	2.2758
10390.195	2.2607
10519.54	2.2436
10650.495	2.2247
10783.08	2.2043
10917.316	2.1828
11053.223	2.1603
11190.821	2.1369
11330.133	2.1128
11471.179	2.0880
11613.98	2.0622
11758.561	2.0357
11904.939	2.0088
12053.141	1.9817
12203.188	1.9550
12355.102	1.9308
12508.907	1.9092
12664.627	1.8899
12822.286	1.8728
12981.907	1.8576
13143.516	1.8438
13307.136	1.8306
13472.793	1.8179
13640.512	1.8054
13810.319	1.7931
13982.24	1.7808
14156.302	1.7685
14332.529	1.7563
14510.951	1.7441
14691.595	1.7317
14874.486	1.7192
15059.655	1.7065
15247.129	1.6936
15436.937	1.6803
15629.106	1.6666
15823.669	1.6526
16020.654	1.6381
16220.091	1.6236
16422.01	1.6095
16626.443	1.5961
16833.422	1.5834
17042.977	1.5720
17255.141	1.5631
17469.945	1.5576
17687.424	1.5570
17907.609	1.5573
18130.537	1.5576
18356.24	1.5578
18584.752	1.5577
18816.107	1.5574
19050.346	1.5569
19287.498	1.5566
19527.604	1.5563
19770.697	1.5556
20016.816	1.5546
