Sens Factor =1.7836dB, SERNO: 5864.tx
10.054	-7.4430
10.179	-7.2685
10.306	-7.0971
10.434	-6.9289
10.564	-6.7639
10.696	-6.6019
10.829	-6.4431
10.964	-6.2874
11.1	-6.1347
11.238	-5.9850
11.378	-5.8383
11.52	-5.6944
11.663	-5.5535
11.809	-5.4154
11.956	-5.2802
12.104	-5.1479
12.255	-5.0182
12.408	-4.8913
12.562	-4.7672
12.718	-4.6457
12.877	-4.5268
13.037	-4.4106
13.199	-4.2969
13.364	-4.1857
13.53	-4.0772
13.698	-3.9711
13.869	-3.8674
14.042	-3.7661
14.216	-3.6673
14.393	-3.5707
14.573	-3.4765
14.754	-3.3846
14.938	-3.2949
15.124	-3.2075
15.312	-3.1223
15.503	-3.0392
15.696	-2.9583
15.891	-2.8794
16.089	-2.8026
16.289	-2.7279
16.492	-2.6551
16.697	-2.5843
16.905	-2.5155
17.115	-2.4485
17.328	-2.3835
17.544	-2.3202
17.763	-2.2587
17.984	-2.1991
18.208	-2.1411
18.434	-2.0849
18.664	-2.0304
18.896	-1.9775
19.131	-1.9262
19.369	-1.8765
19.611	-1.8283
19.855	-1.7817
20.102	-1.7365
20.352	-1.6928
20.605	-1.6505
20.862	-1.6096
21.122	-1.5700
21.385	-1.5318
21.651	-1.4949
21.92	-1.4592
22.193	-1.4247
22.47	-1.3915
22.749	-1.3594
23.032	-1.3284
23.319	-1.2985
23.609	-1.2697
23.903	-1.2419
24.201	-1.2151
24.502	-1.1893
24.807	-1.1644
25.116	-1.1404
25.429	-1.1173
25.745	-1.0951
26.066	-1.0736
26.39	-1.0529
26.719	-1.0329
27.051	-1.0137
27.388	-0.9951
27.729	-0.9772
28.074	-0.9599
28.424	-0.9432
28.778	-0.9270
29.136	-0.9113
29.499	-0.8961
29.866	-0.8814
30.238	-0.8671
30.614	-0.8532
30.995	-0.8396
31.381	-0.8264
31.772	-0.8134
32.167	-0.8007
32.568	-0.7882
32.973	-0.7759
33.383	-0.7638
33.799	-0.7518
34.22	-0.7399
34.646	-0.7281
35.077	-0.7163
35.514	-0.7052
35.956	-0.6937
36.403	-0.6820
36.857	-0.6699
37.315	-0.6574
37.78	-0.6444
38.25	-0.6310
38.726	-0.6170
39.209	-0.6025
39.697	-0.5873
40.191	-0.5713
40.691	-0.5545
41.198	-0.5370
41.711	-0.5191
42.23	-0.5010
42.756	-0.4832
43.288	-0.4659
43.827	-0.4495
44.372	-0.4342
44.925	-0.4205
45.484	-0.4090
46.05	-0.4001
46.623	-0.3940
47.204	-0.3911
47.791	-0.3914
48.386	-0.3950
48.989	-0.4016
49.599	-0.4106
50.216	-0.4212
50.841	-0.4325
51.474	-0.4428
52.115	-0.4509
52.764	-0.4550
53.42	-0.4540
54.085	-0.4475
54.759	-0.4351
55.44	-0.4174
56.131	-0.3953
56.829	-0.3699
57.537	-0.3424
58.253	-0.3136
58.978	-0.2844
59.712	-0.2554
60.456	-0.2270
61.208	-0.1996
61.97	-0.1735
62.742	-0.1489
63.523	-0.1262
64.314	-0.1057
65.114	-0.0879
65.925	-0.0730
66.745	-0.0615
67.576	-0.0535
68.418	-0.0489
69.269	-0.0475
70.132	-0.0485
71.005	-0.0516
71.889	-0.0559
72.784	-0.0610
73.69	-0.0663
74.607	-0.0711
75.536	-0.0746
76.476	-0.0764
77.428	-0.0760
78.392	-0.0732
79.368	-0.0678
80.356	-0.0597
81.356	-0.0492
82.369	-0.0367
83.394	-0.0229
84.433	-0.0088
85.484	0.0042
86.548	0.0146
87.625	0.0210
88.716	0.0220
89.82	0.0173
90.939	0.0066
92.071	-0.0095
93.217	-0.0299
94.377	-0.0537
95.552	-0.0796
96.742	-0.1066
97.946	-0.1340
99.165	-0.1612
100.4	-0.1878
101.65	-0.2135
102.915	-0.2381
104.196	-0.2615
105.493	-0.2833
106.806	-0.3035
108.136	-0.3217
109.482	-0.3374
110.845	-0.3505
112.225	-0.3607
113.622	-0.3681
115.037	-0.3729
116.469	-0.3753
117.919	-0.3757
119.386	-0.3745
120.873	-0.3722
122.377	-0.3691
123.901	-0.3655
125.443	-0.3617
127.005	-0.3578
128.586	-0.3539
130.187	-0.3501
131.807	-0.3464
133.448	-0.3428
135.109	-0.3393
136.791	-0.3360
138.494	-0.3329
140.218	-0.3301
141.964	-0.3275
143.731	-0.3250
145.52	-0.3228
147.332	-0.3208
149.166	-0.3190
151.023	-0.3174
152.903	-0.3161
154.806	-0.3151
156.734	-0.3144
158.685	-0.3139
160.66	-0.3138
162.66	-0.3139
164.685	-0.3144
166.735	-0.3150
168.811	-0.3158
170.912	-0.3168
173.04	-0.3177
175.194	-0.3188
177.375	-0.3199
179.583	-0.3211
181.819	-0.3226
184.082	-0.3243
186.374	-0.3263
188.694	-0.3286
191.043	-0.3311
193.421	-0.3338
195.829	-0.3368
198.267	-0.3400
200.735	-0.3433
203.234	-0.3470
205.764	-0.3507
208.325	-0.3551
210.919	-0.3597
213.544	-0.3647
216.203	-0.3702
218.894	-0.3759
221.619	-0.3818
224.378	-0.3879
227.171	-0.3942
229.999	-0.4009
232.862	-0.4077
235.761	-0.4147
238.696	-0.4217
241.668	-0.4287
244.676	-0.4355
247.722	-0.4422
250.806	-0.4489
253.928	-0.4555
257.089	-0.4619
260.29	-0.4681
263.53	-0.4738
266.81	-0.4793
270.132	-0.4830
273.495	-0.4857
276.899	-0.4875
280.346	-0.4887
283.836	-0.4892
287.37	-0.4893
290.947	-0.4889
294.569	-0.4880
298.236	-0.4866
301.949	-0.4852
305.708	-0.4837
309.513	-0.4823
313.366	-0.4812
317.267	-0.4803
321.217	-0.4798
325.216	-0.4794
329.264	-0.4791
333.363	-0.4789
337.513	-0.4786
341.715	-0.4786
345.969	-0.4782
350.276	-0.4779
354.636	-0.4774
359.051	-0.4768
363.521	-0.4762
368.046	-0.4756
372.628	-0.4749
377.266	-0.4738
381.963	-0.4724
386.718	-0.4707
391.532	-0.4678
396.406	-0.4625
401.341	-0.4535
406.337	-0.4414
411.395	-0.4279
416.517	-0.4141
421.702	-0.4007
426.951	-0.3883
432.266	-0.3768
437.648	-0.3666
443.096	-0.3571
448.612	-0.3500
454.196	-0.3444
459.851	-0.3399
465.575	-0.3364
471.371	-0.3336
477.239	-0.3313
483.18	-0.3294
489.195	-0.3276
495.285	-0.3260
501.45	-0.3243
507.693	-0.3226
514.013	-0.3206
520.412	-0.3185
526.89	-0.3163
533.449	-0.3137
540.09	-0.3108
546.814	-0.3076
553.621	-0.3039
560.513	-0.2998
567.49	-0.2950
574.555	-0.2896
581.707	-0.2835
588.949	-0.2767
596.281	-0.2694
603.703	-0.2617
611.219	-0.2538
618.828	-0.2456
626.531	-0.2375
634.331	-0.2292
642.228	-0.2208
650.222	-0.2131
658.317	-0.2075
666.512	-0.2050
674.809	-0.2052
683.21	-0.2062
691.715	-0.2066
700.326	-0.2058
709.044	-0.2035
717.871	-0.1999
726.807	-0.1954
735.855	-0.1901
745.016	-0.1842
754.29	-0.1778
763.68	-0.1711
773.187	-0.1642
782.812	-0.1572
792.557	-0.1503
802.424	-0.1435
812.413	-0.1368
822.526	-0.1303
832.766	-0.1239
843.133	-0.1176
853.629	-0.1114
864.255	-0.1054
875.014	-0.0998
885.907	-0.0946
896.935	-0.0899
908.101	-0.0857
919.406	-0.0820
930.851	-0.0789
942.439	-0.0764
954.171	-0.0744
966.049	-0.0730
978.076	-0.0722
990.251	-0.0717
1002.579	-0.0716
1015.06	-0.0719
1027.696	-0.0723
1040.489	-0.0730
1053.442	-0.0737
1066.556	-0.0746
1079.833	-0.0755
1093.276	-0.0764
1106.886	-0.0774
1120.665	-0.0787
1134.616	-0.0804
1148.741	-0.0826
1163.041	-0.0851
1177.519	-0.0881
1192.178	-0.0912
1207.019	-0.0943
1222.045	-0.0972
1237.258	-0.0998
1252.66	-0.1021
1268.254	-0.1041
1284.042	-0.1058
1300.027	-0.1073
1316.211	-0.1085
1332.596	-0.1094
1349.185	-0.1101
1365.981	-0.1106
1382.985	-0.1109
1400.202	-0.1109
1417.633	-0.1106
1435.28	-0.1098
1453.148	-0.1085
1471.238	-0.1065
1489.553	-0.1040
1508.096	-0.1009
1526.87	-0.0975
1545.877	-0.0937
1565.121	-0.0896
1584.605	-0.0852
1604.332	-0.0805
1624.303	-0.0755
1644.524	-0.0702
1664.996	-0.0645
1685.723	-0.0584
1706.708	-0.0519
1727.955	-0.0450
1749.466	-0.0378
1771.244	-0.0305
1793.294	-0.0231
1815.618	-0.0156
1838.221	-0.0081
1861.104	-0.0005
1884.272	0.0070
1907.729	0.0147
1931.478	0.0223
1955.523	0.0301
1979.866	0.0380
2004.513	0.0460
2029.467	0.0540
2054.731	0.0622
2080.31	0.0705
2106.207	0.0790
2132.427	0.0878
2158.973	0.0969
2185.849	0.1065
2213.06	0.1165
2240.61	0.1269
2268.503	0.1378
2296.743	0.1491
2325.334	0.1609
2354.282	0.1729
2383.59	0.1850
2413.262	0.1974
2443.305	0.2098
2473.721	0.2225
2504.515	0.2353
2535.693	0.2483
2567.26	0.2614
2599.219	0.2747
2631.576	0.2881
2664.335	0.3016
2697.503	0.3147
2731.084	0.3272
2765.082	0.3393
2799.504	0.3509
2834.354	0.3621
2869.638	0.3731
2905.362	0.3840
2941.53	0.3949
2978.148	0.4058
3015.222	0.4168
3052.758	0.4280
3090.761	0.4393
3129.237	0.4509
3168.192	0.4628
3207.632	0.4749
3247.563	0.4872
3287.991	0.4999
3328.923	0.5128
3370.364	0.5261
3412.32	0.5399
3454.799	0.5542
3497.807	0.5689
3541.351	0.5842
3585.436	0.6000
3630.07	0.6162
3675.26	0.6328
3721.012	0.6497
3767.334	0.6667
3814.233	0.6840
3861.715	0.7016
3909.789	0.7192
3958.46	0.7370
4007.738	0.7546
4057.63	0.7720
4108.142	0.7891
4159.283	0.8061
4211.061	0.8227
4263.483	0.8393
4316.559	0.8558
4370.294	0.8725
4424.699	0.8894
4479.781	0.9069
4535.548	0.9253
4592.01	0.9445
4649.175	0.9643
4707.051	0.9844
4765.648	1.0046
4824.975	1.0247
4885.039	1.0445
4945.852	1.0638
5007.421	1.0825
5069.757	1.1002
5132.87	1.1168
5196.768	1.1322
5261.46	1.1460
5326.959	1.1581
5393.273	1.1684
5460.413	1.1767
5528.388	1.1827
5597.209	1.1864
5666.887	1.1878
5737.433	1.1875
5808.857	1.1856
5881.169	1.1820
5954.383	1.1768
6028.507	1.1703
6103.555	1.1626
6179.536	1.1543
6256.464	1.1455
6334.349	1.1362
6413.204	1.1266
6493.04	1.1168
6573.87	1.1070
6655.706	1.0972
6738.562	1.0875
6822.448	1.0778
6907.379	1.0679
6993.367	1.0579
7080.426	1.0475
7168.568	1.0364
7257.808	1.0244
7348.158	1.0113
7439.633	0.9970
7532.248	0.9812
7626.015	0.9635
7720.949	0.9440
7817.065	0.9227
7914.377	0.8999
8012.901	0.8756
8112.652	0.8498
8213.645	0.8227
8315.894	0.7944
8419.416	0.7653
8524.228	0.7354
8630.343	0.7050
8737.78	0.6745
8846.555	0.6441
8956.683	0.6141
9068.182	0.5846
9181.069	0.5559
9295.362	0.5281
9411.078	0.5010
9528.233	0.4739
9646.849	0.4467
9766.939	0.4191
9888.525	0.3911
10011.625	0.3622
10136.257	0.3324
10262.44	0.3012
10390.195	0.2687
10519.54	0.2346
10650.495	0.1991
10783.08	0.1623
10917.316	0.1244
11053.223	0.0855
11190.821	0.0458
11330.133	0.0049
11471.179	-0.0371
11613.98	-0.0801
11758.561	-0.1240
11904.939	-0.1682
12053.141	-0.2125
12203.188	-0.2567
12355.102	-0.3001
12508.907	-0.3428
12664.627	-0.3848
12822.286	-0.4263
12981.907	-0.4674
13143.516	-0.5083
13307.136	-0.5492
13472.793	-0.5903
13640.512	-0.6316
13810.319	-0.6733
13982.24	-0.7154
14156.302	-0.7578
14332.529	-0.8005
14510.951	-0.8436
14691.595	-0.8871
14874.486	-0.9310
15059.655	-0.9753
15247.129	-1.0199
15436.937	-1.0648
15629.106	-1.1099
15823.669	-1.1550
16020.654	-1.2001
16220.091	-1.2448
16422.01	-1.2891
16626.443	-1.3326
16833.422	-1.3753
17042.977	-1.4168
17255.141	-1.4565
17469.945	-1.4930
17687.424	-1.5258
17907.609	-1.5463
18130.537	-1.5670
18356.24	-1.5880
18584.752	-1.6092
18816.107	-1.6304
19050.346	-1.6515
19287.498	-1.6726
19527.604	-1.6936
19770.697	-1.7149
20016.816	-1.7368
