Sens Factor =-1.146dB, SERNO: 5784.tx
10.054	-4.9165
10.179	-4.7552
10.306	-4.5972
10.434	-4.4424
10.564	-4.2907
10.696	-4.1422
10.829	-3.9968
10.964	-3.8544
11.1	-3.7151
11.238	-3.5787
11.378	-3.4453
11.52	-3.3149
11.663	-3.1873
11.809	-3.0627
11.956	-2.9408
12.104	-2.8218
12.255	-2.7056
12.408	-2.5920
12.562	-2.4812
12.718	-2.3731
12.877	-2.2676
13.037	-2.1647
13.199	-2.0644
13.364	-1.9667
13.53	-1.8714
13.698	-1.7787
13.869	-1.6883
14.042	-1.6005
14.216	-1.5149
14.393	-1.4318
14.573	-1.3510
14.754	-1.2724
14.938	-1.1961
15.124	-1.1221
15.312	-1.0502
15.503	-0.9805
15.696	-0.9129
15.891	-0.8475
16.089	-0.7840
16.289	-0.7226
16.492	-0.6633
16.697	-0.6058
16.905	-0.5503
17.115	-0.4967
17.328	-0.4450
17.544	-0.3951
17.763	-0.3471
17.984	-0.3008
18.208	-0.2562
18.434	-0.2134
18.664	-0.1722
18.896	-0.1326
19.131	-0.0947
19.369	-0.0584
19.611	-0.0236
19.855	0.0097
20.102	0.0415
20.352	0.0718
20.605	0.1008
20.862	0.1283
21.122	0.1545
21.385	0.1793
21.651	0.2029
21.92	0.2252
22.193	0.2463
22.47	0.2662
22.749	0.2850
23.032	0.3026
23.319	0.3191
23.609	0.3346
23.903	0.3490
24.201	0.3624
24.502	0.3748
24.807	0.3864
25.116	0.3970
25.429	0.4067
25.745	0.4156
26.066	0.4237
26.39	0.4311
26.719	0.4376
27.051	0.4435
27.388	0.4487
27.729	0.4533
28.074	0.4572
28.424	0.4606
28.778	0.4634
29.136	0.4657
29.499	0.4675
29.866	0.4689
30.238	0.4698
30.614	0.4704
30.995	0.4706
31.381	0.4704
31.772	0.4700
32.167	0.4694
32.568	0.4685
32.973	0.4674
33.383	0.4661
33.799	0.4648
34.22	0.4633
34.646	0.4617
35.077	0.4602
35.514	0.4608
35.956	0.4601
36.403	0.4583
36.857	0.4557
37.315	0.4523
37.78	0.4481
38.25	0.4427
38.726	0.4360
39.209	0.4279
39.697	0.4181
40.191	0.4070
40.691	0.3954
41.198	0.3843
41.711	0.3749
42.23	0.3679
42.756	0.3638
43.288	0.3622
43.827	0.3624
44.372	0.3634
44.925	0.3644
45.484	0.3644
46.05	0.3627
46.623	0.3585
47.204	0.3516
47.791	0.3415
48.386	0.3284
48.989	0.3123
49.599	0.2936
50.216	0.2727
50.841	0.2502
51.474	0.2270
52.115	0.2042
52.764	0.1827
53.42	0.1635
54.085	0.1475
54.759	0.1358
55.44	0.1292
56.131	0.1281
56.829	0.1325
57.537	0.1422
58.253	0.1563
58.978	0.1741
59.712	0.1949
60.456	0.2179
61.208	0.2425
61.97	0.2685
62.742	0.2955
63.523	0.3236
64.314	0.3527
65.114	0.3826
65.925	0.4131
66.745	0.4437
67.576	0.4733
68.418	0.5005
69.269	0.5241
70.132	0.5431
71.005	0.5569
71.889	0.5658
72.784	0.5706
73.69	0.5724
74.607	0.5722
75.536	0.5713
76.476	0.5707
77.428	0.5710
78.392	0.5730
79.368	0.5768
80.356	0.5826
81.356	0.5905
82.369	0.5997
83.394	0.6096
84.433	0.6199
85.484	0.6295
86.548	0.6376
87.625	0.6433
88.716	0.6459
89.82	0.6445
90.939	0.6387
92.071	0.6281
93.217	0.6127
94.377	0.5930
95.552	0.5693
96.742	0.5425
97.946	0.5131
99.165	0.4820
100.4	0.4498
101.65	0.4173
102.915	0.3851
104.196	0.3541
105.493	0.3251
106.806	0.2989
108.136	0.2755
109.482	0.2541
110.845	0.2345
112.225	0.2170
113.622	0.2017
115.037	0.1885
116.469	0.1773
117.919	0.1680
119.386	0.1602
120.873	0.1536
122.377	0.1479
123.901	0.1426
125.443	0.1377
127.005	0.1330
128.586	0.1285
130.187	0.1240
131.807	0.1195
133.448	0.1149
135.109	0.1103
136.791	0.1063
138.494	0.1031
140.218	0.1005
141.964	0.0986
143.731	0.0973
145.52	0.0964
147.332	0.0960
149.166	0.0959
151.023	0.0963
152.903	0.0971
154.806	0.0985
156.734	0.1001
158.685	0.1020
160.66	0.1042
162.66	0.1064
164.685	0.1086
166.735	0.1108
168.811	0.1125
170.912	0.1133
173.04	0.1130
175.194	0.1108
177.375	0.1060
179.583	0.0994
181.819	0.0922
184.082	0.0845
186.374	0.0761
188.694	0.0670
191.043	0.0572
193.421	0.0472
195.829	0.0374
198.267	0.0279
200.735	0.0188
203.234	0.0106
205.764	0.0038
208.325	-0.0022
210.919	-0.0074
213.544	-0.0121
216.203	-0.0165
218.894	-0.0206
221.619	-0.0244
224.378	-0.0277
227.171	-0.0309
229.999	-0.0340
232.862	-0.0369
235.761	-0.0396
238.696	-0.0424
241.668	-0.0452
244.676	-0.0485
247.722	-0.0526
250.806	-0.0577
253.928	-0.0642
257.089	-0.0721
260.29	-0.0809
263.53	-0.0903
266.81	-0.1007
270.132	-0.1098
273.495	-0.1181
276.899	-0.1259
280.346	-0.1332
283.836	-0.1398
287.37	-0.1460
290.947	-0.1516
294.569	-0.1561
298.236	-0.1602
301.949	-0.1640
305.708	-0.1673
309.513	-0.1697
313.366	-0.1715
317.267	-0.1724
321.217	-0.1730
325.216	-0.1735
329.264	-0.1738
333.363	-0.1741
337.513	-0.1746
341.715	-0.1759
345.969	-0.1777
350.276	-0.1801
354.636	-0.1830
359.051	-0.1867
363.521	-0.1911
368.046	-0.1960
372.628	-0.2015
377.266	-0.2078
381.963	-0.2141
386.718	-0.2203
391.532	-0.2260
396.406	-0.2317
401.341	-0.2377
406.337	-0.2436
411.395	-0.2485
416.517	-0.2523
421.702	-0.2543
426.951	-0.2548
432.266	-0.2539
437.648	-0.2518
443.096	-0.2483
448.612	-0.2457
454.196	-0.2433
459.851	-0.2411
465.575	-0.2390
471.371	-0.2370
477.239	-0.2350
483.18	-0.2331
489.195	-0.2312
495.285	-0.2291
501.45	-0.2267
507.693	-0.2241
514.013	-0.2213
520.412	-0.2182
526.89	-0.2151
533.449	-0.2119
540.09	-0.2089
546.814	-0.2061
553.621	-0.2036
560.513	-0.2015
567.49	-0.1999
574.555	-0.1984
581.707	-0.1970
588.949	-0.1954
596.281	-0.1932
603.703	-0.1905
611.219	-0.1875
618.828	-0.1842
626.531	-0.1807
634.331	-0.1775
642.228	-0.1750
650.222	-0.1733
658.317	-0.1717
666.512	-0.1698
674.809	-0.1676
683.21	-0.1652
691.715	-0.1624
700.326	-0.1593
709.044	-0.1557
717.871	-0.1517
726.807	-0.1475
735.855	-0.1432
745.016	-0.1388
754.29	-0.1343
763.68	-0.1297
773.187	-0.1250
782.812	-0.1202
792.557	-0.1153
802.424	-0.1104
812.413	-0.1056
822.526	-0.1009
832.766	-0.0963
843.133	-0.0919
853.629	-0.0876
864.255	-0.0835
875.014	-0.0796
885.907	-0.0756
896.935	-0.0716
908.101	-0.0674
919.406	-0.0628
930.851	-0.0577
942.439	-0.0522
954.171	-0.0461
966.049	-0.0397
978.076	-0.0330
990.251	-0.0262
1002.579	-0.0195
1015.06	-0.0129
1027.696	-0.0064
1040.489	0.0000
1053.442	0.0062
1066.556	0.0123
1079.833	0.0185
1093.276	0.0247
1106.886	0.0310
1120.665	0.0373
1134.616	0.0432
1148.741	0.0486
1163.041	0.0534
1177.519	0.0576
1192.178	0.0612
1207.019	0.0644
1222.045	0.0674
1237.258	0.0705
1252.66	0.0736
1268.254	0.0768
1284.042	0.0803
1300.027	0.0838
1316.211	0.0875
1332.596	0.0915
1349.185	0.0955
1365.981	0.0996
1382.985	0.1037
1400.202	0.1079
1417.633	0.1121
1435.28	0.1164
1453.148	0.1208
1471.238	0.1251
1489.553	0.1295
1508.096	0.1338
1526.87	0.1379
1545.877	0.1417
1565.121	0.1453
1584.605	0.1487
1604.332	0.1521
1624.303	0.1555
1644.524	0.1591
1664.996	0.1632
1685.723	0.1678
1706.708	0.1730
1727.955	0.1790
1749.466	0.1857
1771.244	0.1932
1793.294	0.2013
1815.618	0.2096
1838.221	0.2182
1861.104	0.2270
1884.272	0.2359
1907.729	0.2450
1931.478	0.2541
1955.523	0.2632
1979.866	0.2722
2004.513	0.2812
2029.467	0.2899
2054.731	0.2986
2080.31	0.3076
2106.207	0.3170
2132.427	0.3272
2158.973	0.3383
2185.849	0.3504
2213.06	0.3634
2240.61	0.3775
2268.503	0.3929
2296.743	0.4096
2325.334	0.4273
2354.282	0.4462
2383.59	0.4649
2413.262	0.4831
2443.305	0.5007
2473.721	0.5179
2504.515	0.5346
2535.693	0.5509
2567.26	0.5670
2599.219	0.5826
2631.576	0.5979
2664.335	0.6127
2697.503	0.6272
2731.084	0.6413
2765.082	0.6553
2799.504	0.6694
2834.354	0.6835
2869.638	0.6978
2905.362	0.7121
2941.53	0.7265
2978.148	0.7411
3015.222	0.7560
3052.758	0.7714
3090.761	0.7873
3129.237	0.8039
3168.192	0.8211
3207.632	0.8392
3247.563	0.8581
3287.991	0.8779
3328.923	0.8988
3370.364	0.9206
3412.32	0.9434
3454.799	0.9669
3497.807	0.9909
3541.351	1.0154
3585.436	1.0401
3630.07	1.0650
3675.26	1.0900
3721.012	1.1151
3767.334	1.1399
3814.233	1.1646
3861.715	1.1887
3909.789	1.2121
3958.46	1.2353
4007.738	1.2588
4057.63	1.2823
4108.142	1.3059
4159.283	1.3298
4211.061	1.3542
4263.483	1.3793
4316.559	1.4053
4370.294	1.4325
4424.699	1.4610
4479.781	1.4905
4535.548	1.5208
4592.01	1.5516
4649.175	1.5825
4707.051	1.6135
4765.648	1.6444
4824.975	1.6751
4885.039	1.7055
4945.852	1.7356
5007.421	1.7653
5069.757	1.7943
5132.87	1.8224
5196.768	1.8495
5261.46	1.8751
5326.959	1.8993
5393.273	1.9217
5460.413	1.9424
5528.388	1.9612
5597.209	1.9783
5666.887	1.9938
5737.433	2.0080
5808.857	2.0211
5881.169	2.0328
5954.383	2.0435
6028.507	2.0531
6103.555	2.0618
6179.536	2.0698
6256.464	2.0771
6334.349	2.0839
6413.204	2.0905
6493.04	2.0973
6573.87	2.1045
6655.706	2.1121
6738.562	2.1201
6822.448	2.1281
6907.379	2.1360
6993.367	2.1436
7080.426	2.1505
7168.568	2.1566
7257.808	2.1617
7348.158	2.1660
7439.633	2.1695
7532.248	2.1728
7626.015	2.1762
7720.949	2.1795
7817.065	2.1823
7914.377	2.1841
8012.901	2.1845
8112.652	2.1835
8213.645	2.1809
8315.894	2.1766
8419.416	2.1709
8524.228	2.1643
8630.343	2.1568
8737.78	2.1489
8846.555	2.1406
8956.683	2.1323
9068.182	2.1239
9181.069	2.1156
9295.362	2.1072
9411.078	2.0986
9528.233	2.0891
9646.849	2.0786
9766.939	2.0671
9888.525	2.0541
10011.625	2.0396
10136.257	2.0234
10262.44	2.0053
10390.195	1.9854
10519.54	1.9636
10650.495	1.9401
10783.08	1.9152
10917.316	1.8892
11053.223	1.8620
11190.821	1.8332
11330.133	1.8027
11471.179	1.7702
11613.98	1.7352
11758.561	1.6977
11904.939	1.6576
12053.141	1.6153
12203.188	1.5719
12355.102	1.5275
12508.907	1.4823
12664.627	1.4368
12822.286	1.3908
12981.907	1.3451
13143.516	1.2996
13307.136	1.2546
13472.793	1.2101
13640.512	1.1661
13810.319	1.1223
13982.24	1.0787
14156.302	1.0348
14332.529	0.9907
14510.951	0.9463
14691.595	0.9017
14874.486	0.8568
15059.655	0.8116
15247.129	0.7662
15436.937	0.7206
15629.106	0.6751
15823.669	0.6300
16020.654	0.5859
16220.091	0.5429
16422.01	0.5007
16626.443	0.4601
16833.422	0.4209
17042.977	0.3835
17255.141	0.3482
17469.945	0.3173
17687.424	0.2905
17907.609	0.2682
18130.537	0.2456
18356.24	0.2229
18584.752	0.2006
18816.107	0.1790
19050.346	0.1585
19287.498	0.1398
19527.604	0.1231
19770.697	0.1088
20016.816	0.0961
