Sens Factor =1.5524dB, SERNO: 5834.tx
10.054	-6.7379
10.179	-6.5599
10.306	-6.3850
10.434	-6.2134
10.564	-6.0450
10.696	-5.8796
10.829	-5.7173
10.964	-5.5581
11.1	-5.4021
11.238	-5.2489
11.378	-5.0987
11.52	-4.9514
11.663	-4.8071
11.809	-4.6656
11.956	-4.5269
12.104	-4.3912
12.255	-4.2581
12.408	-4.1277
12.562	-4.0001
12.718	-3.8752
12.877	-3.7529
13.037	-3.6332
13.199	-3.5161
13.364	-3.4015
13.53	-3.2895
13.698	-3.1800
13.869	-3.0728
14.042	-2.9681
14.216	-2.8658
14.393	-2.7659
14.573	-2.6682
14.754	-2.5728
14.938	-2.4797
15.124	-2.3889
15.312	-2.3002
15.503	-2.2137
15.696	-2.1293
15.891	-2.0470
16.089	-1.9668
16.289	-1.8886
16.492	-1.8124
16.697	-1.7382
16.905	-1.6659
17.115	-1.5955
17.328	-1.5270
17.544	-1.4603
17.763	-1.3954
17.984	-1.3323
18.208	-1.2709
18.434	-1.2113
18.664	-1.1532
18.896	-1.0969
19.131	-1.0422
19.369	-0.9891
19.611	-0.9374
19.855	-0.8873
20.102	-0.8388
20.352	-0.7916
20.605	-0.7459
20.862	-0.7015
21.122	-0.6585
21.385	-0.6168
21.651	-0.5765
21.92	-0.5374
22.193	-0.4995
22.47	-0.4627
22.749	-0.4272
23.032	-0.3928
23.319	-0.3595
23.609	-0.3272
23.903	-0.2960
24.201	-0.2658
24.502	-0.2365
24.807	-0.2082
25.116	-0.1808
25.429	-0.1542
25.745	-0.1285
26.066	-0.1036
26.39	-0.0795
26.719	-0.0561
27.051	-0.0334
27.388	-0.0114
27.729	0.0100
28.074	0.0307
28.424	0.0509
28.778	0.0705
29.136	0.0896
29.499	0.1083
29.866	0.1264
30.238	0.1442
30.614	0.1615
30.995	0.1785
31.381	0.1952
31.772	0.2116
32.167	0.2278
32.568	0.2437
32.973	0.2594
33.383	0.2749
33.799	0.2904
34.22	0.3057
34.646	0.3210
35.077	0.3362
35.514	0.3518
35.956	0.3672
36.403	0.3823
36.857	0.3974
37.315	0.4124
37.78	0.4273
38.25	0.4422
38.726	0.4569
39.209	0.4715
39.697	0.4860
40.191	0.5004
40.691	0.5149
41.198	0.5297
41.711	0.5450
42.23	0.5609
42.756	0.5773
43.288	0.5939
43.827	0.6103
44.372	0.6262
44.925	0.6408
45.484	0.6538
46.05	0.6647
46.623	0.6734
47.204	0.6798
47.791	0.6840
48.386	0.6863
48.989	0.6867
49.599	0.6856
50.216	0.6833
50.841	0.6801
51.474	0.6765
52.115	0.6731
52.764	0.6705
53.42	0.6692
54.085	0.6701
54.759	0.6737
55.44	0.6804
56.131	0.6904
56.829	0.7034
57.537	0.7188
58.253	0.7362
58.978	0.7549
59.712	0.7743
60.456	0.7938
61.208	0.8131
61.97	0.8318
62.742	0.8498
63.523	0.8670
64.314	0.8832
65.114	0.8982
65.925	0.9120
66.745	0.9243
67.576	0.9347
68.418	0.9431
69.269	0.9492
70.132	0.9529
71.005	0.9544
71.889	0.9540
72.784	0.9523
73.69	0.9498
74.607	0.9472
75.536	0.9452
76.476	0.9440
77.428	0.9440
78.392	0.9453
79.368	0.9478
80.356	0.9512
81.356	0.9555
82.369	0.9604
83.394	0.9655
84.433	0.9704
85.484	0.9747
86.548	0.9778
87.625	0.9791
88.716	0.9780
89.82	0.9741
90.939	0.9667
92.071	0.9558
93.217	0.9414
94.377	0.9240
95.552	0.9042
96.742	0.8825
97.946	0.8596
99.165	0.8360
100.4	0.8122
101.65	0.7884
102.915	0.7651
104.196	0.7424
105.493	0.7206
106.806	0.6997
108.136	0.6800
109.482	0.6614
110.845	0.6440
112.225	0.6280
113.622	0.6133
115.037	0.6000
116.469	0.5880
117.919	0.5774
119.386	0.5678
120.873	0.5592
122.377	0.5513
123.901	0.5439
125.443	0.5368
127.005	0.5300
128.586	0.5232
130.187	0.5165
131.807	0.5098
133.448	0.5032
135.109	0.4965
136.791	0.4898
138.494	0.4831
140.218	0.4764
141.964	0.4699
143.731	0.4634
145.52	0.4570
147.332	0.4506
149.166	0.4442
151.023	0.4379
152.903	0.4316
154.806	0.4254
156.734	0.4192
158.685	0.4132
160.66	0.4072
162.66	0.4013
164.685	0.3955
166.735	0.3900
168.811	0.3844
170.912	0.3790
173.04	0.3735
175.194	0.3680
177.375	0.3621
179.583	0.3559
181.819	0.3493
184.082	0.3425
186.374	0.3355
188.694	0.3284
191.043	0.3211
193.421	0.3137
195.829	0.3063
198.267	0.2990
200.735	0.2922
203.234	0.2856
205.764	0.2798
208.325	0.2739
210.919	0.2681
213.544	0.2621
216.203	0.2557
218.894	0.2495
221.619	0.2435
224.378	0.2375
227.171	0.2317
229.999	0.2259
232.862	0.2199
235.761	0.2138
238.696	0.2074
241.668	0.2008
244.676	0.1938
247.722	0.1864
250.806	0.1785
253.928	0.1699
257.089	0.1608
260.29	0.1512
263.53	0.1412
266.81	0.1304
270.132	0.1208
273.495	0.1113
276.899	0.1019
280.346	0.0928
283.836	0.0838
287.37	0.0748
290.947	0.0660
294.569	0.0573
298.236	0.0488
301.949	0.0404
305.708	0.0320
309.513	0.0234
313.366	0.0143
317.267	0.0048
321.217	-0.0052
325.216	-0.0156
329.264	-0.0265
333.363	-0.0378
337.513	-0.0493
341.715	-0.0612
345.969	-0.0725
350.276	-0.0837
354.636	-0.0941
359.051	-0.1042
363.521	-0.1146
368.046	-0.1255
372.628	-0.1368
377.266	-0.1487
381.963	-0.1608
386.718	-0.1723
391.532	-0.1819
396.406	-0.1888
401.341	-0.1927
406.337	-0.1951
411.395	-0.1978
416.517	-0.2012
421.702	-0.2052
426.951	-0.2098
432.266	-0.2144
437.648	-0.2191
443.096	-0.2233
448.612	-0.2287
454.196	-0.2343
459.851	-0.2399
465.575	-0.2457
471.371	-0.2513
477.239	-0.2567
483.18	-0.2619
489.195	-0.2668
495.285	-0.2715
501.45	-0.2755
507.693	-0.2791
514.013	-0.2820
520.412	-0.2841
526.89	-0.2855
533.449	-0.2859
540.09	-0.2857
546.814	-0.2848
553.621	-0.2835
560.513	-0.2820
567.49	-0.2804
574.555	-0.2789
581.707	-0.2774
588.949	-0.2758
596.281	-0.2740
603.703	-0.2716
611.219	-0.2687
618.828	-0.2652
626.531	-0.2609
634.331	-0.2563
642.228	-0.2519
650.222	-0.2488
658.317	-0.2479
666.512	-0.2493
674.809	-0.2512
683.21	-0.2515
691.715	-0.2497
700.326	-0.2455
709.044	-0.2393
717.871	-0.2319
726.807	-0.2238
735.855	-0.2152
745.016	-0.2065
754.29	-0.1978
763.68	-0.1893
773.187	-0.1809
782.812	-0.1727
792.557	-0.1648
802.424	-0.1572
812.413	-0.1499
822.526	-0.1429
832.766	-0.1362
843.133	-0.1300
853.629	-0.1244
864.255	-0.1195
875.014	-0.1155
885.907	-0.1127
896.935	-0.1110
908.101	-0.1104
919.406	-0.1108
930.851	-0.1120
942.439	-0.1141
954.171	-0.1170
966.049	-0.1205
978.076	-0.1243
990.251	-0.1283
1002.579	-0.1322
1015.06	-0.1357
1027.696	-0.1387
1040.489	-0.1411
1053.442	-0.1429
1066.556	-0.1441
1079.833	-0.1449
1093.276	-0.1452
1106.886	-0.1455
1120.665	-0.1458
1134.616	-0.1465
1148.741	-0.1477
1163.041	-0.1496
1177.519	-0.1521
1192.178	-0.1550
1207.019	-0.1581
1222.045	-0.1611
1237.258	-0.1640
1252.66	-0.1666
1268.254	-0.1691
1284.042	-0.1712
1300.027	-0.1732
1316.211	-0.1749
1332.596	-0.1764
1349.185	-0.1776
1365.981	-0.1786
1382.985	-0.1792
1400.202	-0.1793
1417.633	-0.1788
1435.28	-0.1774
1453.148	-0.1752
1471.238	-0.1720
1489.553	-0.1676
1508.096	-0.1625
1526.87	-0.1566
1545.877	-0.1501
1565.121	-0.1432
1584.605	-0.1360
1604.332	-0.1286
1624.303	-0.1212
1644.524	-0.1139
1664.996	-0.1067
1685.723	-0.1000
1706.708	-0.0937
1727.955	-0.0879
1749.466	-0.0826
1771.244	-0.0776
1793.294	-0.0729
1815.618	-0.0685
1838.221	-0.0643
1861.104	-0.0602
1884.272	-0.0560
1907.729	-0.0517
1931.478	-0.0472
1955.523	-0.0421
1979.866	-0.0363
2004.513	-0.0298
2029.467	-0.0225
2054.731	-0.0145
2080.31	-0.0060
2106.207	0.0028
2132.427	0.0118
2158.973	0.0207
2185.849	0.0295
2213.06	0.0383
2240.61	0.0468
2268.503	0.0550
2296.743	0.0626
2325.334	0.0696
2354.282	0.0766
2383.59	0.0842
2413.262	0.0929
2443.305	0.1028
2473.721	0.1136
2504.515	0.1255
2535.693	0.1382
2567.26	0.1520
2599.219	0.1666
2631.576	0.1822
2664.335	0.1986
2697.503	0.2158
2731.084	0.2331
2765.082	0.2502
2799.504	0.2673
2834.354	0.2843
2869.638	0.3014
2905.362	0.3185
2941.53	0.3357
2978.148	0.3529
3015.222	0.3701
3052.758	0.3873
3090.761	0.4044
3129.237	0.4215
3168.192	0.4384
3207.632	0.4551
3247.563	0.4715
3287.991	0.4874
3328.923	0.5028
3370.364	0.5177
3412.32	0.5322
3454.799	0.5465
3497.807	0.5608
3541.351	0.5755
3585.436	0.5906
3630.07	0.6063
3675.26	0.6226
3721.012	0.6394
3767.334	0.6572
3814.233	0.6762
3861.715	0.6965
3909.789	0.7180
3958.46	0.7401
4007.738	0.7623
4057.63	0.7846
4108.142	0.8070
4159.283	0.8295
4211.061	0.8517
4263.483	0.8739
4316.559	0.8957
4370.294	0.9172
4424.699	0.9384
4479.781	0.9595
4535.548	0.9810
4592.01	1.0031
4649.175	1.0257
4707.051	1.0485
4765.648	1.0716
4824.975	1.0947
4885.039	1.1176
4945.852	1.1403
5007.421	1.1626
5069.757	1.1844
5132.87	1.2058
5196.768	1.2268
5261.46	1.2475
5326.959	1.2680
5393.273	1.2882
5460.413	1.3080
5528.388	1.3273
5597.209	1.3460
5666.887	1.3641
5737.433	1.3815
5808.857	1.3984
5881.169	1.4147
5954.383	1.4306
6028.507	1.4461
6103.555	1.4615
6179.536	1.4767
6256.464	1.4920
6334.349	1.5073
6413.204	1.5225
6493.04	1.5373
6573.87	1.5519
6655.706	1.5660
6738.562	1.5796
6822.448	1.5928
6907.379	1.6058
6993.367	1.6186
7080.426	1.6311
7168.568	1.6432
7257.808	1.6549
7348.158	1.6656
7439.633	1.6751
7532.248	1.6830
7626.015	1.6886
7720.949	1.6922
7817.065	1.6939
7914.377	1.6944
8012.901	1.6938
8112.652	1.6922
8213.645	1.6899
8315.894	1.6869
8419.416	1.6833
8524.228	1.6791
8630.343	1.6739
8737.78	1.6677
8846.555	1.6606
8956.683	1.6526
9068.182	1.6437
9181.069	1.6339
9295.362	1.6233
9411.078	1.6118
9528.233	1.5995
9646.849	1.5861
9766.939	1.5715
9888.525	1.5555
10011.625	1.5382
10136.257	1.5192
10262.44	1.4985
10390.195	1.4760
10519.54	1.4514
10650.495	1.4245
10783.08	1.3953
10917.316	1.3637
11053.223	1.3296
11190.821	1.2935
11330.133	1.2553
11471.179	1.2154
11613.98	1.1743
11758.561	1.1322
11904.939	1.0897
12053.141	1.0466
12203.188	1.0028
12355.102	0.9590
12508.907	0.9148
12664.627	0.8705
12822.286	0.8260
12981.907	0.7808
13143.516	0.7348
13307.136	0.6875
13472.793	0.6388
13640.512	0.5885
13810.319	0.5369
13982.24	0.4839
14156.302	0.4298
14332.529	0.3750
14510.951	0.3194
14691.595	0.2631
14874.486	0.2060
15059.655	0.1483
15247.129	0.0903
15436.937	0.0317
15629.106	-0.0272
15823.669	-0.0863
16020.654	-0.1460
16220.091	-0.2057
16422.01	-0.2653
16626.443	-0.3246
16833.422	-0.3836
17042.977	-0.4420
17255.141	-0.4997
17469.945	-0.5564
17687.424	-0.6114
17907.609	-0.6401
18130.537	-0.6689
18356.24	-0.6973
18584.752	-0.7261
18816.107	-0.7551
19050.346	-0.7847
19287.498	-0.8152
19527.604	-0.8468
19770.697	-0.8801
20016.816	-0.9144
