Sens Factor =-7.140dB, SERNO: 5718.tx
10.054	-6.7895
10.179	-6.6126
10.306	-6.4388
10.434	-6.2683
10.564	-6.1009
10.696	-5.9366
10.829	-5.7754
10.964	-5.6173
11.1	-5.4623
11.238	-5.3102
11.378	-5.1611
11.52	-5.0149
11.663	-4.8717
11.809	-4.7312
11.956	-4.5936
12.104	-4.4590
12.255	-4.3269
12.408	-4.1976
12.562	-4.0711
12.718	-3.9473
12.877	-3.8260
13.037	-3.7075
13.199	-3.5914
13.364	-3.4779
13.53	-3.3670
13.698	-3.2585
13.869	-3.1524
14.042	-3.0488
14.216	-2.9476
14.393	-2.8487
14.573	-2.7521
14.754	-2.6579
14.938	-2.5658
15.124	-2.4761
15.312	-2.3885
15.503	-2.3030
15.696	-2.2197
15.891	-2.1385
16.089	-2.0594
16.289	-1.9823
16.492	-1.9071
16.697	-1.8340
16.905	-1.7628
17.115	-1.6935
17.328	-1.6260
17.544	-1.5604
17.763	-1.4966
17.984	-1.4345
18.208	-1.3742
18.434	-1.3157
18.664	-1.2588
18.896	-1.2035
19.131	-1.1499
19.369	-1.0978
19.611	-1.0473
19.855	-0.9983
20.102	-0.9508
20.352	-0.9047
20.605	-0.8601
20.862	-0.8168
21.122	-0.7748
21.385	-0.7342
21.651	-0.6949
21.92	-0.6569
22.193	-0.6201
22.47	-0.5844
22.749	-0.5500
23.032	-0.5167
23.319	-0.4844
23.609	-0.4532
23.903	-0.4231
24.201	-0.3939
24.502	-0.3658
24.807	-0.3385
25.116	-0.3122
25.429	-0.2867
25.745	-0.2621
26.066	-0.2382
26.39	-0.2152
26.719	-0.1928
27.051	-0.1713
27.388	-0.1503
27.729	-0.1300
28.074	-0.1104
28.424	-0.0913
28.778	-0.0727
29.136	-0.0547
29.499	-0.0372
29.866	-0.0201
30.238	-0.0034
30.614	0.0129
30.995	0.0288
31.381	0.0444
31.772	0.0597
32.167	0.0748
32.568	0.0896
32.973	0.1043
33.383	0.1187
33.799	0.1331
34.22	0.1474
34.646	0.1616
35.077	0.1757
35.514	0.1893
35.956	0.2030
36.403	0.2169
36.857	0.2313
37.315	0.2465
37.78	0.2624
38.25	0.2792
38.726	0.2969
39.209	0.3152
39.697	0.3340
40.191	0.3529
40.691	0.3720
41.198	0.3911
41.711	0.4104
42.23	0.4300
42.756	0.4500
43.288	0.4702
43.827	0.4902
44.372	0.5097
44.925	0.5280
45.484	0.5445
46.05	0.5586
46.623	0.5699
47.204	0.5786
47.791	0.5846
48.386	0.5885
48.989	0.5908
49.599	0.5922
50.216	0.5936
50.841	0.5958
51.474	0.6001
52.115	0.6075
52.764	0.6189
53.42	0.6343
54.085	0.6538
54.759	0.6767
55.44	0.7025
56.131	0.7302
56.829	0.7592
57.537	0.7888
58.253	0.8187
58.978	0.8487
59.712	0.8787
60.456	0.9085
61.208	0.9377
61.97	0.9661
62.742	0.9933
63.523	1.0187
64.314	1.0420
65.114	1.0627
65.925	1.0807
66.745	1.0958
67.576	1.1082
68.418	1.1178
69.269	1.1250
70.132	1.1299
71.005	1.1329
71.889	1.1343
72.784	1.1345
73.69	1.1341
74.607	1.1337
75.536	1.1340
76.476	1.1353
77.428	1.1380
78.392	1.1422
79.368	1.1479
80.356	1.1547
81.356	1.1627
82.369	1.1715
83.394	1.1807
84.433	1.1895
85.484	1.1969
86.548	1.2016
87.625	1.2026
88.716	1.1993
89.82	1.1920
90.939	1.1810
92.071	1.1671
93.217	1.1509
94.377	1.1333
95.552	1.1150
96.742	1.0963
97.946	1.0776
99.165	1.0590
100.4	1.0406
101.65	1.0222
102.915	1.0039
104.196	0.9855
105.493	0.9669
106.806	0.9480
108.136	0.9295
109.482	0.9123
110.845	0.8968
112.225	0.8831
113.622	0.8707
115.037	0.8593
116.469	0.8485
117.919	0.8378
119.386	0.8271
120.873	0.8159
122.377	0.8044
123.901	0.7924
125.443	0.7801
127.005	0.7674
128.586	0.7544
130.187	0.7410
131.807	0.7273
133.448	0.7131
135.109	0.6984
136.791	0.6828
138.494	0.6661
140.218	0.6485
141.964	0.6303
143.731	0.6117
145.52	0.5928
147.332	0.5741
149.166	0.5554
151.023	0.5367
152.903	0.5178
154.806	0.4986
156.734	0.4790
158.685	0.4590
160.66	0.4383
162.66	0.4172
164.685	0.3958
166.735	0.3746
168.811	0.3537
170.912	0.3336
173.04	0.3148
175.194	0.2974
177.375	0.2819
179.583	0.2675
181.819	0.2531
184.082	0.2384
186.374	0.2234
188.694	0.2081
191.043	0.1929
193.421	0.1781
195.829	0.1638
198.267	0.1503
200.735	0.1377
203.234	0.1256
205.764	0.1140
208.325	0.1030
210.919	0.0925
213.544	0.0819
216.203	0.0712
218.894	0.0616
221.619	0.0531
224.378	0.0456
227.171	0.0393
229.999	0.0340
232.862	0.0298
235.761	0.0267
238.696	0.0244
241.668	0.0229
244.676	0.0221
247.722	0.0216
250.806	0.0213
253.928	0.0210
257.089	0.0207
260.29	0.0202
263.53	0.0195
266.81	0.0185
270.132	0.0163
273.495	0.0136
276.899	0.0102
280.346	0.0061
283.836	0.0013
287.37	-0.0046
290.947	-0.0111
294.569	-0.0188
298.236	-0.0272
301.949	-0.0360
305.708	-0.0454
309.513	-0.0553
313.366	-0.0657
317.267	-0.0766
321.217	-0.0878
325.216	-0.0993
329.264	-0.1110
333.363	-0.1222
337.513	-0.1327
341.715	-0.1423
345.969	-0.1512
350.276	-0.1596
354.636	-0.1672
359.051	-0.1742
363.521	-0.1818
368.046	-0.1902
372.628	-0.1989
377.266	-0.2083
381.963	-0.2177
386.718	-0.2267
391.532	-0.2352
396.406	-0.2437
401.341	-0.2536
406.337	-0.2651
411.395	-0.2766
416.517	-0.2875
421.702	-0.2968
426.951	-0.3043
432.266	-0.3100
437.648	-0.3139
443.096	-0.3162
448.612	-0.3163
454.196	-0.3152
459.851	-0.3131
465.575	-0.3102
471.371	-0.3064
477.239	-0.3016
483.18	-0.2960
489.195	-0.2894
495.285	-0.2816
501.45	-0.2728
507.693	-0.2628
514.013	-0.2517
520.412	-0.2397
526.89	-0.2270
533.449	-0.2139
540.09	-0.2006
546.814	-0.1875
553.621	-0.1751
560.513	-0.1635
567.49	-0.1527
574.555	-0.1426
581.707	-0.1330
588.949	-0.1235
596.281	-0.1139
603.703	-0.1041
611.219	-0.0940
618.828	-0.0840
626.531	-0.0737
634.331	-0.0638
642.228	-0.0543
650.222	-0.0457
658.317	-0.0375
666.512	-0.0284
674.809	-0.0183
683.21	-0.0085
691.715	0.0004
700.326	0.0077
709.044	0.0134
717.871	0.0176
726.807	0.0207
735.855	0.0228
745.016	0.0243
754.29	0.0252
763.68	0.0259
773.187	0.0263
782.812	0.0267
792.557	0.0270
802.424	0.0271
812.413	0.0272
822.526	0.0274
832.766	0.0276
843.133	0.0281
853.629	0.0288
864.255	0.0300
875.014	0.0315
885.907	0.0334
896.935	0.0357
908.101	0.0385
919.406	0.0417
930.851	0.0453
942.439	0.0493
954.171	0.0536
966.049	0.0581
978.076	0.0627
990.251	0.0672
1002.579	0.0711
1015.06	0.0742
1027.696	0.0764
1040.489	0.0779
1053.442	0.0786
1066.556	0.0786
1079.833	0.0779
1093.276	0.0768
1106.886	0.0754
1120.665	0.0742
1134.616	0.0730
1148.741	0.0722
1163.041	0.0718
1177.519	0.0717
1192.178	0.0723
1207.019	0.0736
1222.045	0.0756
1237.258	0.0782
1252.66	0.0815
1268.254	0.0852
1284.042	0.0892
1300.027	0.0936
1316.211	0.0983
1332.596	0.1033
1349.185	0.1085
1365.981	0.1139
1382.985	0.1194
1400.202	0.1251
1417.633	0.1306
1435.28	0.1361
1453.148	0.1414
1471.238	0.1465
1489.553	0.1516
1508.096	0.1565
1526.87	0.1612
1545.877	0.1658
1565.121	0.1704
1584.605	0.1751
1604.332	0.1800
1624.303	0.1852
1644.524	0.1910
1664.996	0.1978
1685.723	0.2059
1706.708	0.2151
1727.955	0.2253
1749.466	0.2364
1771.244	0.2484
1793.294	0.2611
1815.618	0.2742
1838.221	0.2878
1861.104	0.3017
1884.272	0.3156
1907.729	0.3297
1931.478	0.3436
1955.523	0.3575
1979.866	0.3711
2004.513	0.3843
2029.467	0.3971
2054.731	0.4096
2080.31	0.4221
2106.207	0.4350
2132.427	0.4487
2158.973	0.4634
2185.849	0.4794
2213.06	0.4967
2240.61	0.5153
2268.503	0.5352
2296.743	0.5565
2325.334	0.5789
2354.282	0.6016
2383.59	0.6233
2413.262	0.6440
2443.305	0.6638
2473.721	0.6827
2504.515	0.7010
2535.693	0.7188
2567.26	0.7363
2599.219	0.7534
2631.576	0.7701
2664.335	0.7861
2697.503	0.8017
2731.084	0.8168
2765.082	0.8318
2799.504	0.8469
2834.354	0.8621
2869.638	0.8776
2905.362	0.8933
2941.53	0.9094
2978.148	0.9258
3015.222	0.9427
3052.758	0.9601
3090.761	0.9782
3129.237	0.9971
3168.192	1.0168
3207.632	1.0375
3247.563	1.0591
3287.991	1.0817
3328.923	1.1055
3370.364	1.1304
3412.32	1.1565
3454.799	1.1835
3497.807	1.2113
3541.351	1.2395
3585.436	1.2680
3630.07	1.2964
3675.26	1.3245
3721.012	1.3525
3767.334	1.3800
3814.233	1.4071
3861.715	1.4338
3909.789	1.4604
3958.46	1.4879
4007.738	1.5163
4057.63	1.5453
4108.142	1.5749
4159.283	1.6051
4211.061	1.6362
4263.483	1.6681
4316.559	1.7010
4370.294	1.7350
4424.699	1.7702
4479.781	1.8064
4535.548	1.8433
4592.01	1.8806
4649.175	1.9180
4707.051	1.9553
4765.648	1.9924
4824.975	2.0291
4885.039	2.0654
4945.852	2.1012
5007.421	2.1365
5069.757	2.1711
5132.87	2.2046
5196.768	2.2369
5261.46	2.2677
5326.959	2.2970
5393.273	2.3247
5460.413	2.3507
5528.388	2.3751
5597.209	2.3979
5666.887	2.4195
5737.433	2.4400
5808.857	2.4593
5881.169	2.4772
5954.383	2.4941
6028.507	2.5101
6103.555	2.5253
6179.536	2.5399
6256.464	2.5539
6334.349	2.5675
6413.204	2.5808
6493.04	2.5943
6573.87	2.6081
6655.706	2.6221
6738.562	2.6363
6822.448	2.6504
6907.379	2.6641
6993.367	2.6771
7080.426	2.6891
7168.568	2.7000
7257.808	2.7098
7348.158	2.7186
7439.633	2.7266
7532.248	2.7343
7626.015	2.7420
7720.949	2.7491
7817.065	2.7556
7914.377	2.7611
8012.901	2.7655
8112.652	2.7685
8213.645	2.7700
8315.894	2.7703
8419.416	2.7694
8524.228	2.7679
8630.343	2.7660
8737.78	2.7638
8846.555	2.7615
8956.683	2.7591
9068.182	2.7566
9181.069	2.7539
9295.362	2.7508
9411.078	2.7469
9528.233	2.7418
9646.849	2.7354
9766.939	2.7279
9888.525	2.7188
10011.625	2.7081
10136.257	2.6958
10262.44	2.6818
10390.195	2.6660
10519.54	2.6487
10650.495	2.6298
10783.08	2.6097
10917.316	2.5888
11053.223	2.5669
11190.821	2.5436
11330.133	2.5190
11471.179	2.4929
11613.98	2.4650
11758.561	2.4355
11904.939	2.4048
12053.141	2.3734
12203.188	2.3419
12355.102	2.3106
12508.907	2.2794
12664.627	2.2481
12822.286	2.2171
12981.907	2.1864
13143.516	2.1560
13307.136	2.1257
13472.793	2.0957
13640.512	2.0659
13810.319	2.0361
13982.24	2.0062
14156.302	1.9759
14332.529	1.9450
14510.951	1.9137
14691.595	1.8818
14874.486	1.8495
15059.655	1.8167
15247.129	1.7837
15436.937	1.7504
15629.106	1.7170
15823.669	1.6836
16020.654	1.6507
16220.091	1.6182
16422.01	1.5863
16626.443	1.5553
16833.422	1.5254
17042.977	1.4970
17255.141	1.4705
17469.945	1.4470
17687.424	1.4262
17907.609	1.4117
18130.537	1.3969
18356.24	1.3819
18584.752	1.3673
18816.107	1.3534
19050.346	1.3405
19287.498	1.3288
19527.604	1.3187
19770.697	1.3094
20016.816	1.3006
