Sens Factor =-.1094dB, SERNO: 5721.tx
"Auto-generated 90-degree calibration file"
10.054	-7.5699
10.179	-7.3830
10.306	-7.1993
10.434	-7.0189
10.564	-6.8416
10.696	-6.6673
10.829	-6.4963
10.964	-6.3283
11.100	-6.1634
11.238	-6.0014
11.378	-5.8424
11.520	-5.6862
11.663	-5.5331
11.809	-5.3827
11.956	-5.2352
12.104	-5.0907
12.255	-4.9488
12.408	-4.8095
12.562	-4.6732
12.718	-4.5394
12.877	-4.4082
13.037	-4.2797
13.199	-4.1538
13.364	-4.0304
13.530	-3.9095
13.698	-3.7912
13.869	-3.6752
14.042	-3.5616
14.216	-3.4506
14.393	-3.3418
14.573	-3.2352
14.754	-3.1311
14.938	-3.0291
15.124	-2.9294
15.312	-2.8320
15.503	-2.7366
15.696	-2.6434
15.891	-2.5523
16.089	-2.4632
16.289	-2.3762
16.492	-2.2912
16.697	-2.2081
16.905	-2.1270
17.115	-2.0478
17.328	-1.9705
17.544	-1.8949
17.763	-1.8212
17.984	-1.7492
18.208	-1.6790
18.434	-1.6106
18.664	-1.5437
18.896	-1.4786
19.131	-1.4151
19.369	-1.3531
19.611	-1.2926
19.855	-1.2337
20.102	-1.1763
20.352	-1.1203
20.605	-1.0658
20.862	-1.0126
21.122	-0.9607
21.385	-0.9102
21.651	-0.8610
21.920	-0.8131
22.193	-0.7664
22.470	-0.7208
22.749	-0.6765
23.032	-0.6333
23.319	-0.5911
23.609	-0.5500
23.903	-0.5100
24.201	-0.4709
24.502	-0.4328
24.807	-0.3956
25.116	-0.3594
25.429	-0.3240
25.745	-0.2895
26.066	-0.2557
26.390	-0.2228
26.719	-0.1905
27.051	-0.1590
27.388	-0.1282
27.729	-0.0980
28.074	-0.0684
28.424	-0.0394
28.778	-0.0109
29.136	0.0170
29.499	0.0444
29.866	0.0714
30.238	0.0980
30.614	0.1242
30.995	0.1500
31.381	0.1755
31.772	0.2008
32.167	0.2257
32.568	0.2505
32.973	0.2750
33.383	0.2994
33.799	0.3237
34.220	0.3478
34.646	0.3719
35.077	0.3960
35.514	0.4184
35.956	0.4418
36.403	0.4660
36.857	0.4909
37.315	0.5163
37.780	0.5417
38.250	0.5667
38.726	0.5912
39.209	0.6147
39.697	0.6372
40.191	0.6588
40.691	0.6794
41.198	0.6994
41.711	0.7188
42.230	0.7380
42.756	0.7569
43.288	0.7754
43.827	0.7933
44.372	0.8103
44.925	0.8263
45.484	0.8409
46.050	0.8542
46.623	0.8661
47.204	0.8769
47.791	0.8868
48.386	0.8960
48.989	0.9042
49.599	0.9113
50.216	0.9173
50.841	0.9221
51.474	0.9262
52.115	0.9303
52.764	0.9351
53.420	0.9416
54.085	0.9505
54.759	0.9623
55.440	0.9770
56.131	0.9946
56.829	1.0146
57.537	1.0362
58.253	1.0585
58.978	1.0807
59.712	1.1018
60.456	1.1215
61.208	1.1394
61.970	1.1554
62.742	1.1696
63.523	1.1823
64.314	1.1936
65.114	1.2037
65.925	1.2126
66.745	1.2203
67.576	1.2265
68.418	1.2312
69.269	1.2343
70.132	1.2357
71.005	1.2357
71.889	1.2346
72.784	1.2329
73.690	1.2314
74.607	1.2304
75.536	1.2305
76.476	1.2319
77.428	1.2349
78.392	1.2393
79.368	1.2446
80.356	1.2506
81.356	1.2569
82.369	1.2632
83.394	1.2695
84.433	1.2753
85.484	1.2802
86.548	1.2839
87.625	1.2860
88.716	1.2858
89.820	1.2829
90.939	1.2767
92.071	1.2668
93.217	1.2532
94.377	1.2362
95.552	1.2163
96.742	1.1943
97.946	1.1710
99.165	1.1473
100.400	1.1235
101.650	1.1002
102.915	1.0773
104.196	1.0549
105.493	1.0328
106.806	1.0108
108.136	0.9891
109.482	0.9685
110.845	0.9491
112.225	0.9311
113.622	0.9145
115.037	0.8992
116.469	0.8852
117.919	0.8724
119.386	0.8604
120.873	0.8490
122.377	0.8377
123.901	0.8262
125.443	0.8146
127.005	0.8026
128.586	0.7902
130.187	0.7773
131.807	0.7640
133.448	0.7502
135.109	0.7360
136.791	0.7210
138.494	0.7053
140.218	0.6889
141.964	0.6718
143.731	0.6542
145.520	0.6362
147.332	0.6179
149.166	0.5997
151.023	0.5817
152.903	0.5641
154.806	0.5468
156.734	0.5297
158.685	0.5128
160.660	0.4958
162.660	0.4780
164.685	0.4600
166.735	0.4425
168.811	0.4255
170.912	0.4095
173.040	0.3946
175.194	0.3809
177.375	0.3689
179.583	0.3578
181.819	0.3469
184.082	0.3357
186.374	0.3244
188.694	0.3128
191.043	0.3011
193.421	0.2895
195.829	0.2780
198.267	0.2669
200.735	0.2562
203.234	0.2459
205.764	0.2358
208.325	0.2259
210.919	0.2159
213.544	0.2052
216.203	0.1939
218.894	0.1832
221.619	0.1732
224.378	0.1638
227.171	0.1551
229.999	0.1471
232.862	0.1397
235.761	0.1331
238.696	0.1273
241.668	0.1220
244.676	0.1173
247.722	0.1130
250.806	0.1091
253.928	0.1052
257.089	0.1013
260.290	0.0971
263.530	0.0927
266.810	0.0884
270.132	0.0835
273.495	0.0783
276.899	0.0723
280.346	0.0655
283.836	0.0579
287.370	0.0496
290.947	0.0402
294.569	0.0299
298.236	0.0187
301.949	0.0070
305.708	-0.0051
309.513	-0.0177
313.366	-0.0304
317.267	-0.0435
321.217	-0.0569
325.216	-0.0700
329.264	-0.0826
333.363	-0.0944
337.513	-0.1052
341.715	-0.1145
345.969	-0.1228
350.276	-0.1300
354.636	-0.1357
359.051	-0.1402
363.521	-0.1450
368.046	-0.1499
372.628	-0.1549
377.266	-0.1593
381.963	-0.1633
386.718	-0.1665
391.532	-0.1695
396.406	-0.1732
401.341	-0.1789
406.337	-0.1865
411.395	-0.1948
416.517	-0.2027
421.702	-0.2096
426.951	-0.2155
432.266	-0.2203
437.648	-0.2242
443.096	-0.2276
448.612	-0.2294
454.196	-0.2305
459.851	-0.2312
465.575	-0.2315
471.371	-0.2315
477.239	-0.2311
483.180	-0.2302
489.195	-0.2287
495.285	-0.2262
501.450	-0.2229
507.693	-0.2187
514.013	-0.2135
520.412	-0.2076
526.890	-0.2009
533.449	-0.1938
540.090	-0.1867
546.814	-0.1801
553.621	-0.1741
560.513	-0.1689
567.490	-0.1644
574.555	-0.1604
581.707	-0.1565
588.949	-0.1524
596.281	-0.1481
603.703	-0.1433
611.219	-0.1383
618.828	-0.1331
626.531	-0.1286
634.331	-0.1246
642.228	-0.1214
650.222	-0.1189
658.317	-0.1161
666.512	-0.1116
674.809	-0.1055
683.210	-0.0992
691.715	-0.0936
700.326	-0.0889
709.044	-0.0849
717.871	-0.0814
726.807	-0.0784
735.855	-0.0758
745.016	-0.0736
754.290	-0.0716
763.680	-0.0698
773.187	-0.0686
782.812	-0.0672
792.557	-0.0659
802.424	-0.0645
812.413	-0.0630
822.526	-0.0617
832.766	-0.0604
843.133	-0.0589
853.629	-0.0573
864.255	-0.0557
875.014	-0.0537
885.907	-0.0516
896.935	-0.0491
908.101	-0.0464
919.406	-0.0434
930.851	-0.0399
942.439	-0.0361
954.171	-0.0319
966.049	-0.0276
978.076	-0.0233
990.251	-0.0190
1002.579	-0.0152
1015.060	-0.0122
1027.696	-0.0103
1040.489	-0.0096
1053.442	-0.0096
1066.556	-0.0106
1079.833	-0.0122
1093.276	-0.0143
1106.886	-0.0169
1120.665	-0.0198
1134.616	-0.0231
1148.741	-0.0266
1163.041	-0.0305
1177.519	-0.0349
1192.178	-0.0394
1207.019	-0.0441
1222.045	-0.0487
1237.258	-0.0531
1252.660	-0.0569
1268.254	-0.0603
1284.042	-0.0632
1300.027	-0.0657
1316.211	-0.0675
1332.596	-0.0691
1349.185	-0.0703
1365.981	-0.0718
1382.985	-0.0732
1400.202	-0.0747
1417.633	-0.0761
1435.280	-0.0775
1453.148	-0.0791
1471.238	-0.0806
1489.553	-0.0818
1508.096	-0.0828
1526.870	-0.0837
1545.877	-0.0843
1565.121	-0.0848
1584.605	-0.0852
1604.332	-0.0856
1624.303	-0.0859
1644.524	-0.0860
1664.996	-0.0857
1685.723	-0.0845
1706.708	-0.0821
1727.955	-0.0791
1749.466	-0.0751
1771.244	-0.0701
1793.294	-0.0644
1815.618	-0.0581
1838.221	-0.0511
1861.104	-0.0439
1884.272	-0.0363
1907.729	-0.0286
1931.478	-0.0215
1955.523	-0.0149
1979.866	-0.0088
2004.513	-0.0032
2029.467	0.0018
2054.731	0.0061
2080.310	0.0100
2106.207	0.0138
2132.427	0.0180
2158.973	0.0227
2185.849	0.0282
2213.060	0.0345
2240.610	0.0419
2268.503	0.0504
2296.743	0.0604
2325.334	0.0717
2354.282	0.0831
2383.590	0.0938
2413.262	0.1034
2443.305	0.1117
2473.721	0.1190
2504.515	0.1254
2535.693	0.1311
2567.260	0.1357
2599.219	0.1391
2631.576	0.1415
2664.335	0.1428
2697.503	0.1430
2731.084	0.1424
2765.082	0.1416
2799.504	0.1405
2834.354	0.1391
2869.638	0.1376
2905.362	0.1353
2941.530	0.1328
2978.148	0.1305
3015.222	0.1281
3052.758	0.1261
3090.761	0.1242
3129.237	0.1226
3168.192	0.1216
3207.632	0.1211
3247.563	0.1212
3287.991	0.1220
3328.923	0.1241
3370.364	0.1274
3412.320	0.1319
3454.799	0.1376
3497.807	0.1439
3541.351	0.1505
3585.436	0.1570
3630.070	0.1631
3675.260	0.1690
3721.012	0.1742
3767.334	0.1788
3814.233	0.1827
3861.715	0.1853
3909.789	0.1871
3958.460	0.1884
4007.738	0.1893
4057.630	0.1894
4108.142	0.1882
4159.283	0.1865
4211.061	0.1844
4263.483	0.1825
4316.559	0.1809
4370.294	0.1802
4424.699	0.1803
4479.781	0.1815
4535.548	0.1834
4592.010	0.1851
4649.175	0.1867
4707.051	0.1880
4765.648	0.1888
4824.975	0.1889
4885.039	0.1868
4945.852	0.1836
5007.421	0.1794
5069.757	0.1737
5132.870	0.1661
5196.768	0.1552
5261.460	0.1417
5326.959	0.1252
5393.273	0.1058
5460.413	0.0830
5528.388	0.0570
5597.209	0.0277
5666.887	-0.0045
5737.433	-0.0388
5808.857	-0.0749
5881.169	-0.1130
5954.383	-0.1529
6028.507	-0.1947
6103.555	-0.2380
6179.536	-0.2826
6256.464	-0.3284
6334.349	-0.3751
6413.204	-0.4224
6493.040	-0.4697
6573.870	-0.5168
6655.706	-0.5636
6738.562	-0.6099
6822.448	-0.6561
6907.379	-0.7023
6993.367	-0.7492
7080.426	-0.7972
7168.568	-0.8465
7257.808	-0.8972
7348.158	-0.9483
7439.633	-1.0007
7532.248	-1.0544
7626.015	-1.1092
7720.949	-1.1646
7817.065	-1.2212
7914.377	-1.2795
8012.901	-1.3396
8112.652	-1.4019
8213.645	-1.4652
8315.894	-1.5304
8419.416	-1.5970
8524.228	-1.6644
8630.343	-1.7321
8737.780	-1.7994
8846.555	-1.8662
8956.683	-1.9325
9068.182	-1.9983
9181.069	-2.0634
9295.362	-2.1278
9411.078	-2.1923
9528.233	-2.2575
9646.849	-2.3236
9766.939	-2.3915
9888.525	-2.4608
10011.625	-2.5315
10136.257	-2.6038
10262.440	-2.6776
10390.195	-2.7518
10519.540	-2.8278
10650.495	-2.9056
10783.080	-2.9846
10917.316	-3.0648
11053.223	-3.1458
11190.821	-3.2281
11330.133	-3.3118
11471.179	-3.3971
11613.980	-3.4837
11758.561	-3.5717
11904.939	-3.6607
12053.141	-3.7503
12203.188	-3.8397
12355.102	-3.9284
12508.907	-4.0169
12664.627	-4.1054
12822.286	-4.1938
12981.907	-4.2815
13143.516	-4.3689
13307.136	-4.4563
13472.793	-4.5438
13640.512	-4.6311
13810.319	-4.7180
13982.240	-4.8049
14156.302	-4.8927
14332.529	-4.9813
14510.951	-5.0707
14691.595	-5.1603
14874.486	-5.2509
15059.655	-5.3426
15247.129	-5.4352
15436.937	-5.5282
15629.106	-5.6214
15823.669	-5.7151
16020.654	-5.8091
16220.091	-5.9034
16422.010	-5.9975
16626.443	-6.0912
16833.422	-6.1845
17042.977	-6.2771
17255.141	-6.3684
17469.945	-6.4572
17687.424	-6.5439
17907.609	-6.6242
18130.537	-6.7057
18356.240	-6.7878
18584.752	-6.8702
18816.107	-6.9529
19050.346	-7.0356
19287.498	-7.1179
19527.604	-7.2002
19770.697	-7.2828
20016.816	-7.3663
