Sens Factor =.96900dB, SERNO: 5807.tx
10.054	-6.9435
10.179	-6.7640
10.306	-6.5878
10.434	-6.4148
10.564	-6.2449
10.696	-6.0781
10.829	-5.9144
10.964	-5.7538
11.1	-5.5963
11.238	-5.4418
11.378	-5.2902
11.52	-5.1415
11.663	-4.9958
11.809	-4.8528
11.956	-4.7127
12.104	-4.5756
12.255	-4.4411
12.408	-4.3093
12.562	-4.1803
12.718	-4.0540
12.877	-3.9302
13.037	-3.8091
13.199	-3.6906
13.364	-3.5746
13.53	-3.4612
13.698	-3.3502
13.869	-3.2417
14.042	-3.1355
14.216	-3.0319
14.393	-2.9305
14.573	-2.8314
14.754	-2.7347
14.938	-2.6401
15.124	-2.5479
15.312	-2.4578
15.503	-2.3698
15.696	-2.2840
15.891	-2.2004
16.089	-2.1187
16.289	-2.0391
16.492	-1.9615
16.697	-1.8859
16.905	-1.8122
17.115	-1.7404
17.328	-1.6705
17.544	-1.6024
17.763	-1.5360
17.984	-1.4715
18.208	-1.4087
18.434	-1.3477
18.664	-1.2883
18.896	-1.2305
19.131	-1.1744
19.369	-1.1199
19.611	-1.0668
19.855	-1.0153
20.102	-0.9653
20.352	-0.9168
20.605	-0.8696
20.862	-0.8238
21.122	-0.7794
21.385	-0.7363
21.651	-0.6946
21.92	-0.6541
22.193	-0.6147
22.47	-0.5766
22.749	-0.5397
23.032	-0.5039
23.319	-0.4691
23.609	-0.4355
23.903	-0.4028
24.201	-0.3711
24.502	-0.3405
24.807	-0.3108
25.116	-0.2819
25.429	-0.2539
25.745	-0.2268
26.066	-0.2005
26.39	-0.1750
26.719	-0.1501
27.051	-0.1261
27.388	-0.1027
27.729	-0.0799
28.074	-0.0577
28.424	-0.0361
28.778	-0.0151
29.136	0.0054
29.499	0.0255
29.866	0.0450
30.238	0.0642
30.614	0.0830
30.995	0.1014
31.381	0.1195
31.772	0.1373
32.167	0.1548
32.568	0.1722
32.973	0.1893
33.383	0.2062
33.799	0.2231
34.22	0.2398
34.646	0.2565
35.077	0.2732
35.514	0.2945
35.956	0.3132
36.403	0.3297
36.857	0.3441
37.315	0.3564
37.78	0.3666
38.25	0.3746
38.726	0.3804
39.209	0.3838
39.697	0.3848
40.191	0.3840
40.691	0.3819
41.198	0.3795
41.711	0.3778
42.23	0.3775
42.756	0.3789
43.288	0.3820
43.827	0.3863
44.372	0.3913
44.925	0.3966
45.484	0.4020
46.05	0.4074
46.623	0.4126
47.204	0.4177
47.791	0.4224
48.386	0.4267
48.989	0.4304
49.599	0.4333
50.216	0.4350
50.841	0.4354
51.474	0.4344
52.115	0.4318
52.764	0.4278
53.42	0.4223
54.085	0.4158
54.759	0.4088
55.44	0.4018
56.131	0.3951
56.829	0.3890
57.537	0.3835
58.253	0.3784
58.978	0.3737
59.712	0.3693
60.456	0.3650
61.208	0.3611
61.97	0.3577
62.742	0.3552
63.523	0.3538
64.314	0.3539
65.114	0.3557
65.925	0.3593
66.745	0.3643
67.576	0.3700
68.418	0.3756
69.269	0.3801
70.132	0.3829
71.005	0.3836
71.889	0.3824
72.784	0.3798
73.69	0.3765
74.607	0.3726
75.536	0.3684
76.476	0.3641
77.428	0.3595
78.392	0.3546
79.368	0.3494
80.356	0.3436
81.356	0.3373
82.369	0.3309
83.394	0.3245
84.433	0.3183
85.484	0.3122
86.548	0.3061
87.625	0.3001
88.716	0.2939
89.82	0.2875
90.939	0.2808
92.071	0.2740
93.217	0.2674
94.377	0.2612
95.552	0.2557
96.742	0.2511
97.946	0.2475
99.165	0.2449
100.4	0.2430
101.65	0.2416
102.915	0.2404
104.196	0.2390
105.493	0.2371
106.806	0.2342
108.136	0.2305
109.482	0.2265
110.845	0.2225
112.225	0.2185
113.622	0.2144
115.037	0.2104
116.469	0.2063
117.919	0.2021
119.386	0.1978
120.873	0.1933
122.377	0.1885
123.901	0.1833
125.443	0.1777
127.005	0.1717
128.586	0.1655
130.187	0.1591
131.807	0.1527
133.448	0.1465
135.109	0.1404
136.791	0.1342
138.494	0.1278
140.218	0.1213
141.964	0.1146
143.731	0.1076
145.52	0.1004
147.332	0.0930
149.166	0.0855
151.023	0.0781
152.903	0.0707
154.806	0.0631
156.734	0.0556
158.685	0.0479
160.66	0.0400
162.66	0.0321
164.685	0.0239
166.735	0.0154
168.811	0.0067
170.912	-0.0019
173.04	-0.0102
175.194	-0.0181
177.375	-0.0249
179.583	-0.0311
181.819	-0.0373
184.082	-0.0438
186.374	-0.0506
188.694	-0.0577
191.043	-0.0654
193.421	-0.0737
195.829	-0.0824
198.267	-0.0913
200.735	-0.1001
203.234	-0.1088
205.764	-0.1171
208.325	-0.1250
210.919	-0.1327
213.544	-0.1401
216.203	-0.1475
218.894	-0.1551
221.619	-0.1630
224.378	-0.1712
227.171	-0.1796
229.999	-0.1882
232.862	-0.1966
235.761	-0.2047
238.696	-0.2122
241.668	-0.2194
244.676	-0.2262
247.722	-0.2326
250.806	-0.2387
253.928	-0.2447
257.089	-0.2504
260.29	-0.2557
263.53	-0.2604
266.81	-0.2648
270.132	-0.2683
273.495	-0.2709
276.899	-0.2726
280.346	-0.2736
283.836	-0.2740
287.37	-0.2740
290.947	-0.2736
294.569	-0.2734
298.236	-0.2732
301.949	-0.2731
305.708	-0.2728
309.513	-0.2725
313.366	-0.2720
317.267	-0.2712
321.217	-0.2702
325.216	-0.2690
329.264	-0.2676
333.363	-0.2662
337.513	-0.2648
341.715	-0.2634
345.969	-0.2621
350.276	-0.2611
354.636	-0.2606
359.051	-0.2610
363.521	-0.2624
368.046	-0.2654
372.628	-0.2705
377.266	-0.2772
381.963	-0.2852
386.718	-0.2937
391.532	-0.3017
396.406	-0.3077
401.341	-0.3105
406.337	-0.3108
411.395	-0.3103
416.517	-0.3097
421.702	-0.3093
426.951	-0.3092
432.266	-0.3093
437.648	-0.3096
443.096	-0.3098
448.612	-0.3106
454.196	-0.3116
459.851	-0.3128
465.575	-0.3140
471.371	-0.3152
477.239	-0.3162
483.18	-0.3170
489.195	-0.3175
495.285	-0.3175
501.45	-0.3170
507.693	-0.3160
514.013	-0.3144
520.412	-0.3122
526.89	-0.3093
533.449	-0.3053
540.09	-0.3006
546.814	-0.2953
553.621	-0.2895
560.513	-0.2835
567.49	-0.2773
574.555	-0.2711
581.707	-0.2646
588.949	-0.2575
596.281	-0.2495
603.703	-0.2399
611.219	-0.2282
618.828	-0.2140
626.531	-0.1975
634.331	-0.1795
642.228	-0.1608
650.222	-0.1427
658.317	-0.1268
666.512	-0.1142
674.809	-0.1044
683.21	-0.0959
691.715	-0.0878
700.326	-0.0799
709.044	-0.0724
717.871	-0.0653
726.807	-0.0586
735.855	-0.0523
745.016	-0.0462
754.29	-0.0405
763.68	-0.0351
773.187	-0.0300
782.812	-0.0250
792.557	-0.0203
802.424	-0.0157
812.413	-0.0113
822.526	-0.0070
832.766	-0.0029
843.133	0.0010
853.629	0.0045
864.255	0.0077
875.014	0.0104
885.907	0.0123
896.935	0.0135
908.101	0.0137
919.406	0.0130
930.851	0.0114
942.439	0.0088
954.171	0.0054
966.049	0.0014
978.076	-0.0031
990.251	-0.0078
1002.579	-0.0126
1015.06	-0.0171
1027.696	-0.0212
1040.489	-0.0248
1053.442	-0.0277
1066.556	-0.0300
1079.833	-0.0316
1093.276	-0.0325
1106.886	-0.0328
1120.665	-0.0326
1134.616	-0.0318
1148.741	-0.0305
1163.041	-0.0288
1177.519	-0.0264
1192.178	-0.0235
1207.019	-0.0200
1222.045	-0.0161
1237.258	-0.0118
1252.66	-0.0073
1268.254	-0.0026
1284.042	0.0022
1300.027	0.0071
1316.211	0.0119
1332.596	0.0169
1349.185	0.0220
1365.981	0.0272
1382.985	0.0327
1400.202	0.0385
1417.633	0.0447
1435.28	0.0513
1453.148	0.0583
1471.238	0.0657
1489.553	0.0737
1508.096	0.0820
1526.87	0.0905
1545.877	0.0993
1565.121	0.1083
1584.605	0.1174
1604.332	0.1266
1624.303	0.1359
1644.524	0.1452
1664.996	0.1542
1685.723	0.1629
1706.708	0.1709
1727.955	0.1783
1749.466	0.1851
1771.244	0.1912
1793.294	0.1968
1815.618	0.2021
1838.221	0.2071
1861.104	0.2119
1884.272	0.2167
1907.729	0.2218
1931.478	0.2274
1955.523	0.2336
1979.866	0.2407
2004.513	0.2484
2029.467	0.2570
2054.731	0.2664
2080.31	0.2764
2106.207	0.2866
2132.427	0.2971
2158.973	0.3077
2185.849	0.3184
2213.06	0.3291
2240.61	0.3399
2268.503	0.3505
2296.743	0.3607
2325.334	0.3705
2354.282	0.3802
2383.59	0.3907
2413.262	0.4021
2443.305	0.4146
2473.721	0.4282
2504.515	0.4429
2535.693	0.4588
2567.26	0.4761
2599.219	0.4946
2631.576	0.5145
2664.335	0.5356
2697.503	0.5578
2731.084	0.5810
2765.082	0.6049
2799.504	0.6294
2834.354	0.6542
2869.638	0.6795
2905.362	0.7051
2941.53	0.7310
2978.148	0.7570
3015.222	0.7832
3052.758	0.8095
3090.761	0.8358
3129.237	0.8621
3168.192	0.8882
3207.632	0.9140
3247.563	0.9393
3287.991	0.9640
3328.923	0.9879
3370.364	1.0111
3412.32	1.0336
3454.799	1.0555
3497.807	1.0772
3541.351	1.0989
3585.436	1.1205
3630.07	1.1423
3675.26	1.1643
3721.012	1.1868
3767.334	1.2100
3814.233	1.2341
3861.715	1.2595
3909.789	1.2862
3958.46	1.3138
4007.738	1.3420
4057.63	1.3710
4108.142	1.4007
4159.283	1.4310
4211.061	1.4615
4263.483	1.4922
4316.559	1.5229
4370.294	1.5533
4424.699	1.5833
4479.781	1.6130
4535.548	1.6424
4592.01	1.6716
4649.175	1.7008
4707.051	1.7299
4765.648	1.7588
4824.975	1.7876
4885.039	1.8160
4945.852	1.8438
5007.421	1.8711
5069.757	1.8977
5132.87	1.9235
5196.768	1.9488
5261.46	1.9737
5326.959	1.9984
5393.273	2.0228
5460.413	2.0472
5528.388	2.0715
5597.209	2.0956
5666.887	2.1195
5737.433	2.1432
5808.857	2.1668
5881.169	2.1902
5954.383	2.2136
6028.507	2.2369
6103.555	2.2601
6179.536	2.2832
6256.464	2.3062
6334.349	2.3291
6413.204	2.3518
6493.04	2.3737
6573.87	2.3947
6655.706	2.4147
6738.562	2.4334
6822.448	2.4511
6907.379	2.4678
6993.367	2.4838
7080.426	2.4990
7168.568	2.5136
7257.808	2.5276
7348.158	2.5406
7439.633	2.5526
7532.248	2.5632
7626.015	2.5720
7720.949	2.5791
7817.065	2.5849
7914.377	2.5896
8012.901	2.5935
8112.652	2.5965
8213.645	2.5989
8315.894	2.6005
8419.416	2.6017
8524.228	2.6022
8630.343	2.6017
8737.78	2.6004
8846.555	2.5981
8956.683	2.5947
9068.182	2.5901
9181.069	2.5843
9295.362	2.5775
9411.078	2.5695
9528.233	2.5606
9646.849	2.5504
9766.939	2.5390
9888.525	2.5262
10011.625	2.5120
10136.257	2.4962
10262.44	2.4786
10390.195	2.4593
10519.54	2.4381
10650.495	2.4148
10783.08	2.3897
10917.316	2.3628
11053.223	2.3341
11190.821	2.3040
11330.133	2.2723
11471.179	2.2394
11613.98	2.2056
11758.561	2.1716
11904.939	2.1381
12053.141	2.1058
12203.188	2.0751
12355.102	2.0476
12508.907	2.0226
12664.627	1.9994
12822.286	1.9775
12981.907	1.9564
13143.516	1.9357
13307.136	1.9147
13472.793	1.8934
13640.512	1.8715
13810.319	1.8489
13982.24	1.8258
14156.302	1.8021
14332.529	1.7780
14510.951	1.7534
14691.595	1.7285
14874.486	1.7032
15059.655	1.6776
15247.129	1.6519
15436.937	1.6259
15629.106	1.5996
15823.669	1.5734
16020.654	1.5467
16220.091	1.5201
16422.01	1.4939
16626.443	1.4680
16833.422	1.4426
17042.977	1.4178
17255.141	1.3949
17469.945	1.3736
17687.424	1.3551
17907.609	1.3483
18130.537	1.3420
18356.24	1.3364
18584.752	1.3311
18816.107	1.3262
19050.346	1.3218
19287.498	1.3174
19527.604	1.3125
19770.697	1.3064
20016.816	1.2986
