Sens Factor =-.6741dB, SERNO: 5728.tx
10.054	-6.5268
10.179	-6.3437
10.306	-6.1638
10.434	-5.9871
10.564	-5.8135
10.696	-5.6430
10.829	-5.4757
10.964	-5.3115
11.1	-5.1503
11.238	-4.9921
11.378	-4.8368
11.52	-4.6844
11.663	-4.5350
11.809	-4.3884
11.956	-4.2446
12.104	-4.1038
12.255	-3.9656
12.408	-3.8302
12.562	-3.6975
12.718	-3.5675
12.877	-3.4401
13.037	-3.3153
13.199	-3.1932
13.364	-3.0735
13.53	-2.9564
13.698	-2.8418
13.869	-2.7295
14.042	-2.6197
14.216	-2.5124
14.393	-2.4073
14.573	-2.3045
14.754	-2.2041
14.938	-2.1059
15.124	-2.0100
15.312	-1.9163
15.503	-1.8246
15.696	-1.7351
15.891	-1.6478
16.089	-1.5625
16.289	-1.4792
16.492	-1.3979
16.697	-1.3186
16.905	-1.2412
17.115	-1.1658
17.328	-1.0922
17.544	-1.0204
17.763	-0.9504
17.984	-0.8822
18.208	-0.8157
18.434	-0.7511
18.664	-0.6879
18.896	-0.6265
19.131	-0.5668
19.369	-0.5085
19.611	-0.4518
19.855	-0.3966
20.102	-0.3429
20.352	-0.2907
20.605	-0.2399
20.862	-0.1905
21.122	-0.1424
21.385	-0.0956
21.651	-0.0502
21.92	-0.0060
22.193	0.0370
22.47	0.0788
22.749	0.1194
23.032	0.1589
23.319	0.1973
23.609	0.2347
23.903	0.2710
24.201	0.3063
24.502	0.3406
24.807	0.3740
25.116	0.4066
25.429	0.4382
25.745	0.4690
26.066	0.4990
26.39	0.5282
26.719	0.5567
27.051	0.5844
27.388	0.6115
27.729	0.6380
28.074	0.6638
28.424	0.6891
28.778	0.7138
29.136	0.7380
29.499	0.7617
29.866	0.7849
30.238	0.8078
30.614	0.8302
30.995	0.8523
31.381	0.8741
31.772	0.8956
32.167	0.9168
32.568	0.9378
32.973	0.9586
33.383	0.9792
33.799	0.9997
34.22	1.0201
34.646	1.0405
35.077	1.0608
35.514	1.0816
35.956	1.1018
36.403	1.1218
36.857	1.1419
37.315	1.1624
37.78	1.1831
38.25	1.2040
38.726	1.2248
39.209	1.2453
39.697	1.2652
40.191	1.2845
40.691	1.3032
41.198	1.3218
41.711	1.3404
42.23	1.3591
42.756	1.3780
43.288	1.3967
43.827	1.4149
44.372	1.4321
44.925	1.4483
45.484	1.4634
46.05	1.4775
46.623	1.4908
47.204	1.5031
47.791	1.5142
48.386	1.5239
48.989	1.5320
49.599	1.5384
50.216	1.5429
50.841	1.5457
51.474	1.5472
52.115	1.5478
52.764	1.5482
53.42	1.5489
54.085	1.5507
54.759	1.5543
55.44	1.5604
56.131	1.5692
56.829	1.5807
57.537	1.5946
58.253	1.6103
58.978	1.6271
59.712	1.6446
60.456	1.6623
61.208	1.6799
61.97	1.6971
62.742	1.7139
63.523	1.7302
64.314	1.7459
65.114	1.7610
65.925	1.7755
66.745	1.7892
67.576	1.8017
68.418	1.8126
69.269	1.8215
70.132	1.8280
71.005	1.8322
71.889	1.8343
72.784	1.8346
73.69	1.8338
74.607	1.8322
75.536	1.8300
76.476	1.8275
77.428	1.8248
78.392	1.8223
79.368	1.8203
80.356	1.8191
81.356	1.8190
82.369	1.8200
83.394	1.8222
84.433	1.8251
85.484	1.8284
86.548	1.8315
87.625	1.8338
88.716	1.8346
89.82	1.8335
90.939	1.8298
92.071	1.8233
93.217	1.8137
94.377	1.8012
95.552	1.7862
96.742	1.7693
97.946	1.7510
99.165	1.7317
100.4	1.7117
101.65	1.6912
102.915	1.6703
104.196	1.6492
105.493	1.6281
106.806	1.6070
108.136	1.5864
109.482	1.5663
110.845	1.5470
112.225	1.5285
113.622	1.5110
115.037	1.4945
116.469	1.4790
117.919	1.4643
119.386	1.4504
120.873	1.4369
122.377	1.4237
123.901	1.4105
125.443	1.3971
127.005	1.3833
128.586	1.3691
130.187	1.3543
131.807	1.3390
133.448	1.3229
135.109	1.3063
136.791	1.2889
138.494	1.2708
140.218	1.2521
141.964	1.2331
143.731	1.2139
145.52	1.1946
147.332	1.1755
149.166	1.1565
151.023	1.1378
152.903	1.1193
154.806	1.1009
156.734	1.0828
158.685	1.0649
160.66	1.0468
162.66	1.0285
164.685	1.0100
166.735	0.9912
168.811	0.9722
170.912	0.9532
173.04	0.9342
175.194	0.9150
177.375	0.8955
179.583	0.8756
181.819	0.8546
184.082	0.8327
186.374	0.8098
188.694	0.7856
191.043	0.7606
193.421	0.7352
195.829	0.7095
198.267	0.6836
200.735	0.6582
203.234	0.6335
205.764	0.6107
208.325	0.5896
210.919	0.5705
213.544	0.5541
216.203	0.5402
218.894	0.5275
221.619	0.5160
224.378	0.5057
227.171	0.4966
229.999	0.4886
232.862	0.4817
235.761	0.4759
238.696	0.4710
241.668	0.4663
244.676	0.4619
247.722	0.4574
250.806	0.4525
253.928	0.4468
257.089	0.4402
260.29	0.4326
263.53	0.4242
266.81	0.4150
270.132	0.4071
273.495	0.3997
276.899	0.3931
280.346	0.3870
283.836	0.3814
287.37	0.3763
290.947	0.3717
294.569	0.3674
298.236	0.3637
301.949	0.3608
305.708	0.3583
309.513	0.3560
313.366	0.3547
317.267	0.3533
321.217	0.3522
325.216	0.3518
329.264	0.3519
333.363	0.3526
337.513	0.3536
341.715	0.3540
345.969	0.3537
350.276	0.3525
354.636	0.3491
359.051	0.3435
363.521	0.3361
368.046	0.3272
372.628	0.3160
377.266	0.3028
381.963	0.2881
386.718	0.2724
391.532	0.2564
396.406	0.2400
401.341	0.2236
406.337	0.2076
411.395	0.1934
416.517	0.1817
421.702	0.1726
426.951	0.1656
432.266	0.1604
437.648	0.1566
443.096	0.1544
448.612	0.1515
454.196	0.1487
459.851	0.1454
465.575	0.1419
471.371	0.1381
477.239	0.1340
483.18	0.1299
489.195	0.1260
495.285	0.1225
501.45	0.1194
507.693	0.1169
514.013	0.1153
520.412	0.1142
526.89	0.1136
533.449	0.1131
540.09	0.1122
546.814	0.1109
553.621	0.1089
560.513	0.1062
567.49	0.1028
574.555	0.0989
581.707	0.0948
588.949	0.0909
596.281	0.0875
603.703	0.0853
611.219	0.0841
618.828	0.0846
626.531	0.0865
634.331	0.0895
642.228	0.0933
650.222	0.0969
658.317	0.1006
666.512	0.1045
674.809	0.1077
683.21	0.1092
691.715	0.1085
700.326	0.1059
709.044	0.1020
717.871	0.0973
726.807	0.0920
735.855	0.0865
745.016	0.0808
754.29	0.0751
763.68	0.0697
773.187	0.0645
782.812	0.0597
792.557	0.0551
802.424	0.0507
812.413	0.0465
822.526	0.0424
832.766	0.0384
843.133	0.0347
853.629	0.0314
864.255	0.0288
875.014	0.0270
885.907	0.0262
896.935	0.0262
908.101	0.0272
919.406	0.0292
930.851	0.0320
942.439	0.0356
954.171	0.0399
966.049	0.0445
978.076	0.0493
990.251	0.0539
1002.579	0.0579
1015.06	0.0611
1027.696	0.0632
1040.489	0.0645
1053.442	0.0648
1066.556	0.0643
1079.833	0.0629
1093.276	0.0609
1106.886	0.0584
1120.665	0.0556
1134.616	0.0530
1148.741	0.0507
1163.041	0.0489
1177.519	0.0476
1192.178	0.0468
1207.019	0.0464
1222.045	0.0464
1237.258	0.0468
1252.66	0.0475
1268.254	0.0486
1284.042	0.0500
1300.027	0.0518
1316.211	0.0539
1332.596	0.0564
1349.185	0.0591
1365.981	0.0622
1382.985	0.0654
1400.202	0.0688
1417.633	0.0721
1435.28	0.0754
1453.148	0.0784
1471.238	0.0810
1489.553	0.0834
1508.096	0.0855
1526.87	0.0873
1545.877	0.0888
1565.121	0.0903
1584.605	0.0917
1604.332	0.0933
1624.303	0.0952
1644.524	0.0978
1664.996	0.1014
1685.723	0.1064
1706.708	0.1127
1727.955	0.1204
1749.466	0.1293
1771.244	0.1391
1793.294	0.1498
1815.618	0.1611
1838.221	0.1729
1861.104	0.1851
1884.272	0.1973
1907.729	0.2094
1931.478	0.2210
1955.523	0.2322
1979.866	0.2427
2004.513	0.2525
2029.467	0.2618
2054.731	0.2705
2080.31	0.2786
2106.207	0.2868
2132.427	0.2956
2158.973	0.3055
2185.849	0.3167
2213.06	0.3292
2240.61	0.3428
2268.503	0.3576
2296.743	0.3735
2325.334	0.3900
2354.282	0.4063
2383.59	0.4217
2413.262	0.4361
2443.305	0.4495
2473.721	0.4621
2504.515	0.4741
2535.693	0.4854
2567.26	0.4959
2599.219	0.5058
2631.576	0.5149
2664.335	0.5230
2697.503	0.5300
2731.084	0.5362
2765.082	0.5419
2799.504	0.5473
2834.354	0.5527
2869.638	0.5580
2905.362	0.5635
2941.53	0.5692
2978.148	0.5751
3015.222	0.5812
3052.758	0.5876
3090.761	0.5945
3129.237	0.6019
3168.192	0.6101
3207.632	0.6192
3247.563	0.6292
3287.991	0.6403
3328.923	0.6527
3370.364	0.6663
3412.32	0.6810
3454.799	0.6968
3497.807	0.7133
3541.351	0.7299
3585.436	0.7459
3630.07	0.7612
3675.26	0.7758
3721.012	0.7897
3767.334	0.8028
3814.233	0.8153
3861.715	0.8270
3909.789	0.8382
3958.46	0.8492
4007.738	0.8596
4057.63	0.8694
4108.142	0.8787
4159.283	0.8876
4211.061	0.8965
4263.483	0.9056
4316.559	0.9150
4370.294	0.9251
4424.699	0.9361
4479.781	0.9481
4535.548	0.9609
4592.01	0.9740
4649.175	0.9873
4707.051	1.0004
4765.648	1.0132
4824.975	1.0255
4885.039	1.0372
4945.852	1.0482
5007.421	1.0582
5069.757	1.0667
5132.87	1.0733
5196.768	1.0776
5261.46	1.0792
5326.959	1.0779
5393.273	1.0737
5460.413	1.0666
5528.388	1.0562
5597.209	1.0428
5666.887	1.0267
5737.433	1.0086
5808.857	0.9885
5881.169	0.9666
5954.383	0.9431
6028.507	0.9183
6103.555	0.8924
6179.536	0.8657
6256.464	0.8384
6334.349	0.8107
6413.204	0.7831
6493.04	0.7561
6573.87	0.7302
6655.706	0.7053
6738.562	0.6814
6822.448	0.6582
6907.379	0.6352
6993.367	0.6120
7080.426	0.5882
7168.568	0.5636
7257.808	0.5380
7348.158	0.5114
7439.633	0.4839
7532.248	0.4555
7626.015	0.4263
7720.949	0.3960
7817.065	0.3643
7914.377	0.3314
8012.901	0.2970
8112.652	0.2612
8213.645	0.2239
8315.894	0.1855
8419.416	0.1466
8524.228	0.1077
8630.343	0.0693
8737.78	0.0320
8846.555	-0.0041
8956.683	-0.0388
9068.182	-0.0722
9181.069	-0.1039
9295.362	-0.1340
9411.078	-0.1631
9528.233	-0.1917
9646.849	-0.2203
9766.939	-0.2486
9888.525	-0.2772
10011.625	-0.3062
10136.257	-0.3360
10262.44	-0.3666
10390.195	-0.3982
10519.54	-0.4308
10650.495	-0.4642
10783.08	-0.4980
10917.316	-0.5320
11053.223	-0.5661
11190.821	-0.6005
11330.133	-0.6354
11471.179	-0.6708
11613.98	-0.7071
11758.561	-0.7443
11904.939	-0.7814
12053.141	-0.8178
12203.188	-0.8526
12355.102	-0.8857
12508.907	-0.9167
12664.627	-0.9461
12822.286	-0.9735
12981.907	-0.9988
13143.516	-1.0222
13307.136	-1.0439
13472.793	-1.0632
13640.512	-1.0803
13810.319	-1.0954
13982.24	-1.1088
14156.302	-1.1213
14332.529	-1.1330
14510.951	-1.1441
14691.595	-1.1549
14874.486	-1.1653
15059.655	-1.1752
15247.129	-1.1846
15436.937	-1.1932
15629.106	-1.2006
15823.669	-1.2067
16020.654	-1.2107
16220.091	-1.2128
16422.01	-1.2129
16626.443	-1.2108
16833.422	-1.2064
17042.977	-1.1997
17255.141	-1.1903
17469.945	-1.1772
17687.424	-1.1609
17907.609	-1.1594
18130.537	-1.1576
18356.24	-1.1553
18584.752	-1.1521
18816.107	-1.1476
19050.346	-1.1416
19287.498	-1.1336
19527.604	-1.1232
19770.697	-1.1116
20016.816	-1.0993
