Sens Factor =1.1158dB, SERNO: 5828.tx
10.054	-6.3581
10.179	-6.1841
10.306	-6.0132
10.434	-5.8455
10.564	-5.6810
10.696	-5.5196
10.829	-5.3613
10.964	-5.2060
11.1	-5.0539
11.238	-4.9047
11.378	-4.7585
11.52	-4.6151
11.663	-4.4748
11.809	-4.3372
11.956	-4.2025
12.104	-4.0707
12.255	-3.9415
12.408	-3.8151
12.562	-3.6915
12.718	-3.5705
12.877	-3.4521
13.037	-3.3364
13.199	-3.2233
13.364	-3.1126
13.53	-3.0045
13.698	-2.8990
13.869	-2.7958
14.042	-2.6950
14.216	-2.5967
14.393	-2.5007
14.573	-2.4069
14.754	-2.3156
14.938	-2.2264
15.124	-2.1395
15.312	-2.0548
15.503	-1.9722
15.696	-1.8918
15.891	-1.8135
16.089	-1.7372
16.289	-1.6629
16.492	-1.5907
16.697	-1.5204
16.905	-1.4521
17.115	-1.3857
17.328	-1.3211
17.544	-1.2583
17.763	-1.1974
17.984	-1.1382
18.208	-1.0808
18.434	-1.0251
18.664	-0.9711
18.896	-0.9187
19.131	-0.8679
19.369	-0.8187
19.611	-0.7711
19.855	-0.7249
20.102	-0.6803
20.352	-0.6371
20.605	-0.5953
20.862	-0.5549
21.122	-0.5159
21.385	-0.4781
21.651	-0.4417
21.92	-0.4066
22.193	-0.3726
22.47	-0.3398
22.749	-0.3083
23.032	-0.2778
23.319	-0.2484
23.609	-0.2201
23.903	-0.1929
24.201	-0.1666
24.502	-0.1413
24.807	-0.1169
25.116	-0.0934
25.429	-0.0708
25.745	-0.0491
26.066	-0.0281
26.39	-0.0079
26.719	0.0115
27.051	0.0302
27.388	0.0483
27.729	0.0657
28.074	0.0825
28.424	0.0987
28.778	0.1144
29.136	0.1296
29.499	0.1442
29.866	0.1584
30.238	0.1722
30.614	0.1856
30.995	0.1987
31.381	0.2114
31.772	0.2239
32.167	0.2361
32.568	0.2480
32.973	0.2598
33.383	0.2714
33.799	0.2829
34.22	0.2943
34.646	0.3056
35.077	0.3169
35.514	0.3319
35.956	0.3448
36.403	0.3558
36.857	0.3652
37.315	0.3733
37.78	0.3801
38.25	0.3858
38.726	0.3905
39.209	0.3943
39.697	0.3976
40.191	0.4009
40.691	0.4049
41.198	0.4104
41.711	0.4181
42.23	0.4282
42.756	0.4409
43.288	0.4556
43.827	0.4718
44.372	0.4889
44.925	0.5064
45.484	0.5239
46.05	0.5412
46.623	0.5581
47.204	0.5745
47.791	0.5901
48.386	0.6049
48.989	0.6186
49.599	0.6310
50.216	0.6419
50.841	0.6511
51.474	0.6585
52.115	0.6642
52.764	0.6682
53.42	0.6708
54.085	0.6725
54.759	0.6740
55.44	0.6760
56.131	0.6790
56.829	0.6833
57.537	0.6891
58.253	0.6964
58.978	0.7052
59.712	0.7152
60.456	0.7262
61.208	0.7381
61.97	0.7506
62.742	0.7638
63.523	0.7776
64.314	0.7920
65.114	0.8071
65.925	0.8224
66.745	0.8375
67.576	0.8518
68.418	0.8645
69.269	0.8753
70.132	0.8838
71.005	0.8902
71.889	0.8948
72.784	0.8984
73.69	0.9015
74.607	0.9043
75.536	0.9072
76.476	0.9101
77.428	0.9131
78.392	0.9162
79.368	0.9193
80.356	0.9223
81.356	0.9252
82.369	0.9279
83.394	0.9304
84.433	0.9327
85.484	0.9349
86.548	0.9367
87.625	0.9381
88.716	0.9389
89.82	0.9390
90.939	0.9383
92.071	0.9369
93.217	0.9349
94.377	0.9324
95.552	0.9294
96.742	0.9261
97.946	0.9224
99.165	0.9182
100.4	0.9138
101.65	0.9092
102.915	0.9045
104.196	0.9000
105.493	0.8955
106.806	0.8913
108.136	0.8872
109.482	0.8827
110.845	0.8779
112.225	0.8727
113.622	0.8672
115.037	0.8614
116.469	0.8553
117.919	0.8491
119.386	0.8426
120.873	0.8360
122.377	0.8292
123.901	0.8224
125.443	0.8153
127.005	0.8078
128.586	0.8001
130.187	0.7920
131.807	0.7836
133.448	0.7749
135.109	0.7662
136.791	0.7578
138.494	0.7499
140.218	0.7425
141.964	0.7357
143.731	0.7294
145.52	0.7234
147.332	0.7177
149.166	0.7122
151.023	0.7068
152.903	0.7014
154.806	0.6961
156.734	0.6911
158.685	0.6863
160.66	0.6818
162.66	0.6782
164.685	0.6748
166.735	0.6715
168.811	0.6682
170.912	0.6647
173.04	0.6607
175.194	0.6560
177.375	0.6508
179.583	0.6451
181.819	0.6393
184.082	0.6335
186.374	0.6276
188.694	0.6212
191.043	0.6142
193.421	0.6065
195.829	0.5982
198.267	0.5895
200.735	0.5806
203.234	0.5717
205.764	0.5629
208.325	0.5545
210.919	0.5464
213.544	0.5387
216.203	0.5313
218.894	0.5241
221.619	0.5170
224.378	0.5098
227.171	0.5023
229.999	0.4947
232.862	0.4870
235.761	0.4795
238.696	0.4720
241.668	0.4646
244.676	0.4573
247.722	0.4499
250.806	0.4425
253.928	0.4351
257.089	0.4276
260.29	0.4200
263.53	0.4122
266.81	0.4042
270.132	0.3952
273.495	0.3859
276.899	0.3767
280.346	0.3674
283.836	0.3582
287.37	0.3492
290.947	0.3404
294.569	0.3316
298.236	0.3226
301.949	0.3135
305.708	0.3041
309.513	0.2945
313.366	0.2848
317.267	0.2751
321.217	0.2652
325.216	0.2554
329.264	0.2454
333.363	0.2353
337.513	0.2255
341.715	0.2162
345.969	0.2071
350.276	0.1983
354.636	0.1894
359.051	0.1800
363.521	0.1695
368.046	0.1570
372.628	0.1422
377.266	0.1250
381.963	0.1061
386.718	0.0864
391.532	0.0672
396.406	0.0501
401.341	0.0362
406.337	0.0246
411.395	0.0136
416.517	0.0027
421.702	-0.0083
426.951	-0.0193
432.266	-0.0299
437.648	-0.0402
443.096	-0.0501
448.612	-0.0593
454.196	-0.0680
459.851	-0.0765
465.575	-0.0845
471.371	-0.0923
477.239	-0.0997
483.18	-0.1067
489.195	-0.1132
495.285	-0.1192
501.45	-0.1247
507.693	-0.1295
514.013	-0.1335
520.412	-0.1366
526.89	-0.1386
533.449	-0.1395
540.09	-0.1392
546.814	-0.1381
553.621	-0.1365
560.513	-0.1349
567.49	-0.1336
574.555	-0.1328
581.707	-0.1323
588.949	-0.1318
596.281	-0.1308
603.703	-0.1285
611.219	-0.1242
618.828	-0.1171
626.531	-0.1074
634.331	-0.0959
642.228	-0.0836
650.222	-0.0719
658.317	-0.0624
666.512	-0.0561
674.809	-0.0520
683.21	-0.0483
691.715	-0.0447
700.326	-0.0408
709.044	-0.0367
717.871	-0.0326
726.807	-0.0284
735.855	-0.0243
745.016	-0.0202
754.29	-0.0164
763.68	-0.0129
773.187	-0.0098
782.812	-0.0069
792.557	-0.0042
802.424	-0.0015
812.413	0.0012
822.526	0.0038
832.766	0.0065
843.133	0.0090
853.629	0.0113
864.255	0.0135
875.014	0.0152
885.907	0.0164
896.935	0.0167
908.101	0.0162
919.406	0.0148
930.851	0.0125
942.439	0.0095
954.171	0.0060
966.049	0.0020
978.076	-0.0023
990.251	-0.0066
1002.579	-0.0113
1015.06	-0.0162
1027.696	-0.0214
1040.489	-0.0269
1053.442	-0.0324
1066.556	-0.0375
1079.833	-0.0421
1093.276	-0.0459
1106.886	-0.0491
1120.665	-0.0516
1134.616	-0.0534
1148.741	-0.0546
1163.041	-0.0555
1177.519	-0.0560
1192.178	-0.0563
1207.019	-0.0563
1222.045	-0.0562
1237.258	-0.0559
1252.66	-0.0552
1268.254	-0.0541
1284.042	-0.0526
1300.027	-0.0508
1316.211	-0.0487
1332.596	-0.0466
1349.185	-0.0444
1365.981	-0.0422
1382.985	-0.0399
1400.202	-0.0375
1417.633	-0.0347
1435.28	-0.0316
1453.148	-0.0282
1471.238	-0.0244
1489.553	-0.0199
1508.096	-0.0150
1526.87	-0.0097
1545.877	-0.0040
1565.121	0.0021
1584.605	0.0086
1604.332	0.0154
1624.303	0.0224
1644.524	0.0294
1664.996	0.0367
1685.723	0.0443
1706.708	0.0523
1727.955	0.0606
1749.466	0.0691
1771.244	0.0777
1793.294	0.0860
1815.618	0.0941
1838.221	0.1020
1861.104	0.1098
1884.272	0.1177
1907.729	0.1258
1931.478	0.1341
1955.523	0.1430
1979.866	0.1522
2004.513	0.1617
2029.467	0.1715
2054.731	0.1817
2080.31	0.1922
2106.207	0.2031
2132.427	0.2142
2158.973	0.2256
2185.849	0.2373
2213.06	0.2493
2240.61	0.2616
2268.503	0.2739
2296.743	0.2862
2325.334	0.2984
2354.282	0.3105
2383.59	0.3231
2413.262	0.3367
2443.305	0.3512
2473.721	0.3665
2504.515	0.3828
2535.693	0.4002
2567.26	0.4184
2599.219	0.4375
2631.576	0.4574
2664.335	0.4780
2697.503	0.4995
2731.084	0.5215
2765.082	0.5441
2799.504	0.5671
2834.354	0.5905
2869.638	0.6143
2905.362	0.6383
2941.53	0.6626
2978.148	0.6871
3015.222	0.7117
3052.758	0.7364
3090.761	0.7610
3129.237	0.7855
3168.192	0.8098
3207.632	0.8340
3247.563	0.8578
3287.991	0.8813
3328.923	0.9048
3370.364	0.9281
3412.32	0.9512
3454.799	0.9743
3497.807	0.9974
3541.351	1.0204
3585.436	1.0435
3630.07	1.0666
3675.26	1.0898
3721.012	1.1132
3767.334	1.1370
3814.233	1.1615
3861.715	1.1872
3909.789	1.2140
3958.46	1.2417
4007.738	1.2699
4057.63	1.2986
4108.142	1.3279
4159.283	1.3577
4211.061	1.3879
4263.483	1.4185
4316.559	1.4493
4370.294	1.4802
4424.699	1.5110
4479.781	1.5416
4535.548	1.5722
4592.01	1.6028
4649.175	1.6333
4707.051	1.6638
4765.648	1.6941
4824.975	1.7242
4885.039	1.7539
4945.852	1.7830
5007.421	1.8116
5069.757	1.8393
5132.87	1.8662
5196.768	1.8925
5261.46	1.9181
5326.959	1.9432
5393.273	1.9678
5460.413	1.9921
5528.388	2.0163
5597.209	2.0404
5666.887	2.0645
5737.433	2.0887
5808.857	2.1130
5881.169	2.1378
5954.383	2.1629
6028.507	2.1885
6103.555	2.2144
6179.536	2.2408
6256.464	2.2675
6334.349	2.2946
6413.204	2.3218
6493.04	2.3488
6573.87	2.3757
6655.706	2.4023
6738.562	2.4288
6822.448	2.4551
6907.379	2.4812
6993.367	2.5070
7080.426	2.5328
7168.568	2.5585
7257.808	2.5843
7348.158	2.6099
7439.633	2.6353
7532.248	2.6600
7626.015	2.6835
7720.949	2.7058
7817.065	2.7269
7914.377	2.7471
8012.901	2.7668
8112.652	2.7859
8213.645	2.8043
8315.894	2.8219
8419.416	2.8388
8524.228	2.8550
8630.343	2.8702
8737.78	2.8846
8846.555	2.8982
8956.683	2.9110
9068.182	2.9227
9181.069	2.9334
9295.362	2.9430
9411.078	2.9512
9528.233	2.9582
9646.849	2.9637
9766.939	2.9672
9888.525	2.9687
10011.625	2.9682
10136.257	2.9655
10262.44	2.9604
10390.195	2.9531
10519.54	2.9434
10650.495	2.9312
10783.08	2.9167
10917.316	2.8999
11053.223	2.8810
11190.821	2.8608
11330.133	2.8394
11471.179	2.8170
11613.98	2.7936
11758.561	2.7697
11904.939	2.7457
12053.141	2.7215
12203.188	2.6972
12355.102	2.6746
12508.907	2.6535
12664.627	2.6330
12822.286	2.6126
12981.907	2.5922
13143.516	2.5716
13307.136	2.5499
13472.793	2.5272
13640.512	2.5034
13810.319	2.4787
13982.24	2.4533
14156.302	2.4273
14332.529	2.4007
14510.951	2.3737
14691.595	2.3459
14874.486	2.3174
15059.655	2.2882
15247.129	2.2584
15436.937	2.2276
15629.106	2.1957
15823.669	2.1632
16020.654	2.1291
16220.091	2.0943
16422.01	2.0592
16626.443	2.0238
16833.422	1.9883
17042.977	1.9530
17255.141	1.9194
17469.945	1.8867
17687.424	1.8568
17907.609	1.8467
18130.537	1.8370
18356.24	1.8274
18584.752	1.8171
18816.107	1.8060
19050.346	1.7941
19287.498	1.7813
19527.604	1.7672
19770.697	1.7512
20016.816	1.7336
