Sens Factor =.43970dB, SERNO: 5812.tx
10.054	-8.7621
10.179	-8.5678
10.306	-8.3767
10.434	-8.1889
10.564	-8.0042
10.696	-7.8225
10.829	-7.6441
10.964	-7.4687
11.1	-7.2964
11.238	-7.1271
11.378	-6.9606
11.52	-6.7971
11.663	-6.6366
11.809	-6.4787
11.956	-6.3239
12.104	-6.1720
12.255	-6.0226
12.408	-5.8760
12.562	-5.7322
12.718	-5.5911
12.877	-5.4525
13.037	-5.3166
13.199	-5.1834
13.364	-5.0524
13.53	-4.9242
13.698	-4.7985
13.869	-4.6751
14.042	-4.5541
14.216	-4.4357
14.393	-4.3195
14.573	-4.2055
14.754	-4.0940
14.938	-3.9847
15.124	-3.8776
15.312	-3.7727
15.503	-3.6699
15.696	-3.5693
15.891	-3.4709
16.089	-3.3744
16.289	-3.2800
16.492	-3.1876
16.697	-3.0971
16.905	-3.0086
17.115	-2.9221
17.328	-2.8373
17.544	-2.7544
17.763	-2.6732
17.984	-2.5939
18.208	-2.5162
18.434	-2.4405
18.664	-2.3662
18.896	-2.2937
19.131	-2.2227
19.369	-2.1534
19.611	-2.0854
19.855	-2.0192
20.102	-1.9544
20.352	-1.8910
20.605	-1.8291
20.862	-1.7685
21.122	-1.7092
21.385	-1.6513
21.651	-1.5947
21.92	-1.5394
22.193	-1.4853
22.47	-1.4323
22.749	-1.3806
23.032	-1.3300
23.319	-1.2804
23.609	-1.2320
23.903	-1.1845
24.201	-1.1380
24.502	-1.0926
24.807	-1.0480
25.116	-1.0043
25.429	-0.9615
25.745	-0.9197
26.066	-0.8785
26.39	-0.8382
26.719	-0.7985
27.051	-0.7597
27.388	-0.7214
27.729	-0.6838
28.074	-0.6469
28.424	-0.6104
28.778	-0.5746
29.136	-0.5393
29.499	-0.5044
29.866	-0.4700
30.238	-0.4360
30.614	-0.4025
30.995	-0.3692
31.381	-0.3363
31.772	-0.3037
32.167	-0.2714
32.568	-0.2392
32.973	-0.2073
33.383	-0.1755
33.799	-0.1438
34.22	-0.1123
34.646	-0.0808
35.077	-0.0493
35.514	-0.0154
35.956	0.0173
36.403	0.0488
36.857	0.0791
37.315	0.1079
37.78	0.1353
38.25	0.1609
38.726	0.1848
39.209	0.2066
39.697	0.2266
40.191	0.2448
40.691	0.2618
41.198	0.2783
41.711	0.2949
42.23	0.3124
42.756	0.3311
43.288	0.3508
43.827	0.3709
44.372	0.3911
44.925	0.4110
45.484	0.4305
46.05	0.4495
46.623	0.4681
47.204	0.4862
47.791	0.5038
48.386	0.5209
48.989	0.5372
49.599	0.5526
50.216	0.5668
50.841	0.5794
51.474	0.5901
52.115	0.5984
52.764	0.6039
53.42	0.6064
54.085	0.6060
54.759	0.6033
55.44	0.5991
56.131	0.5942
56.829	0.5895
57.537	0.5855
58.253	0.5825
58.978	0.5806
59.712	0.5798
60.456	0.5800
61.208	0.5810
61.97	0.5829
62.742	0.5856
63.523	0.5895
64.314	0.5947
65.114	0.6014
65.925	0.6098
66.745	0.6198
67.576	0.6307
68.418	0.6420
69.269	0.6529
70.132	0.6626
71.005	0.6706
71.889	0.6771
72.784	0.6822
73.69	0.6863
74.607	0.6896
75.536	0.6923
76.476	0.6943
77.428	0.6956
78.392	0.6962
79.368	0.6961
80.356	0.6951
81.356	0.6934
82.369	0.6911
83.394	0.6882
84.433	0.6851
85.484	0.6820
86.548	0.6792
87.625	0.6770
88.716	0.6754
89.82	0.6745
90.939	0.6744
92.071	0.6749
93.217	0.6759
94.377	0.6769
95.552	0.6779
96.742	0.6786
97.946	0.6790
99.165	0.6789
100.4	0.6785
101.65	0.6777
102.915	0.6767
104.196	0.6755
105.493	0.6740
106.806	0.6721
108.136	0.6698
109.482	0.6669
110.845	0.6632
112.225	0.6589
113.622	0.6538
115.037	0.6481
116.469	0.6419
117.919	0.6352
119.386	0.6281
120.873	0.6208
122.377	0.6134
123.901	0.6058
125.443	0.5980
127.005	0.5902
128.586	0.5821
130.187	0.5739
131.807	0.5657
133.448	0.5574
135.109	0.5492
136.791	0.5412
138.494	0.5335
140.218	0.5261
141.964	0.5189
143.731	0.5118
145.52	0.5050
147.332	0.4982
149.166	0.4916
151.023	0.4852
152.903	0.4788
154.806	0.4725
156.734	0.4662
158.685	0.4601
160.66	0.4540
162.66	0.4480
164.685	0.4418
166.735	0.4353
168.811	0.4283
170.912	0.4206
173.04	0.4123
175.194	0.4032
177.375	0.3934
179.583	0.3830
181.819	0.3722
184.082	0.3608
186.374	0.3490
188.694	0.3366
191.043	0.3236
193.421	0.3099
195.829	0.2959
198.267	0.2817
200.735	0.2674
203.234	0.2537
205.764	0.2413
208.325	0.2298
210.919	0.2195
213.544	0.2107
216.203	0.2032
218.894	0.1960
221.619	0.1888
224.378	0.1815
227.171	0.1743
229.999	0.1670
232.862	0.1599
235.761	0.1530
238.696	0.1463
241.668	0.1397
244.676	0.1332
247.722	0.1264
250.806	0.1192
253.928	0.1112
257.089	0.1026
260.29	0.0934
263.53	0.0841
266.81	0.0738
270.132	0.0653
273.495	0.0578
276.899	0.0513
280.346	0.0457
283.836	0.0410
287.37	0.0370
290.947	0.0339
294.569	0.0315
298.236	0.0297
301.949	0.0282
305.708	0.0273
309.513	0.0266
313.366	0.0265
317.267	0.0266
321.217	0.0269
325.216	0.0273
329.264	0.0277
333.363	0.0280
337.513	0.0282
341.715	0.0276
345.969	0.0267
350.276	0.0254
354.636	0.0230
359.051	0.0195
363.521	0.0151
368.046	0.0094
372.628	0.0016
377.266	-0.0089
381.963	-0.0215
386.718	-0.0353
391.532	-0.0490
396.406	-0.0605
401.341	-0.0685
406.337	-0.0742
411.395	-0.0790
416.517	-0.0832
421.702	-0.0871
426.951	-0.0903
432.266	-0.0930
437.648	-0.0951
443.096	-0.0962
448.612	-0.0986
454.196	-0.1014
459.851	-0.1045
465.575	-0.1076
471.371	-0.1107
477.239	-0.1136
483.18	-0.1165
489.195	-0.1192
495.285	-0.1216
501.45	-0.1236
507.693	-0.1252
514.013	-0.1261
520.412	-0.1265
526.89	-0.1260
533.449	-0.1246
540.09	-0.1223
546.814	-0.1194
553.621	-0.1159
560.513	-0.1124
567.49	-0.1090
574.555	-0.1059
581.707	-0.1032
588.949	-0.1006
596.281	-0.0978
603.703	-0.0941
611.219	-0.0889
618.828	-0.0814
626.531	-0.0711
634.331	-0.0586
642.228	-0.0450
650.222	-0.0319
658.317	-0.0210
666.512	-0.0135
674.809	-0.0082
683.21	-0.0036
691.715	0.0010
700.326	0.0058
709.044	0.0105
717.871	0.0148
726.807	0.0188
735.855	0.0225
745.016	0.0259
754.29	0.0289
763.68	0.0315
773.187	0.0338
782.812	0.0358
792.557	0.0375
802.424	0.0390
812.413	0.0400
822.526	0.0408
832.766	0.0411
843.133	0.0410
853.629	0.0403
864.255	0.0391
875.014	0.0373
885.907	0.0347
896.935	0.0313
908.101	0.0270
919.406	0.0219
930.851	0.0161
942.439	0.0094
954.171	0.0022
966.049	-0.0055
978.076	-0.0134
990.251	-0.0214
1002.579	-0.0291
1015.06	-0.0362
1027.696	-0.0423
1040.489	-0.0473
1053.442	-0.0509
1066.556	-0.0534
1079.833	-0.0547
1093.276	-0.0551
1106.886	-0.0548
1120.665	-0.0539
1134.616	-0.0525
1148.741	-0.0508
1163.041	-0.0486
1177.519	-0.0459
1192.178	-0.0427
1207.019	-0.0390
1222.045	-0.0349
1237.258	-0.0306
1252.66	-0.0259
1268.254	-0.0210
1284.042	-0.0159
1300.027	-0.0106
1316.211	-0.0053
1332.596	0.0002
1349.185	0.0058
1365.981	0.0116
1382.985	0.0178
1400.202	0.0243
1417.633	0.0314
1435.28	0.0389
1453.148	0.0470
1471.238	0.0556
1489.553	0.0648
1508.096	0.0745
1526.87	0.0845
1545.877	0.0950
1565.121	0.1059
1584.605	0.1172
1604.332	0.1289
1624.303	0.1409
1644.524	0.1531
1664.996	0.1653
1685.723	0.1771
1706.708	0.1882
1727.955	0.1984
1749.466	0.2077
1771.244	0.2163
1793.294	0.2241
1815.618	0.2316
1838.221	0.2388
1861.104	0.2460
1884.272	0.2533
1907.729	0.2610
1931.478	0.2692
1955.523	0.2780
1979.866	0.2873
2004.513	0.2971
2029.467	0.3075
2054.731	0.3181
2080.31	0.3289
2106.207	0.3397
2132.427	0.3507
2158.973	0.3619
2185.849	0.3733
2213.06	0.3851
2240.61	0.3970
2268.503	0.4090
2296.743	0.4212
2325.334	0.4337
2354.282	0.4470
2383.59	0.4619
2413.262	0.4783
2443.305	0.4963
2473.721	0.5154
2504.515	0.5357
2535.693	0.5571
2567.26	0.5795
2599.219	0.6026
2631.576	0.6265
2664.335	0.6509
2697.503	0.6757
2731.084	0.7007
2765.082	0.7256
2799.504	0.7507
2834.354	0.7757
2869.638	0.8008
2905.362	0.8259
2941.53	0.8511
2978.148	0.8763
3015.222	0.9015
3052.758	0.9264
3090.761	0.9512
3129.237	0.9758
3168.192	1.0001
3207.632	1.0241
3247.563	1.0478
3287.991	1.0711
3328.923	1.0942
3370.364	1.1170
3412.32	1.1399
3454.799	1.1629
3497.807	1.1862
3541.351	1.2097
3585.436	1.2335
3630.07	1.2577
3675.26	1.2823
3721.012	1.3075
3767.334	1.3333
3814.233	1.3600
3861.715	1.3873
3909.789	1.4153
3958.46	1.4433
4007.738	1.4713
4057.63	1.4992
4108.142	1.5273
4159.283	1.5556
4211.061	1.5841
4263.483	1.6128
4316.559	1.6416
4370.294	1.6704
4424.699	1.6991
4479.781	1.7280
4535.548	1.7570
4592.01	1.7863
4649.175	1.8159
4707.051	1.8456
4765.648	1.8753
4824.975	1.9050
4885.039	1.9345
4945.852	1.9636
5007.421	1.9924
5069.757	2.0205
5132.87	2.0481
5196.768	2.0751
5261.46	2.1015
5326.959	2.1272
5393.273	2.1524
5460.413	2.1770
5528.388	2.2008
5597.209	2.2241
5666.887	2.2468
5737.433	2.2691
5808.857	2.2912
5881.169	2.3134
5954.383	2.3358
6028.507	2.3583
6103.555	2.3809
6179.536	2.4037
6256.464	2.4267
6334.349	2.4497
6413.204	2.4727
6493.04	2.4953
6573.87	2.5176
6655.706	2.5395
6738.562	2.5612
6822.448	2.5827
6907.379	2.6041
6993.367	2.6255
7080.426	2.6468
7168.568	2.6683
7257.808	2.6898
7348.158	2.7110
7439.633	2.7316
7532.248	2.7511
7626.015	2.7689
7720.949	2.7846
7817.065	2.7985
7914.377	2.8111
8012.901	2.8224
8112.652	2.8325
8213.645	2.8414
8315.894	2.8489
8419.416	2.8552
8524.228	2.8603
8630.343	2.8639
8737.78	2.8664
8846.555	2.8679
8956.683	2.8688
9068.182	2.8688
9181.069	2.8681
9295.362	2.8666
9411.078	2.8644
9528.233	2.8613
9646.849	2.8569
9766.939	2.8508
9888.525	2.8428
10011.625	2.8328
10136.257	2.8207
10262.44	2.8063
10390.195	2.7896
10519.54	2.7706
10650.495	2.7491
10783.08	2.7251
10917.316	2.6990
11053.223	2.6707
11190.821	2.6412
11330.133	2.6105
11471.179	2.5789
11613.98	2.5463
11758.561	2.5131
11904.939	2.4796
12053.141	2.4456
12203.188	2.4110
12355.102	2.3780
12508.907	2.3466
12664.627	2.3165
12822.286	2.2876
12981.907	2.2596
13143.516	2.2321
13307.136	2.2044
13472.793	2.1764
13640.512	2.1477
13810.319	2.1186
13982.24	2.0892
14156.302	2.0595
14332.529	2.0297
14510.951	1.9998
14691.595	1.9694
14874.486	1.9385
15059.655	1.9071
15247.129	1.8754
15436.937	1.8430
15629.106	1.8098
15823.669	1.7761
16020.654	1.7412
16220.091	1.7059
16422.01	1.6706
16626.443	1.6354
16833.422	1.6005
17042.977	1.5662
17255.141	1.5335
17469.945	1.5025
17687.424	1.4750
17907.609	1.4644
18130.537	1.4541
18356.24	1.4440
18584.752	1.4333
18816.107	1.4218
19050.346	1.4094
19287.498	1.3961
19527.604	1.3815
19770.697	1.3654
20016.816	1.3482
