Sens Factor =4.6999dB, SERNO: 5714.tx
"Auto-generated 90-degree calibration file"
10.054	-1.6234
10.179	-1.4955
10.306	-1.3710
10.434	-1.2494
10.564	-1.1312
10.696	-1.0162
10.829	-0.9041
10.964	-0.7951
11.100	-0.6890
11.238	-0.5860
11.378	-0.4861
11.520	-0.3891
11.663	-0.2948
11.809	-0.2037
11.956	-0.1153
12.104	-0.0294
12.255	0.0534
12.408	0.1334
12.562	0.2110
12.718	0.2858
12.877	0.3578
13.037	0.4274
13.199	0.4943
13.364	0.5586
13.530	0.6205
13.698	0.6800
13.869	0.7368
14.042	0.7913
14.216	0.8435
14.393	0.8933
14.573	0.9406
14.754	0.9858
14.938	1.0287
15.124	1.0694
15.312	1.1079
15.503	1.1441
15.696	1.1783
15.891	1.2105
16.089	1.2405
16.289	1.2686
16.492	1.2946
16.697	1.3187
16.905	1.3407
17.115	1.3610
17.328	1.3794
17.544	1.3958
17.763	1.4104
17.984	1.4234
18.208	1.4345
18.434	1.4441
18.664	1.4518
18.896	1.4580
19.131	1.4626
19.369	1.4656
19.611	1.4669
19.855	1.4668
20.102	1.4653
20.352	1.4623
20.605	1.4579
20.862	1.4519
21.122	1.4447
21.385	1.4362
21.651	1.4264
21.920	1.4154
22.193	1.4031
22.470	1.3896
22.749	1.3750
23.032	1.3593
23.319	1.3424
23.609	1.3245
23.903	1.3055
24.201	1.2855
24.502	1.2646
24.807	1.2427
25.116	1.2199
25.429	1.1963
25.745	1.1719
26.066	1.1465
26.390	1.1205
26.719	1.0937
27.051	1.0663
27.388	1.0380
27.729	1.0092
28.074	0.9798
28.424	0.9497
28.778	0.9191
29.136	0.8881
29.499	0.8565
29.866	0.8245
30.238	0.7920
30.614	0.7593
30.995	0.7261
31.381	0.6926
31.772	0.6588
32.167	0.6248
32.568	0.5904
32.973	0.5560
33.383	0.5214
33.799	0.4866
34.220	0.4518
34.646	0.4168
35.077	0.3819
35.514	0.3478
35.956	0.3134
36.403	0.2786
36.857	0.2432
37.315	0.2072
37.780	0.1706
38.250	0.1339
38.726	0.0973
39.209	0.0609
39.697	0.0244
40.191	-0.0128
40.691	-0.0512
41.198	-0.0911
41.711	-0.1331
42.230	-0.1770
42.756	-0.2217
43.288	-0.2645
43.827	-0.3022
44.372	-0.3324
44.925	-0.3534
45.484	-0.3649
46.050	-0.3671
46.623	-0.3609
47.204	-0.3478
47.791	-0.3295
48.386	-0.3076
48.989	-0.2835
49.599	-0.2585
50.216	-0.2334
50.841	-0.2087
51.474	-0.1846
52.115	-0.1614
52.764	-0.1389
53.420	-0.1173
54.085	-0.0967
54.759	-0.0771
55.440	-0.0591
56.131	-0.0428
56.829	-0.0284
57.537	-0.0160
58.253	-0.0052
58.978	0.0042
59.712	0.0127
60.456	0.0206
61.208	0.0286
61.970	0.0370
62.742	0.0458
63.523	0.0549
64.314	0.0640
65.114	0.0732
65.925	0.0825
66.745	0.0926
67.576	0.1039
68.418	0.1170
69.269	0.1323
70.132	0.1503
71.005	0.1701
71.889	0.1891
72.784	0.2047
73.690	0.2144
74.607	0.2170
75.536	0.2119
76.476	0.1993
77.428	0.1803
78.392	0.1562
79.368	0.1285
80.356	0.0988
81.356	0.0687
82.369	0.0396
83.394	0.0124
84.433	-0.0126
85.484	-0.0353
86.548	-0.0557
87.625	-0.0738
88.716	-0.0898
89.820	-0.1037
90.939	-0.1153
92.071	-0.1244
93.217	-0.1310
94.377	-0.1347
95.552	-0.1358
96.742	-0.1344
97.946	-0.1308
99.165	-0.1254
100.400	-0.1186
101.650	-0.1110
102.915	-0.1033
104.196	-0.0959
105.493	-0.0895
106.806	-0.0845
108.136	-0.0806
109.482	-0.0769
110.845	-0.0735
112.225	-0.0702
113.622	-0.0673
115.037	-0.0648
116.469	-0.0627
117.919	-0.0612
119.386	-0.0602
120.873	-0.0602
122.377	-0.0613
123.901	-0.0636
125.443	-0.0668
127.005	-0.0706
128.586	-0.0747
130.187	-0.0789
131.807	-0.0829
133.448	-0.0868
135.109	-0.0909
136.791	-0.0956
138.494	-0.1010
140.218	-0.1070
141.964	-0.1137
143.731	-0.1208
145.520	-0.1282
147.332	-0.1356
149.166	-0.1430
151.023	-0.1498
152.903	-0.1559
154.806	-0.1612
156.734	-0.1659
158.685	-0.1702
160.660	-0.1746
162.660	-0.1799
164.685	-0.1856
166.735	-0.1911
168.811	-0.1958
170.912	-0.1992
173.040	-0.2006
175.194	-0.1997
177.375	-0.1966
179.583	-0.1915
181.819	-0.1853
184.082	-0.1784
186.374	-0.1709
188.694	-0.1627
191.043	-0.1539
193.421	-0.1446
195.829	-0.1349
198.267	-0.1245
200.735	-0.1131
203.234	-0.1009
205.764	-0.0884
208.325	-0.0760
210.919	-0.0643
213.544	-0.0546
216.203	-0.0470
218.894	-0.0406
221.619	-0.0351
224.378	-0.0300
227.171	-0.0254
229.999	-0.0210
232.862	-0.0166
235.761	-0.0120
238.696	-0.0078
241.668	-0.0038
244.676	-0.0002
247.722	0.0029
250.806	0.0053
253.928	0.0071
257.089	0.0082
260.290	0.0086
263.530	0.0086
266.810	0.0087
270.132	0.0083
273.495	0.0076
276.899	0.0063
280.346	0.0040
283.836	0.0007
287.370	-0.0036
290.947	-0.0089
294.569	-0.0146
298.236	-0.0208
301.949	-0.0274
305.708	-0.0341
309.513	-0.0411
313.366	-0.0480
317.267	-0.0550
321.217	-0.0618
325.216	-0.0685
329.264	-0.0751
333.363	-0.0818
337.513	-0.0881
341.715	-0.0937
345.969	-0.0985
350.276	-0.1019
354.636	-0.1034
359.051	-0.1028
363.521	-0.1009
368.046	-0.0976
372.628	-0.0928
377.266	-0.0865
381.963	-0.0793
386.718	-0.0724
391.532	-0.0668
396.406	-0.0633
401.341	-0.0626
406.337	-0.0639
411.395	-0.0654
416.517	-0.0662
421.702	-0.0660
426.951	-0.0649
432.266	-0.0633
437.648	-0.0614
443.096	-0.0595
448.612	-0.0564
454.196	-0.0529
459.851	-0.0489
465.575	-0.0445
471.371	-0.0399
477.239	-0.0353
483.180	-0.0308
489.195	-0.0267
495.285	-0.0228
501.450	-0.0192
507.693	-0.0159
514.013	-0.0130
520.412	-0.0104
526.890	-0.0081
533.449	-0.0062
540.090	-0.0047
546.814	-0.0038
553.621	-0.0031
560.513	-0.0029
567.490	-0.0029
574.555	-0.0028
581.707	-0.0027
588.949	-0.0024
596.281	-0.0020
603.703	-0.0018
611.219	-0.0022
618.828	-0.0034
626.531	-0.0059
634.331	-0.0087
642.228	-0.0112
650.222	-0.0124
658.317	-0.0111
666.512	-0.0068
674.809	-0.0004
683.210	0.0063
691.715	0.0117
700.326	0.0154
709.044	0.0179
717.871	0.0191
726.807	0.0196
735.855	0.0196
745.016	0.0194
754.290	0.0193
763.680	0.0189
773.187	0.0181
782.812	0.0176
792.557	0.0172
802.424	0.0169
812.413	0.0166
822.526	0.0163
832.766	0.0161
843.133	0.0162
853.629	0.0165
864.255	0.0171
875.014	0.0183
885.907	0.0201
896.935	0.0225
908.101	0.0252
919.406	0.0283
930.851	0.0318
942.439	0.0352
954.171	0.0388
966.049	0.0424
978.076	0.0458
990.251	0.0492
1002.579	0.0524
1015.060	0.0550
1027.696	0.0567
1040.489	0.0575
1053.442	0.0576
1066.556	0.0569
1079.833	0.0556
1093.276	0.0537
1106.886	0.0512
1120.665	0.0485
1134.616	0.0459
1148.741	0.0436
1163.041	0.0418
1177.519	0.0403
1192.178	0.0394
1207.019	0.0389
1222.045	0.0385
1237.258	0.0384
1252.660	0.0388
1268.254	0.0394
1284.042	0.0404
1300.027	0.0418
1316.211	0.0437
1332.596	0.0459
1349.185	0.0484
1365.981	0.0507
1382.985	0.0529
1400.202	0.0550
1417.633	0.0568
1435.280	0.0585
1453.148	0.0597
1471.238	0.0605
1489.553	0.0611
1508.096	0.0614
1526.870	0.0617
1545.877	0.0620
1565.121	0.0623
1584.605	0.0624
1604.332	0.0624
1624.303	0.0621
1644.524	0.0614
1664.996	0.0606
1685.723	0.0599
1706.708	0.0598
1727.955	0.0598
1749.466	0.0604
1771.244	0.0619
1793.294	0.0640
1815.618	0.0667
1838.221	0.0702
1861.104	0.0740
1884.272	0.0785
1907.729	0.0832
1931.478	0.0875
1955.523	0.0917
1979.866	0.0958
2004.513	0.0999
2029.467	0.1040
2054.731	0.1081
2080.310	0.1130
2106.207	0.1184
2132.427	0.1244
2158.973	0.1307
2185.849	0.1373
2213.060	0.1442
2240.610	0.1518
2268.503	0.1601
2296.743	0.1698
2325.334	0.1807
2354.282	0.1916
2383.590	0.2012
2413.262	0.2092
2443.305	0.2157
2473.721	0.2209
2504.515	0.2251
2535.693	0.2287
2567.260	0.2315
2599.219	0.2336
2631.576	0.2352
2664.335	0.2365
2697.503	0.2377
2731.084	0.2390
2765.082	0.2406
2799.504	0.2423
2834.354	0.2441
2869.638	0.2459
2905.362	0.2470
2941.530	0.2480
2978.148	0.2491
3015.222	0.2504
3052.758	0.2519
3090.761	0.2537
3129.237	0.2558
3168.192	0.2583
3207.632	0.2612
3247.563	0.2643
3287.991	0.2678
3328.923	0.2720
3370.364	0.2767
3412.320	0.2820
3454.799	0.2875
3497.807	0.2930
3541.351	0.2989
3585.436	0.3051
3630.070	0.3116
3675.260	0.3182
3721.012	0.3248
3767.334	0.3311
3814.233	0.3365
3861.715	0.3406
3909.789	0.3438
3958.460	0.3468
4007.738	0.3497
4057.630	0.3523
4108.142	0.3541
4159.283	0.3558
4211.061	0.3574
4263.483	0.3593
4316.559	0.3617
4370.294	0.3648
4424.699	0.3684
4479.781	0.3725
4535.548	0.3771
4592.010	0.3815
4649.175	0.3858
4707.051	0.3900
4765.648	0.3938
4824.975	0.3972
4885.039	0.3987
4945.852	0.3993
5007.421	0.3992
5069.757	0.3980
5132.870	0.3953
5196.768	0.3898
5261.460	0.3821
5326.959	0.3721
5393.273	0.3595
5460.413	0.3441
5528.388	0.3259
5597.209	0.3048
5666.887	0.2813
5737.433	0.2557
5808.857	0.2284
5881.169	0.1990
5954.383	0.1675
6028.507	0.1342
6103.555	0.0994
6179.536	0.0634
6256.464	0.0263
6334.349	-0.0113
6413.204	-0.0492
6493.040	-0.0866
6573.870	-0.1235
6655.706	-0.1596
6738.562	-0.1951
6822.448	-0.2305
6907.379	-0.2658
6993.367	-0.3017
7080.426	-0.3386
7168.568	-0.3768
7257.808	-0.4163
7348.158	-0.4564
7439.633	-0.4980
7532.248	-0.5411
7626.015	-0.5859
7720.949	-0.6317
7817.065	-0.6790
7914.377	-0.7288
8012.901	-0.7814
8112.652	-0.8368
8213.645	-0.8938
8315.894	-0.9530
8419.416	-1.0144
8524.228	-1.0775
8630.343	-1.1416
8737.780	-1.2062
8846.555	-1.2711
8956.683	-1.3365
9068.182	-1.4022
9181.069	-1.4681
9295.362	-1.5344
9411.078	-1.6012
9528.233	-1.6690
9646.849	-1.7380
9766.939	-1.8088
9888.525	-1.8812
10011.625	-1.9549
10136.257	-2.0303
10262.440	-2.1074
10390.195	-2.1849
10519.540	-2.2646
10650.495	-2.3462
10783.080	-2.4297
10917.316	-2.5145
11053.223	-2.6009
11190.821	-2.6893
11330.133	-2.7793
11471.179	-2.8712
11613.980	-2.9641
11758.561	-3.0586
11904.939	-3.1544
12053.141	-3.2508
12203.188	-3.3479
12355.102	-3.4447
12508.907	-3.5417
12664.627	-3.6385
12822.286	-3.7347
12981.907	-3.8299
13143.516	-3.9241
13307.136	-4.0176
13472.793	-4.1107
13640.512	-4.2036
13810.319	-4.2961
13982.240	-4.3886
14156.302	-4.4819
14332.529	-4.5762
14510.951	-4.6711
14691.595	-4.7662
14874.486	-4.8622
15059.655	-4.9588
15247.129	-5.0562
15436.937	-5.1534
15629.106	-5.2507
15823.669	-5.3485
16020.654	-5.4470
16220.091	-5.5456
16422.010	-5.6445
16626.443	-5.7430
16833.422	-5.8413
17042.977	-5.9390
17255.141	-6.0363
17469.945	-6.1311
17687.424	-6.2244
17907.609	-6.3073
18130.537	-6.3913
18356.240	-6.4755
18584.752	-6.5596
18816.107	-6.6441
19050.346	-6.7288
19287.498	-6.8137
19527.604	-6.8989
19770.697	-6.9845
20016.816	-7.0716
