Sens Factor =-.7962dB, SERNO: 5887.tx
"Auto-generated 90-degree calibration file"
10.054	-7.6220
10.179	-7.4404
10.306	-7.2618
10.434	-7.0866
10.564	-6.9145
10.696	-6.7454
10.829	-6.5795
10.964	-6.4167
11.100	-6.2569
11.238	-6.1001
11.378	-5.9463
11.520	-5.7953
11.663	-5.6474
11.809	-5.5021
11.956	-5.3598
12.104	-5.2204
12.255	-5.0837
12.408	-4.9496
12.562	-4.8184
12.718	-4.6899
12.877	-4.5638
13.037	-4.4405
13.199	-4.3198
13.364	-4.2015
13.530	-4.0858
13.698	-3.9726
13.869	-3.8618
14.042	-3.7534
14.216	-3.6475
14.393	-3.5439
14.573	-3.4425
14.754	-3.3436
14.938	-3.2468
15.124	-3.1523
15.312	-3.0600
15.503	-2.9698
15.696	-2.8817
15.891	-2.7958
16.089	-2.7119
16.289	-2.6301
16.492	-2.5502
16.697	-2.4724
16.905	-2.3964
17.115	-2.3224
17.328	-2.2502
17.544	-2.1798
17.763	-2.1112
17.984	-2.0445
18.208	-1.9794
18.434	-1.9162
18.664	-1.8545
18.896	-1.7945
19.131	-1.7362
19.369	-1.6794
19.611	-1.6240
19.855	-1.5703
20.102	-1.5181
20.352	-1.4673
20.605	-1.4179
20.862	-1.3699
21.122	-1.3232
21.385	-1.2779
21.651	-1.2338
21.920	-1.1911
22.193	-1.1495
22.470	-1.1091
22.749	-1.0700
23.032	-1.0319
23.319	-0.9949
23.609	-0.9590
23.903	-0.9241
24.201	-0.8902
24.502	-0.8573
24.807	-0.8253
25.116	-0.7942
25.429	-0.7640
25.745	-0.7347
26.066	-0.7061
26.390	-0.6783
26.719	-0.6512
27.051	-0.6249
27.388	-0.5993
27.729	-0.5742
28.074	-0.5498
28.424	-0.5260
28.778	-0.5027
29.136	-0.4800
29.499	-0.4577
29.866	-0.4359
30.238	-0.4144
30.614	-0.3934
30.995	-0.3728
31.381	-0.3524
31.772	-0.3324
32.167	-0.3126
32.568	-0.2930
32.973	-0.2736
33.383	-0.2544
33.799	-0.2353
34.220	-0.2163
34.646	-0.1974
35.077	-0.1785
35.514	-0.1587
35.956	-0.1393
36.403	-0.1204
36.857	-0.1020
37.315	-0.0841
37.780	-0.0667
38.250	-0.0499
38.726	-0.0338
39.209	-0.0186
39.697	-0.0041
40.191	0.0096
40.691	0.0229
41.198	0.0359
41.711	0.0491
42.230	0.0625
42.756	0.0761
43.288	0.0896
43.827	0.1027
44.372	0.1147
44.925	0.1251
45.484	0.1332
46.050	0.1385
46.623	0.1407
47.204	0.1398
47.791	0.1358
48.386	0.1290
48.989	0.1198
49.599	0.1088
50.216	0.0967
50.841	0.0841
51.474	0.0721
52.115	0.0614
52.764	0.0531
53.420	0.0477
54.085	0.0457
54.759	0.0476
55.440	0.0532
56.131	0.0625
56.829	0.0748
57.537	0.0895
58.253	0.1059
58.978	0.1234
59.712	0.1413
60.456	0.1590
61.208	0.1762
61.970	0.1924
62.742	0.2077
63.523	0.2218
64.314	0.2345
65.114	0.2460
65.925	0.2559
66.745	0.2642
67.576	0.2705
68.418	0.2747
69.269	0.2766
70.132	0.2762
71.005	0.2736
71.889	0.2692
72.784	0.2638
73.690	0.2580
74.607	0.2526
75.536	0.2483
76.476	0.2457
77.428	0.2451
78.392	0.2468
79.368	0.2506
80.356	0.2561
81.356	0.2631
82.369	0.2706
83.394	0.2779
84.433	0.2841
85.484	0.2884
86.548	0.2898
87.625	0.2876
88.716	0.2812
89.820	0.2704
90.939	0.2550
92.071	0.2354
93.217	0.2120
94.377	0.1854
95.552	0.1564
96.742	0.1257
97.946	0.0940
99.165	0.0618
100.400	0.0298
101.650	-0.0015
102.915	-0.0315
104.196	-0.0598
105.493	-0.0860
106.806	-0.1094
108.136	-0.1301
109.482	-0.1486
110.845	-0.1649
112.225	-0.1791
113.622	-0.1913
115.037	-0.2015
116.469	-0.2099
117.919	-0.2167
119.386	-0.2222
120.873	-0.2266
122.377	-0.2302
123.901	-0.2331
125.443	-0.2356
127.005	-0.2376
128.586	-0.2394
130.187	-0.2409
131.807	-0.2421
133.448	-0.2432
135.109	-0.2442
136.791	-0.2448
138.494	-0.2451
140.218	-0.2449
141.964	-0.2442
143.731	-0.2432
145.520	-0.2419
147.332	-0.2403
149.166	-0.2385
151.023	-0.2366
152.903	-0.2346
154.806	-0.2325
156.734	-0.2303
158.685	-0.2281
160.660	-0.2260
162.660	-0.2243
164.685	-0.2228
166.735	-0.2215
168.811	-0.2206
170.912	-0.2203
173.040	-0.2205
175.194	-0.2218
177.375	-0.2243
179.583	-0.2280
181.819	-0.2323
184.082	-0.2369
186.374	-0.2418
188.694	-0.2469
191.043	-0.2521
193.421	-0.2572
195.829	-0.2623
198.267	-0.2674
200.735	-0.2721
203.234	-0.2763
205.764	-0.2794
208.325	-0.2825
210.919	-0.2852
213.544	-0.2877
216.203	-0.2901
218.894	-0.2926
221.619	-0.2950
224.378	-0.2972
227.171	-0.2994
229.999	-0.3017
232.862	-0.3042
235.761	-0.3068
238.696	-0.3097
241.668	-0.3127
244.676	-0.3159
247.722	-0.3195
250.806	-0.3238
253.928	-0.3290
257.089	-0.3351
260.290	-0.3419
263.530	-0.3490
266.810	-0.3569
270.132	-0.3625
273.495	-0.3669
276.899	-0.3705
280.346	-0.3734
283.836	-0.3757
287.370	-0.3775
290.947	-0.3789
294.569	-0.3798
298.236	-0.3802
301.949	-0.3803
305.708	-0.3803
309.513	-0.3804
313.366	-0.3807
317.267	-0.3811
321.217	-0.3816
325.216	-0.3824
329.264	-0.3836
333.363	-0.3855
337.513	-0.3882
341.715	-0.3925
345.969	-0.3974
350.276	-0.4033
354.636	-0.4099
359.051	-0.4169
363.521	-0.4239
368.046	-0.4305
372.628	-0.4366
377.266	-0.4417
381.963	-0.4461
386.718	-0.4494
391.532	-0.4513
396.406	-0.4510
401.341	-0.4476
406.337	-0.4416
411.395	-0.4340
416.517	-0.4258
421.702	-0.4172
426.951	-0.4084
432.266	-0.3994
437.648	-0.3906
443.096	-0.3812
448.612	-0.3741
454.196	-0.3681
459.851	-0.3629
465.575	-0.3582
471.371	-0.3540
477.239	-0.3501
483.180	-0.3464
489.195	-0.3428
495.285	-0.3394
501.450	-0.3359
507.693	-0.3322
514.013	-0.3283
520.412	-0.3243
526.890	-0.3201
533.449	-0.3160
540.090	-0.3118
546.814	-0.3073
553.621	-0.3023
560.513	-0.2967
567.490	-0.2903
574.555	-0.2831
581.707	-0.2749
588.949	-0.2660
596.281	-0.2566
603.703	-0.2470
611.219	-0.2379
618.828	-0.2294
626.531	-0.2217
634.331	-0.2146
642.228	-0.2082
650.222	-0.2028
658.317	-0.1991
666.512	-0.1977
674.809	-0.1981
683.210	-0.1988
691.715	-0.1986
700.326	-0.1973
709.044	-0.1945
717.871	-0.1906
726.807	-0.1860
735.855	-0.1808
745.016	-0.1753
754.290	-0.1695
763.680	-0.1637
773.187	-0.1584
782.812	-0.1530
792.557	-0.1479
802.424	-0.1429
812.413	-0.1382
822.526	-0.1337
832.766	-0.1293
843.133	-0.1249
853.629	-0.1207
864.255	-0.1169
875.014	-0.1131
885.907	-0.1098
896.935	-0.1067
908.101	-0.1041
919.406	-0.1017
930.851	-0.0996
942.439	-0.0980
954.171	-0.0965
966.049	-0.0954
978.076	-0.0945
990.251	-0.0937
1002.579	-0.0927
1015.060	-0.0917
1027.696	-0.0909
1040.489	-0.0902
1053.442	-0.0893
1066.556	-0.0887
1079.833	-0.0880
1093.276	-0.0876
1106.886	-0.0877
1120.665	-0.0880
1134.616	-0.0892
1148.741	-0.0908
1163.041	-0.0930
1177.519	-0.0958
1192.178	-0.0986
1207.019	-0.1015
1222.045	-0.1044
1237.258	-0.1072
1252.660	-0.1096
1268.254	-0.1118
1284.042	-0.1138
1300.027	-0.1156
1316.211	-0.1170
1332.596	-0.1183
1349.185	-0.1192
1365.981	-0.1205
1382.985	-0.1217
1400.202	-0.1226
1417.633	-0.1234
1435.280	-0.1237
1453.148	-0.1239
1471.238	-0.1236
1489.553	-0.1228
1508.096	-0.1218
1526.870	-0.1205
1545.877	-0.1190
1565.121	-0.1173
1584.605	-0.1156
1604.332	-0.1136
1624.303	-0.1117
1644.524	-0.1099
1664.996	-0.1081
1685.723	-0.1064
1706.708	-0.1046
1727.955	-0.1033
1749.466	-0.1019
1771.244	-0.1003
1793.294	-0.0985
1815.618	-0.0965
1838.221	-0.0940
1861.104	-0.0914
1884.272	-0.0885
1907.729	-0.0853
1931.478	-0.0826
1955.523	-0.0799
1979.866	-0.0769
2004.513	-0.0737
2029.467	-0.0704
2054.731	-0.0667
2080.310	-0.0626
2106.207	-0.0583
2132.427	-0.0535
2158.973	-0.0485
2185.849	-0.0432
2213.060	-0.0375
2240.610	-0.0312
2268.503	-0.0246
2296.743	-0.0173
2325.334	-0.0092
2354.282	-0.0011
2383.590	0.0072
2413.262	0.0156
2443.305	0.0240
2473.721	0.0325
2504.515	0.0413
2535.693	0.0503
2567.260	0.0595
2599.219	0.0685
2631.576	0.0775
2664.335	0.0864
2697.503	0.0953
2731.084	0.1043
2765.082	0.1134
2799.504	0.1226
2834.354	0.1317
2869.638	0.1408
2905.362	0.1492
2941.530	0.1576
2978.148	0.1660
3015.222	0.1743
3052.758	0.1828
3090.761	0.1912
3129.237	0.1996
3168.192	0.2081
3207.632	0.2167
3247.563	0.2251
3287.991	0.2332
3328.923	0.2413
3370.364	0.2495
3412.320	0.2579
3454.799	0.2664
3497.807	0.2750
3541.351	0.2838
3585.436	0.2928
3630.070	0.3018
3675.260	0.3110
3721.012	0.3201
3767.334	0.3294
3814.233	0.3387
3861.715	0.3479
3909.789	0.3572
3958.460	0.3667
4007.738	0.3762
4057.630	0.3858
4108.142	0.3946
4159.283	0.4034
4211.061	0.4122
4263.483	0.4210
4316.559	0.4298
4370.294	0.4390
4424.699	0.4483
4479.781	0.4577
4535.548	0.4673
4592.010	0.4767
4649.175	0.4857
4707.051	0.4947
4765.648	0.5033
4824.975	0.5114
4885.039	0.5175
4945.852	0.5226
5007.421	0.5270
5069.757	0.5304
5132.870	0.5323
5196.768	0.5320
5261.460	0.5304
5326.959	0.5272
5393.273	0.5224
5460.413	0.5159
5528.388	0.5076
5597.209	0.4975
5666.887	0.4857
5737.433	0.4725
5808.857	0.4582
5881.169	0.4428
5954.383	0.4260
6028.507	0.4080
6103.555	0.3889
6179.536	0.3690
6256.464	0.3483
6334.349	0.3269
6413.204	0.3048
6493.040	0.2821
6573.870	0.2587
6655.706	0.2347
6738.562	0.2101
6822.448	0.1848
6907.379	0.1590
6993.367	0.1323
7080.426	0.1046
7168.568	0.0759
7257.808	0.0460
7348.158	0.0156
7439.633	-0.0163
7532.248	-0.0500
7626.015	-0.0857
7720.949	-0.1228
7817.065	-0.1615
7914.377	-0.2023
8012.901	-0.2452
8112.652	-0.2902
8213.645	-0.3360
8315.894	-0.3836
8419.416	-0.4330
8524.228	-0.4838
8630.343	-0.5360
8737.780	-0.5891
8846.555	-0.6431
8956.683	-0.6981
9068.182	-0.7539
9181.069	-0.8105
9295.362	-0.8678
9411.078	-0.9260
9528.233	-0.9855
9646.849	-1.0464
9766.939	-1.1097
9888.525	-1.1749
10011.625	-1.2419
10136.257	-1.3110
10262.440	-1.3821
10390.195	-1.4541
10519.540	-1.5285
10650.495	-1.6053
10783.080	-1.6842
10917.316	-1.7649
11053.223	-1.8475
11190.821	-1.9320
11330.133	-2.0185
11471.179	-2.1071
11613.980	-2.1969
11758.561	-2.2884
11904.939	-2.3809
12053.141	-2.4740
12203.188	-2.5670
12355.102	-2.6589
12508.907	-2.7502
12664.627	-2.8411
12822.286	-2.9318
12981.907	-3.0218
13143.516	-3.1113
13307.136	-3.2009
13472.793	-3.2909
13640.512	-3.3811
13810.319	-3.4710
13982.240	-3.5611
14156.302	-3.6518
14332.529	-3.7428
14510.951	-3.8342
14691.595	-3.9254
14874.486	-4.0171
15059.655	-4.1093
15247.129	-4.2019
15436.937	-4.2942
15629.106	-4.3860
15823.669	-4.4776
16020.654	-4.5690
16220.091	-4.6598
16422.010	-4.7496
16626.443	-4.8382
16833.422	-4.9258
17042.977	-5.0118
17255.141	-5.0956
17469.945	-5.1748
17687.424	-5.2495
17907.609	-5.3274
18130.537	-5.4059
18356.240	-5.4845
18584.752	-5.5632
18816.107	-5.6422
19050.346	-5.7213
19287.498	-5.8007
19527.604	-5.8805
19770.697	-5.9611
20016.816	-6.0430
