Sens Factor =.54350dB, SERNO: 5848.tx
10.054	-8.6414
10.179	-8.4498
10.306	-8.2612
10.434	-8.0759
10.564	-7.8938
10.696	-7.7146
10.829	-7.5387
10.964	-7.3658
11.1	-7.1961
11.238	-7.0293
11.378	-6.8654
11.52	-6.7044
11.663	-6.5464
11.809	-6.3911
11.956	-6.2387
12.104	-6.0894
12.255	-5.9426
12.408	-5.7985
12.562	-5.6573
12.718	-5.5187
12.877	-5.3826
13.037	-5.2493
13.199	-5.1185
13.364	-4.9901
13.53	-4.8645
13.698	-4.7413
13.869	-4.6204
14.042	-4.5020
14.216	-4.3861
14.393	-4.2724
14.573	-4.1610
14.754	-4.0520
14.938	-3.9452
15.124	-3.8406
15.312	-3.7383
15.503	-3.6380
15.696	-3.5400
15.891	-3.4440
16.089	-3.3501
16.289	-3.2583
16.492	-3.1683
16.697	-3.0805
16.905	-2.9945
17.115	-2.9104
17.328	-2.8282
17.544	-2.7478
17.763	-2.6692
17.984	-2.5924
18.208	-2.5173
18.434	-2.4440
18.664	-2.3723
18.896	-2.3023
19.131	-2.2339
19.369	-2.1671
19.611	-2.1017
19.855	-2.0380
20.102	-1.9757
20.352	-1.9149
20.605	-1.8555
20.862	-1.7974
21.122	-1.7407
21.385	-1.6853
21.651	-1.6313
21.92	-1.5785
22.193	-1.5269
22.47	-1.4764
22.749	-1.4273
23.032	-1.3792
23.319	-1.3322
23.609	-1.2862
23.903	-1.2413
24.201	-1.1974
24.502	-1.1544
24.807	-1.1124
25.116	-1.0713
25.429	-1.0310
25.745	-0.9917
26.066	-0.9530
26.39	-0.9153
26.719	-0.8781
27.051	-0.8418
27.388	-0.8061
27.729	-0.7710
28.074	-0.7366
28.424	-0.7027
28.778	-0.6694
29.136	-0.6366
29.499	-0.6043
29.866	-0.5725
30.238	-0.5410
30.614	-0.5100
30.995	-0.4793
31.381	-0.4489
31.772	-0.4188
32.167	-0.3890
32.568	-0.3594
32.973	-0.3300
33.383	-0.3008
33.799	-0.2716
34.22	-0.2426
34.646	-0.2136
35.077	-0.1847
35.514	-0.1553
35.956	-0.1261
36.403	-0.0973
36.857	-0.0686
37.315	-0.0401
37.78	-0.0117
38.25	0.0168
38.726	0.0454
39.209	0.0742
39.697	0.1032
40.191	0.1324
40.691	0.1619
41.198	0.1917
41.711	0.2217
42.23	0.2517
42.756	0.2814
43.288	0.3107
43.827	0.3390
44.372	0.3659
44.925	0.3911
45.484	0.4141
46.05	0.4347
46.623	0.4526
47.204	0.4681
47.791	0.4810
48.386	0.4918
48.989	0.5004
49.599	0.5072
50.216	0.5125
50.841	0.5166
51.474	0.5202
52.115	0.5242
52.764	0.5293
53.42	0.5364
54.085	0.5463
54.759	0.5595
55.44	0.5761
56.131	0.5959
56.829	0.6184
57.537	0.6427
58.253	0.6682
58.978	0.6943
59.712	0.7204
60.456	0.7461
61.208	0.7711
61.97	0.7951
62.742	0.8180
63.523	0.8395
64.314	0.8595
65.114	0.8776
65.925	0.8936
66.745	0.9073
67.576	0.9184
68.418	0.9270
69.269	0.9331
70.132	0.9369
71.005	0.9388
71.889	0.9392
72.784	0.9388
73.69	0.9380
74.607	0.9375
75.536	0.9377
76.476	0.9390
77.428	0.9416
78.392	0.9455
79.368	0.9506
80.356	0.9568
81.356	0.9640
82.369	0.9717
83.394	0.9798
84.433	0.9879
85.484	0.9953
86.548	1.0013
87.625	1.0051
88.716	1.0061
89.82	1.0035
90.939	0.9969
92.071	0.9863
93.217	0.9719
94.377	0.9546
95.552	0.9351
96.742	0.9141
97.946	0.8922
99.165	0.8700
100.4	0.8480
101.65	0.8264
102.915	0.8057
104.196	0.7860
105.493	0.7678
106.806	0.7512
108.136	0.7364
109.482	0.7232
110.845	0.7116
112.225	0.7018
113.622	0.6938
115.037	0.6875
116.469	0.6830
117.919	0.6799
119.386	0.6780
120.873	0.6769
122.377	0.6765
123.901	0.6764
125.443	0.6765
127.005	0.6766
128.586	0.6765
130.187	0.6762
131.807	0.6757
133.448	0.6749
135.109	0.6741
136.791	0.6731
138.494	0.6722
140.218	0.6714
141.964	0.6706
143.731	0.6699
145.52	0.6692
147.332	0.6683
149.166	0.6674
151.023	0.6664
152.903	0.6654
154.806	0.6645
156.734	0.6637
158.685	0.6630
160.66	0.6624
162.66	0.6621
164.685	0.6619
166.735	0.6616
168.811	0.6612
170.912	0.6605
173.04	0.6593
175.194	0.6576
177.375	0.6548
179.583	0.6512
181.819	0.6468
184.082	0.6419
186.374	0.6363
188.694	0.6302
191.043	0.6235
193.421	0.6165
195.829	0.6091
198.267	0.6014
200.735	0.5937
203.234	0.5858
205.764	0.5776
208.325	0.5691
210.919	0.5605
213.544	0.5517
216.203	0.5427
218.894	0.5341
221.619	0.5258
224.378	0.5177
227.171	0.5099
229.999	0.5021
232.862	0.4945
235.761	0.4869
238.696	0.4793
241.668	0.4718
244.676	0.4642
247.722	0.4564
250.806	0.4485
253.928	0.4403
257.089	0.4318
260.29	0.4227
263.53	0.4131
266.81	0.4029
270.132	0.3920
273.495	0.3807
276.899	0.3690
280.346	0.3574
283.836	0.3458
287.37	0.3341
290.947	0.3224
294.569	0.3108
298.236	0.2993
301.949	0.2877
305.708	0.2762
309.513	0.2643
313.366	0.2521
317.267	0.2395
321.217	0.2267
325.216	0.2137
329.264	0.2007
333.363	0.1881
337.513	0.1763
341.715	0.1657
345.969	0.1563
350.276	0.1478
354.636	0.1402
359.051	0.1328
363.521	0.1247
368.046	0.1156
372.628	0.1055
377.266	0.0944
381.963	0.0827
386.718	0.0713
391.532	0.0609
396.406	0.0522
401.341	0.0453
406.337	0.0392
411.395	0.0331
416.517	0.0273
421.702	0.0217
426.951	0.0165
432.266	0.0118
437.648	0.0075
443.096	0.0037
448.612	0.0001
454.196	-0.0031
459.851	-0.0062
465.575	-0.0094
471.371	-0.0126
477.239	-0.0157
483.18	-0.0188
489.195	-0.0216
495.285	-0.0241
501.45	-0.0261
507.693	-0.0276
514.013	-0.0285
520.412	-0.0287
526.89	-0.0284
533.449	-0.0277
540.09	-0.0268
546.814	-0.0259
553.621	-0.0255
560.513	-0.0256
567.49	-0.0266
574.555	-0.0282
581.707	-0.0303
588.949	-0.0326
596.281	-0.0345
603.703	-0.0359
611.219	-0.0363
618.828	-0.0359
626.531	-0.0346
634.331	-0.0327
642.228	-0.0308
650.222	-0.0297
658.317	-0.0300
666.512	-0.0315
674.809	-0.0332
683.21	-0.0342
691.715	-0.0345
700.326	-0.0343
709.044	-0.0337
717.871	-0.0330
726.807	-0.0323
735.855	-0.0316
745.016	-0.0309
754.29	-0.0303
763.68	-0.0297
773.187	-0.0290
782.812	-0.0284
792.557	-0.0277
802.424	-0.0272
812.413	-0.0268
822.526	-0.0266
832.766	-0.0266
843.133	-0.0268
853.629	-0.0273
864.255	-0.0281
875.014	-0.0293
885.907	-0.0310
896.935	-0.0332
908.101	-0.0357
919.406	-0.0387
930.851	-0.0420
942.439	-0.0457
954.171	-0.0498
966.049	-0.0544
978.076	-0.0592
990.251	-0.0643
1002.579	-0.0697
1015.06	-0.0752
1027.696	-0.0807
1040.489	-0.0861
1053.442	-0.0913
1066.556	-0.0964
1079.833	-0.1012
1093.276	-0.1058
1106.886	-0.1105
1120.665	-0.1152
1134.616	-0.1202
1148.741	-0.1253
1163.041	-0.1308
1177.519	-0.1363
1192.178	-0.1418
1207.019	-0.1471
1222.045	-0.1521
1237.258	-0.1568
1252.66	-0.1611
1268.254	-0.1651
1284.042	-0.1687
1300.027	-0.1720
1316.211	-0.1751
1332.596	-0.1780
1349.185	-0.1805
1365.981	-0.1829
1382.985	-0.1848
1400.202	-0.1864
1417.633	-0.1875
1435.28	-0.1880
1453.148	-0.1878
1471.238	-0.1868
1489.553	-0.1850
1508.096	-0.1826
1526.87	-0.1797
1545.877	-0.1766
1565.121	-0.1733
1584.605	-0.1699
1604.332	-0.1664
1624.303	-0.1630
1644.524	-0.1595
1664.996	-0.1560
1685.723	-0.1523
1706.708	-0.1485
1727.955	-0.1446
1749.466	-0.1407
1771.244	-0.1368
1793.294	-0.1331
1815.618	-0.1295
1838.221	-0.1260
1861.104	-0.1225
1884.272	-0.1190
1907.729	-0.1155
1931.478	-0.1119
1955.523	-0.1079
1979.866	-0.1035
2004.513	-0.0986
2029.467	-0.0932
2054.731	-0.0872
2080.31	-0.0808
2106.207	-0.0740
2132.427	-0.0668
2158.973	-0.0594
2185.849	-0.0514
2213.06	-0.0430
2240.61	-0.0342
2268.503	-0.0251
2296.743	-0.0156
2325.334	-0.0060
2354.282	0.0035
2383.59	0.0128
2413.262	0.0219
2443.305	0.0310
2473.721	0.0402
2504.515	0.0495
2535.693	0.0590
2567.26	0.0690
2599.219	0.0795
2631.576	0.0905
2664.335	0.1018
2697.503	0.1135
2731.084	0.1253
2765.082	0.1374
2799.504	0.1497
2834.354	0.1622
2869.638	0.1749
2905.362	0.1878
2941.53	0.2008
2978.148	0.2140
3015.222	0.2273
3052.758	0.2408
3090.761	0.2545
3129.237	0.2686
3168.192	0.2829
3207.632	0.2974
3247.563	0.3121
3287.991	0.3268
3328.923	0.3414
3370.364	0.3560
3412.32	0.3705
3454.799	0.3851
3497.807	0.3999
3541.351	0.4148
3585.436	0.4299
3630.07	0.4451
3675.26	0.4605
3721.012	0.4762
3767.334	0.4921
3814.233	0.5085
3861.715	0.5255
3909.789	0.5427
3958.46	0.5603
4007.738	0.5779
4057.63	0.5953
4108.142	0.6125
4159.283	0.6296
4211.061	0.6467
4263.483	0.6637
4316.559	0.6809
4370.294	0.6984
4424.699	0.7163
4479.781	0.7346
4535.548	0.7534
4592.01	0.7726
4649.175	0.7919
4707.051	0.8113
4765.648	0.8306
4824.975	0.8497
4885.039	0.8685
4945.852	0.8869
5007.421	0.9048
5069.757	0.9219
5132.87	0.9381
5196.768	0.9531
5261.46	0.9667
5326.959	0.9787
5393.273	0.9890
5460.413	0.9976
5528.388	1.0042
5597.209	1.0087
5666.887	1.0116
5737.433	1.0131
5808.857	1.0136
5881.169	1.0132
5954.383	1.0119
6028.507	1.0098
6103.555	1.0071
6179.536	1.0040
6256.464	1.0005
6334.349	0.9968
6413.204	0.9929
6493.04	0.9892
6573.87	0.9859
6655.706	0.9830
6738.562	0.9806
6822.448	0.9785
6907.379	0.9765
6993.367	0.9744
7080.426	0.9720
7168.568	0.9692
7257.808	0.9656
7348.158	0.9613
7439.633	0.9560
7532.248	0.9498
7626.015	0.9424
7720.949	0.9339
7817.065	0.9243
7914.377	0.9138
8012.901	0.9024
8112.652	0.8902
8213.645	0.8774
8315.894	0.8641
8419.416	0.8507
8524.228	0.8372
8630.343	0.8238
8737.78	0.8107
8846.555	0.7980
8956.683	0.7859
9068.182	0.7743
9181.069	0.7634
9295.362	0.7534
9411.078	0.7438
9528.233	0.7341
9646.849	0.7242
9766.939	0.7137
9888.525	0.7027
10011.625	0.6908
10136.257	0.6780
10262.44	0.6640
10390.195	0.6487
10519.54	0.6320
10650.495	0.6139
10783.08	0.5945
10917.316	0.5741
11053.223	0.5524
11190.821	0.5297
11330.133	0.5056
11471.179	0.4804
11613.98	0.4542
11758.561	0.4274
11904.939	0.4005
12053.141	0.3739
12203.188	0.3480
12355.102	0.3230
12508.907	0.2988
12664.627	0.2749
12822.286	0.2510
12981.907	0.2271
13143.516	0.2030
13307.136	0.1783
13472.793	0.1528
13640.512	0.1262
13810.319	0.0985
13982.24	0.0695
14156.302	0.0392
14332.529	0.0080
14510.951	-0.0244
14691.595	-0.0577
14874.486	-0.0918
15059.655	-0.1268
15247.129	-0.1624
15436.937	-0.1988
15629.106	-0.2358
15823.669	-0.2732
16020.654	-0.3112
16220.091	-0.3494
16422.01	-0.3878
16626.443	-0.4260
16833.422	-0.4642
17042.977	-0.5020
17255.141	-0.5388
17469.945	-0.5738
17687.424	-0.6066
17907.609	-0.6233
18130.537	-0.6402
18356.24	-0.6571
18584.752	-0.6742
18816.107	-0.6911
19050.346	-0.7080
19287.498	-0.7248
19527.604	-0.7418
19770.697	-0.7597
20016.816	-0.7790
