Sens Factor =-1.741dB, SERNO: 5730.tx
"Auto-generated 90-degree calibration file"
10.054	-6.2687
10.179	-6.0948
10.306	-5.9240
10.434	-5.7565
10.564	-5.5921
10.696	-5.4308
10.829	-5.2727
10.964	-5.1176
11.100	-4.9655
11.238	-4.8165
11.378	-4.6704
11.520	-4.5272
11.663	-4.3869
11.809	-4.2495
11.956	-4.1149
12.104	-3.9832
12.255	-3.8542
12.408	-3.7279
12.562	-3.6044
12.718	-3.4836
12.877	-3.3653
13.037	-3.2498
13.199	-3.1367
13.364	-3.0262
13.530	-2.9183
13.698	-2.8128
13.869	-2.7098
14.042	-2.6091
14.216	-2.5110
14.393	-2.4151
14.573	-2.3215
14.754	-2.2302
14.938	-2.1412
15.124	-2.0544
15.312	-1.9698
15.503	-1.8874
15.696	-1.8071
15.891	-1.7289
16.089	-1.6527
16.289	-1.5786
16.492	-1.5065
16.697	-1.4364
16.905	-1.3682
17.115	-1.3019
17.328	-1.2374
17.544	-1.1748
17.763	-1.1140
17.984	-1.0550
18.208	-0.9977
18.434	-0.9421
18.664	-0.8882
18.896	-0.8360
19.131	-0.7853
19.369	-0.7363
19.611	-0.6887
19.855	-0.6427
20.102	-0.5982
20.352	-0.5551
20.605	-0.5135
20.862	-0.4732
21.122	-0.4343
21.385	-0.3967
21.651	-0.3604
21.920	-0.3254
22.193	-0.2916
22.470	-0.2589
22.749	-0.2275
23.032	-0.1972
23.319	-0.1679
23.609	-0.1398
23.903	-0.1126
24.201	-0.0864
24.502	-0.0613
24.807	-0.0370
25.116	-0.0137
25.429	0.0088
25.745	0.0304
26.066	0.0512
26.390	0.0713
26.719	0.0906
27.051	0.1092
27.388	0.1271
27.729	0.1444
28.074	0.1610
28.424	0.1772
28.778	0.1927
29.136	0.2077
29.499	0.2223
29.866	0.2363
30.238	0.2500
30.614	0.2633
30.995	0.2762
31.381	0.2888
31.772	0.3011
32.167	0.3132
32.568	0.3250
32.973	0.3366
33.383	0.3481
33.799	0.3595
34.220	0.3707
34.646	0.3819
35.077	0.3930
35.514	0.4037
35.956	0.4144
36.403	0.4253
36.857	0.4367
37.315	0.4488
37.780	0.4616
38.250	0.4749
38.726	0.4888
39.209	0.5033
39.697	0.5185
40.191	0.5348
40.691	0.5524
41.198	0.5715
41.711	0.5921
42.230	0.6137
42.756	0.6360
43.288	0.6582
43.827	0.6798
44.372	0.7004
44.925	0.7196
45.484	0.7376
46.050	0.7545
46.623	0.7702
47.204	0.7849
47.791	0.7982
48.386	0.8102
48.989	0.8207
49.599	0.8296
50.216	0.8370
50.841	0.8431
51.474	0.8483
52.115	0.8531
52.764	0.8582
53.420	0.8642
54.085	0.8718
54.759	0.8817
55.440	0.8943
56.131	0.9097
56.829	0.9276
57.537	0.9476
58.253	0.9691
58.978	0.9915
59.712	1.0145
60.456	1.0377
61.208	1.0609
61.970	1.0839
62.742	1.1066
63.523	1.1288
64.314	1.1501
65.114	1.1703
65.925	1.1890
66.745	1.2054
67.576	1.2191
68.418	1.2298
69.269	1.2373
70.132	1.2418
71.005	1.2439
71.889	1.2440
72.784	1.2429
73.690	1.2410
74.607	1.2387
75.536	1.2361
76.476	1.2334
77.428	1.2305
78.392	1.2279
79.368	1.2257
80.356	1.2241
81.356	1.2234
82.369	1.2236
83.394	1.2246
84.433	1.2260
85.484	1.2277
86.548	1.2291
87.625	1.2296
88.716	1.2287
89.820	1.2258
90.939	1.2202
92.071	1.2115
93.217	1.1997
94.377	1.1853
95.552	1.1685
96.742	1.1500
97.946	1.1303
99.165	1.1099
100.400	1.0890
101.650	1.0678
102.915	1.0466
104.196	1.0254
105.493	1.0046
106.806	0.9842
108.136	0.9645
109.482	0.9456
110.845	0.9277
112.225	0.9109
113.622	0.8952
115.037	0.8808
116.469	0.8674
117.919	0.8550
119.386	0.8433
120.873	0.8320
122.377	0.8208
123.901	0.8094
125.443	0.7980
127.005	0.7862
128.586	0.7742
130.187	0.7618
131.807	0.7490
133.448	0.7359
135.109	0.7224
136.791	0.7083
138.494	0.6939
140.218	0.6791
141.964	0.6641
143.731	0.6488
145.520	0.6334
147.332	0.6181
149.166	0.6031
151.023	0.5885
152.903	0.5743
154.806	0.5606
156.734	0.5473
158.685	0.5342
160.660	0.5212
162.660	0.5081
164.685	0.4951
166.735	0.4823
168.811	0.4697
170.912	0.4573
173.040	0.4451
175.194	0.4331
177.375	0.4213
179.583	0.4093
181.819	0.3969
184.082	0.3841
186.374	0.3708
188.694	0.3571
191.043	0.3431
193.421	0.3291
195.829	0.3155
198.267	0.3025
200.735	0.2901
203.234	0.2789
205.764	0.2695
208.325	0.2609
210.919	0.2534
213.544	0.2463
216.203	0.2396
218.894	0.2337
221.619	0.2286
224.378	0.2243
227.171	0.2207
229.999	0.2178
232.862	0.2153
235.761	0.2133
238.696	0.2115
241.668	0.2099
244.676	0.2081
247.722	0.2060
250.806	0.2029
253.928	0.1986
257.089	0.1930
260.290	0.1860
263.530	0.1780
266.810	0.1684
270.132	0.1603
273.495	0.1524
276.899	0.1447
280.346	0.1369
283.836	0.1292
287.370	0.1214
290.947	0.1138
294.569	0.1060
298.236	0.0983
301.949	0.0908
305.708	0.0832
309.513	0.0753
313.366	0.0671
317.267	0.0585
321.217	0.0495
325.216	0.0400
329.264	0.0303
333.363	0.0209
337.513	0.0116
341.715	0.0021
345.969	-0.0071
350.276	-0.0161
354.636	-0.0247
359.051	-0.0333
363.521	-0.0425
368.046	-0.0524
372.628	-0.0631
377.266	-0.0748
381.963	-0.0867
386.718	-0.0982
391.532	-0.1085
396.406	-0.1172
401.341	-0.1255
406.337	-0.1341
411.395	-0.1425
416.517	-0.1494
421.702	-0.1546
426.951	-0.1578
432.266	-0.1591
437.648	-0.1590
443.096	-0.1568
448.612	-0.1555
454.196	-0.1543
459.851	-0.1534
465.575	-0.1526
471.371	-0.1519
477.239	-0.1513
483.180	-0.1510
489.195	-0.1505
495.285	-0.1497
501.450	-0.1486
507.693	-0.1468
514.013	-0.1443
520.412	-0.1410
526.890	-0.1370
533.449	-0.1325
540.090	-0.1279
546.814	-0.1233
553.621	-0.1193
560.513	-0.1159
567.490	-0.1131
574.555	-0.1109
581.707	-0.1089
588.949	-0.1069
596.281	-0.1045
603.703	-0.1015
611.219	-0.0978
618.828	-0.0933
626.531	-0.0879
634.331	-0.0822
642.228	-0.0766
650.222	-0.0720
658.317	-0.0686
666.512	-0.0652
674.809	-0.0611
683.210	-0.0565
691.715	-0.0524
700.326	-0.0488
709.044	-0.0457
717.871	-0.0432
726.807	-0.0412
735.855	-0.0398
745.016	-0.0386
754.290	-0.0378
763.680	-0.0372
773.187	-0.0370
782.812	-0.0367
792.557	-0.0364
802.424	-0.0359
812.413	-0.0354
822.526	-0.0350
832.766	-0.0344
843.133	-0.0334
853.629	-0.0321
864.255	-0.0306
875.014	-0.0283
885.907	-0.0255
896.935	-0.0219
908.101	-0.0177
919.406	-0.0128
930.851	-0.0071
942.439	-0.0011
954.171	0.0055
966.049	0.0122
978.076	0.0188
990.251	0.0250
1002.579	0.0305
1015.060	0.0348
1027.696	0.0377
1040.489	0.0392
1053.442	0.0398
1066.556	0.0392
1079.833	0.0378
1093.276	0.0356
1106.886	0.0326
1120.665	0.0294
1134.616	0.0259
1148.741	0.0225
1163.041	0.0191
1177.519	0.0160
1192.178	0.0133
1207.019	0.0110
1222.045	0.0088
1237.258	0.0070
1252.660	0.0059
1268.254	0.0050
1284.042	0.0046
1300.027	0.0046
1316.211	0.0051
1332.596	0.0058
1349.185	0.0067
1365.981	0.0074
1382.985	0.0080
1400.202	0.0085
1417.633	0.0087
1435.280	0.0088
1453.148	0.0083
1471.238	0.0074
1489.553	0.0062
1508.096	0.0045
1526.870	0.0026
1545.877	0.0007
1565.121	-0.0013
1584.605	-0.0033
1604.332	-0.0051
1624.303	-0.0069
1644.524	-0.0083
1664.996	-0.0087
1685.723	-0.0079
1706.708	-0.0057
1727.955	-0.0029
1749.466	0.0011
1771.244	0.0061
1793.294	0.0119
1815.618	0.0184
1838.221	0.0256
1861.104	0.0330
1884.272	0.0407
1907.729	0.0482
1931.478	0.0549
1955.523	0.0610
1979.866	0.0665
2004.513	0.0718
2029.467	0.0767
2054.731	0.0815
2080.310	0.0863
2106.207	0.0912
2132.427	0.0968
2158.973	0.1030
2185.849	0.1101
2213.060	0.1182
2240.610	0.1274
2268.503	0.1378
2296.743	0.1496
2325.334	0.1625
2354.282	0.1754
2383.590	0.1872
2413.262	0.1978
2443.305	0.2073
2473.721	0.2159
2504.515	0.2237
2535.693	0.2308
2567.260	0.2370
2599.219	0.2421
2631.576	0.2462
2664.335	0.2495
2697.503	0.2520
2731.084	0.2539
2765.082	0.2556
2799.504	0.2570
2834.354	0.2583
2869.638	0.2597
2905.362	0.2603
2941.530	0.2610
2978.148	0.2619
3015.222	0.2628
3052.758	0.2640
3090.761	0.2654
3129.237	0.2672
3168.192	0.2695
3207.632	0.2725
3247.563	0.2759
3287.991	0.2799
3328.923	0.2849
3370.364	0.2907
3412.320	0.2974
3454.799	0.3048
3497.807	0.3128
3541.351	0.3211
3585.436	0.3293
3630.070	0.3371
3675.260	0.3446
3721.012	0.3515
3767.334	0.3579
3814.233	0.3635
3861.715	0.3681
3909.789	0.3723
3958.460	0.3766
4007.738	0.3809
4057.630	0.3849
4108.142	0.3881
4159.283	0.3912
4211.061	0.3945
4263.483	0.3982
4316.559	0.4026
4370.294	0.4079
4424.699	0.4141
4479.781	0.4212
4535.548	0.4290
4592.010	0.4369
4649.175	0.4446
4707.051	0.4522
4765.648	0.4592
4824.975	0.4657
4885.039	0.4702
4945.852	0.4737
5007.421	0.4764
5069.757	0.4781
5132.870	0.4782
5196.768	0.4757
5261.460	0.4711
5326.959	0.4643
5393.273	0.4553
5460.413	0.4439
5528.388	0.4302
5597.209	0.4142
5666.887	0.3962
5737.433	0.3768
5808.857	0.3561
5881.169	0.3340
5954.383	0.3105
6028.507	0.2857
6103.555	0.2598
6179.536	0.2330
6256.464	0.2053
6334.349	0.1771
6413.204	0.1485
6493.040	0.1200
6573.870	0.0921
6655.706	0.0647
6738.562	0.0378
6822.448	0.0110
6907.379	-0.0158
6993.367	-0.0432
7080.426	-0.0716
7168.568	-0.1011
7257.808	-0.1317
7348.158	-0.1625
7439.633	-0.1942
7532.248	-0.2265
7626.015	-0.2591
7720.949	-0.2915
7817.065	-0.3241
7914.377	-0.3577
8012.901	-0.3924
8112.652	-0.4284
8213.645	-0.4643
8315.894	-0.5012
8419.416	-0.5387
8524.228	-0.5763
8630.343	-0.6137
8737.780	-0.6507
8846.555	-0.6873
8956.683	-0.7239
9068.182	-0.7602
9181.069	-0.7965
9295.362	-0.8326
9411.078	-0.8691
9528.233	-0.9066
9646.849	-0.9453
9766.939	-0.9859
9888.525	-1.0282
10011.625	-1.0719
10136.257	-1.1173
10262.440	-1.1641
10390.195	-1.2112
10519.540	-1.2598
10650.495	-1.3097
10783.080	-1.3606
10917.316	-1.4120
11053.223	-1.4640
11190.821	-1.5173
11330.133	-1.5719
11471.179	-1.6281
11613.980	-1.6856
11758.561	-1.7445
11904.939	-1.8044
12053.141	-1.8645
12203.188	-1.9241
12355.102	-1.9827
12508.907	-2.0412
12664.627	-2.1001
12822.286	-2.1592
12981.907	-2.2182
13143.516	-2.2774
13307.136	-2.3372
13472.793	-2.3981
13640.512	-2.4597
13810.319	-2.5220
13982.240	-2.5855
14156.302	-2.6510
14332.529	-2.7183
14510.951	-2.7872
14691.595	-2.8569
14874.486	-2.9281
15059.655	-3.0009
15247.129	-3.0752
15436.937	-3.1503
15629.106	-3.2263
15823.669	-3.3033
16020.654	-3.3810
16220.091	-3.4596
16422.010	-3.5385
16626.443	-3.6177
16833.422	-3.6971
17042.977	-3.7768
17255.141	-3.8564
17469.945	-3.9353
17687.424	-4.0142
17907.609	-4.0858
18130.537	-4.1591
18356.240	-4.2333
18584.752	-4.3079
18816.107	-4.3830
19050.346	-4.4581
19287.498	-4.5331
19527.604	-4.6080
19770.697	-4.6838
20016.816	-4.7613
