Sens Factor =7.8999dB, SERNO: 5780.tx
10.054	-4.4131
10.179	-4.2528
10.306	-4.0958
10.434	-3.9419
10.564	-3.7912
10.696	-3.6436
10.829	-3.4992
10.964	-3.3577
11.1	-3.2193
11.238	-3.0839
11.378	-2.9515
11.52	-2.8220
11.663	-2.6954
11.809	-2.5717
11.956	-2.4508
12.104	-2.3327
12.255	-2.2174
12.408	-2.1049
12.562	-1.9950
12.718	-1.8878
12.877	-1.7833
13.037	-1.6813
13.199	-1.5820
13.364	-1.4852
13.53	-1.3909
13.698	-1.2991
13.869	-1.2097
14.042	-1.1228
14.216	-1.0382
14.393	-0.9560
14.573	-0.8761
14.754	-0.7985
14.938	-0.7232
15.124	-0.6501
15.312	-0.5792
15.503	-0.5104
15.696	-0.4438
15.891	-0.3793
16.089	-0.3168
16.289	-0.2564
16.492	-0.1979
16.697	-0.1414
16.905	-0.0869
17.115	-0.0343
17.328	0.0165
17.544	0.0654
17.763	0.1126
17.984	0.1579
18.208	0.2015
18.434	0.2434
18.664	0.2837
18.896	0.3222
19.131	0.3592
19.369	0.3946
19.611	0.4284
19.855	0.4608
20.102	0.4916
20.352	0.5210
20.605	0.5490
20.862	0.5756
21.122	0.6008
21.385	0.6247
21.651	0.6474
21.92	0.6687
22.193	0.6889
22.47	0.7078
22.749	0.7256
23.032	0.7423
23.319	0.7578
23.609	0.7723
23.903	0.7858
24.201	0.7983
24.502	0.8098
24.807	0.8203
25.116	0.8300
25.429	0.8388
25.745	0.8468
26.066	0.8539
26.39	0.8603
26.719	0.8659
27.051	0.8709
27.388	0.8751
27.729	0.8787
28.074	0.8817
28.424	0.8841
28.778	0.8860
29.136	0.8873
29.499	0.8882
29.866	0.8886
30.238	0.8886
30.614	0.8882
30.995	0.8875
31.381	0.8864
31.772	0.8850
32.167	0.8834
32.568	0.8816
32.973	0.8795
33.383	0.8773
33.799	0.8750
34.22	0.8726
34.646	0.8701
35.077	0.8676
35.514	0.8598
35.956	0.8548
36.403	0.8523
36.857	0.8524
37.315	0.8550
37.78	0.8601
38.25	0.8680
38.726	0.8788
39.209	0.8925
39.697	0.9091
40.191	0.9283
40.691	0.9494
41.198	0.9715
41.711	0.9933
42.23	1.0139
42.756	1.0325
43.288	1.0487
43.827	1.0629
44.372	1.0751
44.925	1.0855
45.484	1.0943
46.05	1.1011
46.623	1.1058
47.204	1.1080
47.791	1.1076
48.386	1.1049
48.989	1.0999
49.599	1.0934
50.216	1.0860
50.841	1.0786
51.474	1.0724
52.115	1.0685
52.764	1.0683
53.42	1.0725
54.085	1.0818
54.759	1.0958
55.44	1.1138
56.131	1.1350
56.829	1.1581
57.537	1.1821
58.253	1.2061
58.978	1.2296
59.712	1.2523
60.456	1.2740
61.208	1.2944
61.97	1.3132
62.742	1.3300
63.523	1.3443
64.314	1.3554
65.114	1.3629
65.925	1.3666
66.745	1.3663
67.576	1.3625
68.418	1.3560
69.269	1.3478
70.132	1.3388
71.005	1.3299
71.889	1.3212
72.784	1.3127
73.69	1.3042
74.607	1.2959
75.536	1.2880
76.476	1.2809
77.428	1.2750
78.392	1.2709
79.368	1.2689
80.356	1.2692
81.356	1.2718
82.369	1.2767
83.394	1.2836
84.433	1.2919
85.484	1.3008
86.548	1.3091
87.625	1.3159
88.716	1.3202
89.82	1.3213
90.939	1.3186
92.071	1.3118
93.217	1.3011
94.377	1.2868
95.552	1.2694
96.742	1.2497
97.946	1.2283
99.165	1.2058
100.4	1.1828
101.65	1.1595
102.915	1.1362
104.196	1.1132
105.493	1.0908
106.806	1.0690
108.136	1.0484
109.482	1.0295
110.845	1.0125
112.225	0.9976
113.622	0.9848
115.037	0.9741
116.469	0.9655
117.919	0.9585
119.386	0.9531
120.873	0.9488
122.377	0.9454
123.901	0.9424
125.443	0.9396
127.005	0.9369
128.586	0.9343
130.187	0.9317
131.807	0.9289
133.448	0.9259
135.109	0.9226
136.791	0.9190
138.494	0.9149
140.218	0.9103
141.964	0.9053
143.731	0.8999
145.52	0.8943
147.332	0.8884
149.166	0.8823
151.023	0.8762
152.903	0.8701
154.806	0.8640
156.734	0.8576
158.685	0.8509
160.66	0.8439
162.66	0.8363
164.685	0.8280
166.735	0.8191
168.811	0.8097
170.912	0.7998
173.04	0.7895
175.194	0.7787
177.375	0.7675
179.583	0.7559
181.819	0.7438
184.082	0.7309
186.374	0.7170
188.694	0.7020
191.043	0.6860
193.421	0.6693
195.829	0.6522
198.267	0.6348
200.735	0.6173
203.234	0.6000
205.764	0.5831
208.325	0.5671
210.919	0.5517
213.544	0.5369
216.203	0.5228
218.894	0.5094
221.619	0.4966
224.378	0.4844
227.171	0.4726
229.999	0.4613
232.862	0.4506
235.761	0.4406
238.696	0.4310
241.668	0.4220
244.676	0.4134
247.722	0.4047
250.806	0.3960
253.928	0.3871
257.089	0.3779
260.29	0.3685
263.53	0.3586
266.81	0.3486
270.132	0.3373
273.495	0.3256
276.899	0.3138
280.346	0.3018
283.836	0.2899
287.37	0.2781
290.947	0.2665
294.569	0.2553
298.236	0.2443
301.949	0.2332
305.708	0.2224
309.513	0.2121
313.366	0.2025
317.267	0.1935
321.217	0.1855
325.216	0.1781
329.264	0.1716
333.363	0.1662
337.513	0.1619
341.715	0.1588
345.969	0.1560
350.276	0.1536
354.636	0.1512
359.051	0.1482
363.521	0.1446
368.046	0.1402
372.628	0.1351
377.266	0.1293
381.963	0.1234
386.718	0.1175
391.532	0.1109
396.406	0.1022
401.341	0.0895
406.337	0.0739
411.395	0.0581
416.517	0.0435
421.702	0.0309
426.951	0.0203
432.266	0.0115
437.648	0.0045
443.096	-0.0013
448.612	-0.0046
454.196	-0.0063
459.851	-0.0072
465.575	-0.0074
471.371	-0.0070
477.239	-0.0061
483.18	-0.0048
489.195	-0.0029
495.285	-0.0003
501.45	0.0032
507.693	0.0076
514.013	0.0127
520.412	0.0185
526.89	0.0248
533.449	0.0310
540.09	0.0370
546.814	0.0425
553.621	0.0468
560.513	0.0498
567.49	0.0513
574.555	0.0515
581.707	0.0507
588.949	0.0494
596.281	0.0482
603.703	0.0473
611.219	0.0466
618.828	0.0461
626.531	0.0458
634.331	0.0450
642.228	0.0435
650.222	0.0419
658.317	0.0419
666.512	0.0450
674.809	0.0504
683.21	0.0560
691.715	0.0605
700.326	0.0634
709.044	0.0650
717.871	0.0653
726.807	0.0646
735.855	0.0630
745.016	0.0608
754.29	0.0579
763.68	0.0550
773.187	0.0519
782.812	0.0490
792.557	0.0463
802.424	0.0437
812.413	0.0412
822.526	0.0387
832.766	0.0362
843.133	0.0337
853.629	0.0311
864.255	0.0286
875.014	0.0263
885.907	0.0242
896.935	0.0226
908.101	0.0217
919.406	0.0217
930.851	0.0226
942.439	0.0245
954.171	0.0272
966.049	0.0305
978.076	0.0342
990.251	0.0380
1002.579	0.0417
1015.06	0.0450
1027.696	0.0477
1040.489	0.0497
1053.442	0.0512
1066.556	0.0521
1079.833	0.0528
1093.276	0.0533
1106.886	0.0538
1120.665	0.0544
1134.616	0.0550
1148.741	0.0556
1163.041	0.0560
1177.519	0.0562
1192.178	0.0564
1207.019	0.0567
1222.045	0.0571
1237.258	0.0578
1252.66	0.0589
1268.254	0.0601
1284.042	0.0616
1300.027	0.0633
1316.211	0.0652
1332.596	0.0673
1349.185	0.0696
1365.981	0.0720
1382.985	0.0745
1400.202	0.0771
1417.633	0.0798
1435.28	0.0824
1453.148	0.0849
1471.238	0.0874
1489.553	0.0897
1508.096	0.0917
1526.87	0.0934
1545.877	0.0946
1565.121	0.0955
1584.605	0.0961
1604.332	0.0966
1624.303	0.0970
1644.524	0.0975
1664.996	0.0985
1685.723	0.1003
1706.708	0.1030
1727.955	0.1068
1749.466	0.1116
1771.244	0.1173
1793.294	0.1239
1815.618	0.1311
1838.221	0.1388
1861.104	0.1467
1884.272	0.1548
1907.729	0.1630
1931.478	0.1712
1955.523	0.1794
1979.866	0.1876
2004.513	0.1957
2029.467	0.2039
2054.731	0.2124
2080.31	0.2212
2106.207	0.2306
2132.427	0.2407
2158.973	0.2518
2185.849	0.2638
2213.06	0.2768
2240.61	0.2908
2268.503	0.3059
2296.743	0.3220
2325.334	0.3390
2354.282	0.3564
2383.59	0.3731
2413.262	0.3886
2443.305	0.4032
2473.721	0.4167
2504.515	0.4295
2535.693	0.4417
2567.26	0.4537
2599.219	0.4653
2631.576	0.4766
2664.335	0.4877
2697.503	0.4987
2731.084	0.5095
2765.082	0.5201
2799.504	0.5308
2834.354	0.5417
2869.638	0.5528
2905.362	0.5642
2941.53	0.5759
2978.148	0.5878
3015.222	0.6001
3052.758	0.6129
3090.761	0.6263
3129.237	0.6404
3168.192	0.6553
3207.632	0.6710
3247.563	0.6876
3287.991	0.7051
3328.923	0.7234
3370.364	0.7423
3412.32	0.7618
3454.799	0.7818
3497.807	0.8024
3541.351	0.8233
3585.436	0.8445
3630.07	0.8658
3675.26	0.8872
3721.012	0.9086
3767.334	0.9299
3814.233	0.9509
3861.715	0.9713
3909.789	0.9911
3958.46	1.0108
4007.738	1.0306
4057.63	1.0502
4108.142	1.0699
4159.283	1.0895
4211.061	1.1095
4263.483	1.1298
4316.559	1.1509
4370.294	1.1729
4424.699	1.1957
4479.781	1.2193
4535.548	1.2435
4592.01	1.2682
4649.175	1.2930
4707.051	1.3178
4765.648	1.3424
4824.975	1.3667
4885.039	1.3908
4945.852	1.4143
5007.421	1.4372
5069.757	1.4593
5132.87	1.4801
5196.768	1.4992
5261.46	1.5165
5326.959	1.5315
5393.273	1.5442
5460.413	1.5543
5528.388	1.5618
5597.209	1.5665
5666.887	1.5688
5737.433	1.5693
5808.857	1.5681
5881.169	1.5650
5954.383	1.5603
6028.507	1.5541
6103.555	1.5468
6179.536	1.5386
6256.464	1.5295
6334.349	1.5199
6413.204	1.5101
6493.04	1.5008
6573.87	1.4923
6655.706	1.4845
6738.562	1.4776
6822.448	1.4711
6907.379	1.4647
6993.367	1.4582
7080.426	1.4511
7168.568	1.4430
7257.808	1.4337
7348.158	1.4233
7439.633	1.4117
7532.248	1.3992
7626.015	1.3859
7720.949	1.3716
7817.065	1.3562
7914.377	1.3390
8012.901	1.3200
8112.652	1.2989
8213.645	1.2758
8315.894	1.2509
8419.416	1.2244
8524.228	1.1969
8630.343	1.1690
8737.78	1.1409
8846.555	1.1131
8956.683	1.0857
9068.182	1.0591
9181.069	1.0333
9295.362	1.0084
9411.078	0.9841
9528.233	0.9596
9646.849	0.9347
9766.939	0.9093
9888.525	0.8831
10011.625	0.8558
10136.257	0.8274
10262.44	0.7976
10390.195	0.7663
10519.54	0.7335
10650.495	0.6995
10783.08	0.6644
10917.316	0.6288
11053.223	0.5924
11190.821	0.5546
11330.133	0.5157
11471.179	0.4753
11613.98	0.4331
11758.561	0.3891
11904.939	0.3439
12053.141	0.2979
12203.188	0.2523
12355.102	0.2076
12508.907	0.1641
12664.627	0.1220
12822.286	0.0815
12981.907	0.0428
13143.516	0.0056
13307.136	-0.0299
13472.793	-0.0640
13640.512	-0.0972
13810.319	-0.1297
13982.24	-0.1619
14156.302	-0.1940
14332.529	-0.2263
14510.951	-0.2588
14691.595	-0.2916
14874.486	-0.3246
15059.655	-0.3579
15247.129	-0.3916
15436.937	-0.4254
15629.106	-0.4593
15823.669	-0.4931
16020.654	-0.5265
16220.091	-0.5593
16422.01	-0.5917
16626.443	-0.6233
16833.422	-0.6541
17042.977	-0.6838
17255.141	-0.7119
17469.945	-0.7366
17687.424	-0.7574
17907.609	-0.7721
18130.537	-0.7871
18356.24	-0.8020
18584.752	-0.8161
18816.107	-0.8293
19050.346	-0.8413
19287.498	-0.8515
19527.604	-0.8598
19770.697	-0.8663
20016.816	-0.8720
