Sens Factor =.27622dB, SERNO: 5847.tx
"Auto-generated 90-degree calibration file"
10.054	-7.3417
10.179	-7.1652
10.306	-6.9919
10.434	-6.8218
10.564	-6.6549
10.696	-6.4910
10.829	-6.3303
10.964	-6.1727
11.100	-6.0181
11.238	-5.8665
11.378	-5.7178
11.520	-5.5721
11.663	-5.4293
11.809	-5.2893
11.956	-5.1522
12.104	-5.0180
12.255	-4.8864
12.408	-4.7576
12.562	-4.6315
12.718	-4.5082
12.877	-4.3873
13.037	-4.2692
13.199	-4.1537
13.364	-4.0406
13.530	-3.9301
13.698	-3.8221
13.869	-3.7165
14.042	-3.6133
14.216	-3.5126
14.393	-3.4142
14.573	-3.3180
14.754	-3.2242
14.938	-3.1326
15.124	-3.0433
15.312	-2.9562
15.503	-2.8712
15.696	-2.7883
15.891	-2.7076
16.089	-2.6289
16.289	-2.5523
16.492	-2.4776
16.697	-2.4049
16.905	-2.3342
17.115	-2.2653
17.328	-2.1983
17.544	-2.1332
17.763	-2.0698
17.984	-2.0082
18.208	-1.9484
18.434	-1.8903
18.664	-1.8338
18.896	-1.7790
19.131	-1.7259
19.369	-1.6743
19.611	-1.6241
19.855	-1.5756
20.102	-1.5286
20.352	-1.4829
20.605	-1.4388
20.862	-1.3959
21.122	-1.3545
21.385	-1.3143
21.651	-1.2755
21.920	-1.2379
22.193	-1.2016
22.470	-1.1664
22.749	-1.1324
23.032	-1.0995
23.319	-1.0677
23.609	-1.0370
23.903	-1.0073
24.201	-0.9786
24.502	-0.9509
24.807	-0.9241
25.116	-0.8982
25.429	-0.8732
25.745	-0.8490
26.066	-0.8256
26.390	-0.8031
26.719	-0.7812
27.051	-0.7601
27.388	-0.7396
27.729	-0.7198
28.074	-0.7006
28.424	-0.6819
28.778	-0.6638
29.136	-0.6463
29.499	-0.6292
29.866	-0.6125
30.238	-0.5963
30.614	-0.5805
30.995	-0.5650
31.381	-0.5499
31.772	-0.5350
32.167	-0.5204
32.568	-0.5060
32.973	-0.4919
33.383	-0.4779
33.799	-0.4639
34.220	-0.4501
34.646	-0.4364
35.077	-0.4227
35.514	-0.4089
35.956	-0.3952
36.403	-0.3817
36.857	-0.3680
37.315	-0.3542
37.780	-0.3401
38.250	-0.3255
38.726	-0.3103
39.209	-0.2948
39.697	-0.2790
40.191	-0.2633
40.691	-0.2482
41.198	-0.2338
41.711	-0.2207
42.230	-0.2090
42.756	-0.1991
43.288	-0.1911
43.827	-0.1853
44.372	-0.1816
44.925	-0.1800
45.484	-0.1803
46.050	-0.1825
46.623	-0.1863
47.204	-0.1916
47.791	-0.1981
48.386	-0.2053
48.989	-0.2127
49.599	-0.2194
50.216	-0.2243
50.841	-0.2265
51.474	-0.2253
52.115	-0.2200
52.764	-0.2105
53.420	-0.1968
54.085	-0.1798
54.759	-0.1604
55.440	-0.1398
56.131	-0.1188
56.829	-0.0979
57.537	-0.0777
58.253	-0.0583
58.978	-0.0400
59.712	-0.0228
60.456	-0.0068
61.208	0.0078
61.970	0.0207
62.742	0.0316
63.523	0.0404
64.314	0.0466
65.114	0.0503
65.925	0.0516
66.745	0.0509
67.576	0.0486
68.418	0.0452
69.269	0.0413
70.132	0.0376
71.005	0.0346
71.889	0.0328
72.784	0.0322
73.690	0.0330
74.607	0.0351
75.536	0.0383
76.476	0.0425
77.428	0.0474
78.392	0.0529
79.368	0.0585
80.356	0.0638
81.356	0.0684
82.369	0.0716
83.394	0.0725
84.433	0.0704
85.484	0.0646
86.548	0.0545
87.625	0.0402
88.716	0.0219
89.820	0.0003
90.939	-0.0235
92.071	-0.0484
93.217	-0.0736
94.377	-0.0985
95.552	-0.1229
96.742	-0.1463
97.946	-0.1688
99.165	-0.1901
100.400	-0.2102
101.650	-0.2290
102.915	-0.2464
104.196	-0.2624
105.493	-0.2769
106.806	-0.2896
108.136	-0.3003
109.482	-0.3091
110.845	-0.3160
112.225	-0.3212
113.622	-0.3249
115.037	-0.3276
116.469	-0.3294
117.919	-0.3307
119.386	-0.3317
120.873	-0.3326
122.377	-0.3332
123.901	-0.3336
125.443	-0.3336
127.005	-0.3334
128.586	-0.3326
130.187	-0.3314
131.807	-0.3297
133.448	-0.3274
135.109	-0.3249
136.791	-0.3222
138.494	-0.3196
140.218	-0.3170
141.964	-0.3146
143.731	-0.3124
145.520	-0.3105
147.332	-0.3088
149.166	-0.3074
151.023	-0.3061
152.903	-0.3050
154.806	-0.3038
156.734	-0.3028
158.685	-0.3017
160.660	-0.3008
162.660	-0.2999
164.685	-0.2986
166.735	-0.2976
168.811	-0.2967
170.912	-0.2959
173.040	-0.2953
175.194	-0.2949
177.375	-0.2947
179.583	-0.2947
181.819	-0.2947
184.082	-0.2947
186.374	-0.2945
188.694	-0.2942
191.043	-0.2937
193.421	-0.2933
195.829	-0.2932
198.267	-0.2939
200.735	-0.2952
203.234	-0.2975
205.764	-0.3012
208.325	-0.3056
210.919	-0.3103
213.544	-0.3155
216.203	-0.3208
218.894	-0.3262
221.619	-0.3318
224.378	-0.3375
227.171	-0.3434
229.999	-0.3493
232.862	-0.3552
235.761	-0.3612
238.696	-0.3672
241.668	-0.3730
244.676	-0.3789
247.722	-0.3847
250.806	-0.3902
253.928	-0.3959
257.089	-0.4008
260.290	-0.4054
263.530	-0.4096
266.810	-0.4134
270.132	-0.4171
273.495	-0.4212
276.899	-0.4251
280.346	-0.4291
283.836	-0.4329
287.370	-0.4365
290.947	-0.4399
294.569	-0.4433
298.236	-0.4469
301.949	-0.4507
305.708	-0.4548
309.513	-0.4592
313.366	-0.4639
317.267	-0.4687
321.217	-0.4735
325.216	-0.4780
329.264	-0.4816
333.363	-0.4845
337.513	-0.4864
341.715	-0.4871
345.969	-0.4873
350.276	-0.4873
354.636	-0.4871
359.051	-0.4874
363.521	-0.4877
368.046	-0.4875
372.628	-0.4856
377.266	-0.4811
381.963	-0.4737
386.718	-0.4648
391.532	-0.4562
396.406	-0.4486
401.341	-0.4422
406.337	-0.4366
411.395	-0.4316
416.517	-0.4271
421.702	-0.4227
426.951	-0.4194
432.266	-0.4164
437.648	-0.4138
443.096	-0.4114
448.612	-0.4091
454.196	-0.4066
459.851	-0.4042
465.575	-0.4018
471.371	-0.3993
477.239	-0.3967
483.180	-0.3941
489.195	-0.3914
495.285	-0.3883
501.450	-0.3849
507.693	-0.3811
514.013	-0.3768
520.412	-0.3722
526.890	-0.3672
533.449	-0.3620
540.090	-0.3566
546.814	-0.3511
553.621	-0.3453
560.513	-0.3395
567.490	-0.3335
574.555	-0.3272
581.707	-0.3206
588.949	-0.3140
596.281	-0.3067
603.703	-0.2992
611.219	-0.2919
618.828	-0.2859
626.531	-0.2820
634.331	-0.2806
642.228	-0.2800
650.222	-0.2782
658.317	-0.2744
666.512	-0.2685
674.809	-0.2608
683.210	-0.2520
691.715	-0.2424
700.326	-0.2325
709.044	-0.2224
717.871	-0.2124
726.807	-0.2024
735.855	-0.1927
745.016	-0.1833
754.290	-0.1741
763.680	-0.1654
773.187	-0.1575
782.812	-0.1498
792.557	-0.1426
802.424	-0.1358
812.413	-0.1296
822.526	-0.1243
832.766	-0.1200
843.133	-0.1165
853.629	-0.1143
864.255	-0.1135
875.014	-0.1136
885.907	-0.1147
896.935	-0.1168
908.101	-0.1198
919.406	-0.1235
930.851	-0.1275
942.439	-0.1319
954.171	-0.1362
966.049	-0.1405
978.076	-0.1444
990.251	-0.1479
1002.579	-0.1509
1015.060	-0.1535
1027.696	-0.1558
1040.489	-0.1579
1053.442	-0.1598
1066.556	-0.1618
1079.833	-0.1641
1093.276	-0.1668
1106.886	-0.1701
1120.665	-0.1739
1134.616	-0.1781
1148.741	-0.1823
1163.041	-0.1864
1177.519	-0.1905
1192.178	-0.1942
1207.019	-0.1977
1222.045	-0.2013
1237.258	-0.2048
1252.660	-0.2079
1268.254	-0.2110
1284.042	-0.2138
1300.027	-0.2164
1316.211	-0.2185
1332.596	-0.2203
1349.185	-0.2216
1365.981	-0.2226
1382.985	-0.2231
1400.202	-0.2227
1417.633	-0.2215
1435.280	-0.2196
1453.148	-0.2173
1471.238	-0.2147
1489.553	-0.2119
1508.096	-0.2091
1526.870	-0.2062
1545.877	-0.2034
1565.121	-0.2008
1584.605	-0.1986
1604.332	-0.1967
1624.303	-0.1954
1644.524	-0.1946
1664.996	-0.1943
1685.723	-0.1944
1706.708	-0.1950
1727.955	-0.1965
1749.466	-0.1984
1771.244	-0.2005
1793.294	-0.2028
1815.618	-0.2051
1838.221	-0.2070
1861.104	-0.2086
1884.272	-0.2095
1907.729	-0.2097
1931.478	-0.2098
1955.523	-0.2095
1979.866	-0.2087
2004.513	-0.2075
2029.467	-0.2061
2054.731	-0.2046
2080.310	-0.2029
2106.207	-0.2013
2132.427	-0.1995
2158.973	-0.1979
2185.849	-0.1967
2213.060	-0.1960
2240.610	-0.1954
2268.503	-0.1951
2296.743	-0.1943
2325.334	-0.1926
2354.282	-0.1906
2383.590	-0.1880
2413.262	-0.1846
2443.305	-0.1807
2473.721	-0.1760
2504.515	-0.1703
2535.693	-0.1636
2567.260	-0.1563
2599.219	-0.1487
2631.576	-0.1407
2664.335	-0.1323
2697.503	-0.1235
2731.084	-0.1145
2765.082	-0.1052
2799.504	-0.0959
2834.354	-0.0866
2869.638	-0.0773
2905.362	-0.0687
2941.530	-0.0601
2978.148	-0.0516
3015.222	-0.0432
3052.758	-0.0350
3090.761	-0.0273
3129.237	-0.0203
3168.192	-0.0140
3207.632	-0.0085
3247.563	-0.0039
3287.991	-0.0003
3328.923	0.0030
3370.364	0.0059
3412.320	0.0088
3454.799	0.0116
3497.807	0.0144
3541.351	0.0173
3585.436	0.0204
3630.070	0.0240
3675.260	0.0284
3721.012	0.0334
3767.334	0.0389
3814.233	0.0446
3861.715	0.0500
3909.789	0.0554
3958.460	0.0606
4007.738	0.0658
4057.630	0.0709
4108.142	0.0752
4159.283	0.0794
4211.061	0.0834
4263.483	0.0873
4316.559	0.0913
4370.294	0.0956
4424.699	0.0999
4479.781	0.1043
4535.548	0.1086
4592.010	0.1125
4649.175	0.1159
4707.051	0.1191
4765.648	0.1216
4824.975	0.1233
4885.039	0.1228
4945.852	0.1210
5007.421	0.1183
5069.757	0.1145
5132.870	0.1093
5196.768	0.1018
5261.460	0.0931
5326.959	0.0830
5393.273	0.0715
5460.413	0.0588
5528.388	0.0450
5597.209	0.0303
5666.887	0.0148
5737.433	-0.0015
5808.857	-0.0181
5881.169	-0.0353
5954.383	-0.0532
6028.507	-0.0716
6103.555	-0.0906
6179.536	-0.1102
6256.464	-0.1304
6334.349	-0.1509
6413.204	-0.1719
6493.040	-0.1934
6573.870	-0.2154
6655.706	-0.2378
6738.562	-0.2608
6822.448	-0.2843
6907.379	-0.3082
6993.367	-0.3329
7080.426	-0.3587
7168.568	-0.3857
7257.808	-0.4143
7348.158	-0.4436
7439.633	-0.4743
7532.248	-0.5062
7626.015	-0.5394
7720.949	-0.5728
7817.065	-0.6065
7914.377	-0.6410
8012.901	-0.6762
8112.652	-0.7121
8213.645	-0.7476
8315.894	-0.7838
8419.416	-0.8205
8524.228	-0.8577
8630.343	-0.8953
8737.780	-0.9332
8846.555	-0.9711
8956.683	-1.0097
9068.182	-1.0487
9181.069	-1.0887
9295.362	-1.1295
9411.078	-1.1714
9528.233	-1.2146
9646.849	-1.2593
9766.939	-1.3064
9888.525	-1.3555
10011.625	-1.4064
10136.257	-1.4593
10262.440	-1.5140
10390.195	-1.5693
10519.540	-1.6268
10650.495	-1.6863
10783.080	-1.7483
10917.316	-1.8124
11053.223	-1.8786
11190.821	-1.9469
11330.133	-2.0169
11471.179	-2.0886
11613.980	-2.1612
11758.561	-2.2348
11904.939	-2.3096
12053.141	-2.3857
12203.188	-2.4633
12355.102	-2.5421
12508.907	-2.6228
12664.627	-2.7056
12822.286	-2.7909
12981.907	-2.8782
13143.516	-2.9674
13307.136	-3.0590
13472.793	-3.1530
13640.512	-3.2488
13810.319	-3.3459
13982.240	-3.4446
14156.302	-3.5454
14332.529	-3.6480
14510.951	-3.7522
14691.595	-3.8577
14874.486	-3.9651
15059.655	-4.0743
15247.129	-4.1856
15436.937	-4.2979
15629.106	-4.4112
15823.669	-4.5257
16020.654	-4.6412
16220.091	-4.7575
16422.010	-4.8736
16626.443	-4.9890
16833.422	-5.1032
17042.977	-5.7228
17255.141	-6.3426
17469.945	-6.9620
17687.424	-7.5816
17907.609	-7.7248
18130.537	-7.8720
18356.240	-8.0230
18584.752	-8.1780
18816.107	-8.3383
19050.346	-8.5040
19287.498	-8.6754
19527.604	-8.8537
19770.697	-9.0384
20016.816	-9.2297
