Sens Factor =-.2281dB, SERNO: 5846.tx
10.054	-7.5331
10.179	-7.3530
10.306	-7.1761
10.434	-7.0025
10.564	-6.8320
10.696	-6.6645
10.829	-6.5003
10.964	-6.3390
11.1	-6.1809
11.238	-6.0257
11.378	-5.8735
11.52	-5.7241
11.663	-5.5778
11.809	-5.4341
11.956	-5.2935
12.104	-5.1557
12.255	-5.0205
12.408	-4.8881
12.562	-4.7585
12.718	-4.6315
12.877	-4.5071
13.037	-4.3854
13.199	-4.2663
13.364	-4.1496
13.53	-4.0356
13.698	-3.9240
13.869	-3.8148
14.042	-3.7080
14.216	-3.6037
14.393	-3.5017
14.573	-3.4020
14.754	-3.3046
14.938	-3.2095
15.124	-3.1165
15.312	-3.0258
15.503	-2.9373
15.696	-2.8508
15.891	-2.7665
16.089	-2.6842
16.289	-2.6040
16.492	-2.5258
16.697	-2.4495
16.905	-2.3752
17.115	-2.3028
17.328	-2.2322
17.544	-2.1634
17.763	-2.0964
17.984	-2.0313
18.208	-1.9679
18.434	-1.9062
18.664	-1.8462
18.896	-1.7878
19.131	-1.7310
19.369	-1.6759
19.611	-1.6222
19.855	-1.5700
20.102	-1.5194
20.352	-1.4702
20.605	-1.4225
20.862	-1.3760
21.122	-1.3310
21.385	-1.2873
21.651	-1.2449
21.92	-1.2037
22.193	-1.1638
22.47	-1.1250
22.749	-1.0874
23.032	-1.0510
23.319	-1.0156
23.609	-0.9813
23.903	-0.9480
24.201	-0.9157
24.502	-0.8844
24.807	-0.8541
25.116	-0.8246
25.429	-0.7960
25.745	-0.7683
26.066	-0.7413
26.39	-0.7151
26.719	-0.6897
27.051	-0.6650
27.388	-0.6409
27.729	-0.6175
28.074	-0.5947
28.424	-0.5725
28.778	-0.5508
29.136	-0.5297
29.499	-0.5090
29.866	-0.4888
30.238	-0.4690
30.614	-0.4496
30.995	-0.4305
31.381	-0.4118
31.772	-0.3933
32.167	-0.3752
32.568	-0.3572
32.973	-0.3394
33.383	-0.3219
33.799	-0.3044
34.22	-0.2870
34.646	-0.2697
35.077	-0.2524
35.514	-0.2354
35.956	-0.2184
36.403	-0.2012
36.857	-0.1838
37.315	-0.1660
37.78	-0.1479
38.25	-0.1296
38.726	-0.1110
39.209	-0.0924
39.697	-0.0739
40.191	-0.0556
40.691	-0.0377
41.198	-0.0202
41.711	-0.0032
42.23	0.0133
42.756	0.0290
43.288	0.0439
43.827	0.0578
44.372	0.0703
44.925	0.0811
45.484	0.0902
46.05	0.0973
46.623	0.1023
47.204	0.1053
47.791	0.1062
48.386	0.1051
48.989	0.1020
49.599	0.0971
50.216	0.0907
50.841	0.0834
51.474	0.0758
52.115	0.0690
52.764	0.0643
53.42	0.0625
54.085	0.0645
54.759	0.0708
55.44	0.0812
56.131	0.0954
56.829	0.1124
57.537	0.1312
58.253	0.1511
58.978	0.1712
59.712	0.1909
60.456	0.2098
61.208	0.2276
61.97	0.2442
62.742	0.2594
63.523	0.2732
64.314	0.2854
65.114	0.2960
65.925	0.3048
66.745	0.3117
67.576	0.3166
68.418	0.3192
69.269	0.3198
70.132	0.3185
71.005	0.3154
71.889	0.3111
72.784	0.3061
73.69	0.3008
74.607	0.2959
75.536	0.2916
76.476	0.2884
77.428	0.2865
78.392	0.2859
79.368	0.2867
80.356	0.2889
81.356	0.2923
82.369	0.2967
83.394	0.3017
84.433	0.3068
85.484	0.3112
86.548	0.3140
87.625	0.3140
88.716	0.3104
89.82	0.3024
90.939	0.2894
92.071	0.2718
93.217	0.2502
94.377	0.2256
95.552	0.1989
96.742	0.1712
97.946	0.1431
99.165	0.1153
100.4	0.0882
101.65	0.0620
102.915	0.0369
104.196	0.0132
105.493	-0.0089
106.806	-0.0292
108.136	-0.0475
109.482	-0.0641
110.845	-0.0787
112.225	-0.0911
113.622	-0.1011
115.037	-0.1090
116.469	-0.1147
117.919	-0.1187
119.386	-0.1211
120.873	-0.1224
122.377	-0.1230
123.901	-0.1231
125.443	-0.1229
127.005	-0.1225
128.586	-0.1221
130.187	-0.1219
131.807	-0.1217
133.448	-0.1217
135.109	-0.1218
136.791	-0.1217
138.494	-0.1214
140.218	-0.1210
141.964	-0.1204
143.731	-0.1197
145.52	-0.1190
147.332	-0.1186
149.166	-0.1182
151.023	-0.1180
152.903	-0.1178
154.806	-0.1178
156.734	-0.1177
158.685	-0.1178
160.66	-0.1179
162.66	-0.1180
164.685	-0.1184
166.735	-0.1186
168.811	-0.1186
170.912	-0.1186
173.04	-0.1188
175.194	-0.1194
177.375	-0.1206
179.583	-0.1223
181.819	-0.1241
184.082	-0.1261
186.374	-0.1285
188.694	-0.1312
191.043	-0.1340
193.421	-0.1370
195.829	-0.1402
198.267	-0.1435
200.735	-0.1468
203.234	-0.1503
205.764	-0.1542
208.325	-0.1588
210.919	-0.1639
213.544	-0.1697
216.203	-0.1760
218.894	-0.1822
221.619	-0.1883
224.378	-0.1944
227.171	-0.2005
229.999	-0.2065
232.862	-0.2125
235.761	-0.2184
238.696	-0.2242
241.668	-0.2298
244.676	-0.2353
247.722	-0.2406
250.806	-0.2459
253.928	-0.2509
257.089	-0.2559
260.29	-0.2608
263.53	-0.2657
266.81	-0.2705
270.132	-0.2754
273.495	-0.2802
276.899	-0.2854
280.346	-0.2909
283.836	-0.2967
287.37	-0.3029
290.947	-0.3092
294.569	-0.3155
298.236	-0.3218
301.949	-0.3284
305.708	-0.3350
309.513	-0.3419
313.366	-0.3489
317.267	-0.3561
321.217	-0.3635
325.216	-0.3709
329.264	-0.3784
333.363	-0.3856
337.513	-0.3925
341.715	-0.3984
345.969	-0.4033
350.276	-0.4073
354.636	-0.4103
359.051	-0.4125
363.521	-0.4146
368.046	-0.4167
372.628	-0.4188
377.266	-0.4209
381.963	-0.4230
386.718	-0.4246
391.532	-0.4249
396.406	-0.4234
401.341	-0.4200
406.337	-0.4161
411.395	-0.4130
416.517	-0.4108
421.702	-0.4090
426.951	-0.4074
432.266	-0.4058
437.648	-0.4039
443.096	-0.4018
448.612	-0.3994
454.196	-0.3966
459.851	-0.3934
465.575	-0.3898
471.371	-0.3858
477.239	-0.3814
483.18	-0.3767
489.195	-0.3716
495.285	-0.3662
501.45	-0.3603
507.693	-0.3540
514.013	-0.3471
520.412	-0.3398
526.89	-0.3321
533.449	-0.3240
540.09	-0.3156
546.814	-0.3071
553.621	-0.2987
560.513	-0.2905
567.49	-0.2826
574.555	-0.2751
581.707	-0.2678
588.949	-0.2608
596.281	-0.2540
603.703	-0.2471
611.219	-0.2401
618.828	-0.2331
626.531	-0.2260
634.331	-0.2190
642.228	-0.2123
650.222	-0.2067
658.317	-0.2027
666.512	-0.2002
674.809	-0.1975
683.21	-0.1932
691.715	-0.1872
700.326	-0.1799
709.044	-0.1717
717.871	-0.1632
726.807	-0.1548
735.855	-0.1467
745.016	-0.1389
754.29	-0.1316
763.68	-0.1246
773.187	-0.1179
782.812	-0.1114
792.557	-0.1053
802.424	-0.0994
812.413	-0.0937
822.526	-0.0883
832.766	-0.0830
843.133	-0.0781
853.629	-0.0735
864.255	-0.0693
875.014	-0.0656
885.907	-0.0622
896.935	-0.0592
908.101	-0.0564
919.406	-0.0537
930.851	-0.0511
942.439	-0.0485
954.171	-0.0460
966.049	-0.0436
978.076	-0.0413
990.251	-0.0391
1002.579	-0.0370
1015.06	-0.0352
1027.696	-0.0337
1040.489	-0.0324
1053.442	-0.0314
1066.556	-0.0306
1079.833	-0.0299
1093.276	-0.0294
1106.886	-0.0293
1120.665	-0.0296
1134.616	-0.0306
1148.741	-0.0322
1163.041	-0.0343
1177.519	-0.0366
1192.178	-0.0389
1207.019	-0.0409
1222.045	-0.0424
1237.258	-0.0435
1252.66	-0.0440
1268.254	-0.0442
1284.042	-0.0439
1300.027	-0.0434
1316.211	-0.0425
1332.596	-0.0413
1349.185	-0.0400
1365.981	-0.0384
1382.985	-0.0366
1400.202	-0.0344
1417.633	-0.0319
1435.28	-0.0290
1453.148	-0.0255
1471.238	-0.0217
1489.553	-0.0176
1508.096	-0.0133
1526.87	-0.0088
1545.877	-0.0044
1565.121	0.0000
1584.605	0.0046
1604.332	0.0093
1624.303	0.0141
1644.524	0.0192
1664.996	0.0246
1685.723	0.0304
1706.708	0.0369
1727.955	0.0439
1749.466	0.0515
1771.244	0.0595
1793.294	0.0678
1815.618	0.0764
1838.221	0.0852
1861.104	0.0942
1884.272	0.1034
1907.729	0.1128
1931.478	0.1222
1955.523	0.1317
1979.866	0.1413
2004.513	0.1508
2029.467	0.1604
2054.731	0.1701
2080.31	0.1799
2106.207	0.1900
2132.427	0.2007
2158.973	0.2120
2185.849	0.2241
2213.06	0.2370
2240.61	0.2505
2268.503	0.2648
2296.743	0.2799
2325.334	0.2957
2354.282	0.3119
2383.59	0.3281
2413.262	0.3442
2443.305	0.3604
2473.721	0.3766
2504.515	0.3928
2535.693	0.4091
2567.26	0.4255
2599.219	0.4421
2631.576	0.4587
2664.335	0.4752
2697.503	0.4918
2731.084	0.5083
2765.082	0.5248
2799.504	0.5414
2834.354	0.5580
2869.638	0.5747
2905.362	0.5915
2941.53	0.6084
2978.148	0.6255
3015.222	0.6428
3052.758	0.6605
3090.761	0.6784
3129.237	0.6968
3168.192	0.7156
3207.632	0.7349
3247.563	0.7546
3287.991	0.7748
3328.923	0.7955
3370.364	0.8167
3412.32	0.8385
3454.799	0.8609
3497.807	0.8837
3541.351	0.9068
3585.436	0.9302
3630.07	0.9537
3675.26	0.9774
3721.012	1.0013
3767.334	1.0254
3814.233	1.0495
3861.715	1.0739
3909.789	1.0984
3958.46	1.1235
4007.738	1.1490
4057.63	1.1747
4108.142	1.2008
4159.283	1.2273
4211.061	1.2542
4263.483	1.2814
4316.559	1.3092
4370.294	1.3375
4424.699	1.3664
4479.781	1.3958
4535.548	1.4257
4592.01	1.4559
4649.175	1.4863
4707.051	1.5168
4765.648	1.5472
4824.975	1.5775
4885.039	1.6076
4945.852	1.6373
5007.421	1.6667
5069.757	1.6954
5132.87	1.7235
5196.768	1.7506
5261.46	1.7767
5326.959	1.8015
5393.273	1.8249
5460.413	1.8471
5528.388	1.8677
5597.209	1.8869
5666.887	1.9047
5737.433	1.9216
5808.857	1.9376
5881.169	1.9526
5954.383	1.9668
6028.507	1.9803
6103.555	1.9932
6179.536	2.0055
6256.464	2.0175
6334.349	2.0291
6413.204	2.0404
6493.04	2.0517
6573.87	2.0631
6655.706	2.0745
6738.562	2.0860
6822.448	2.0975
6907.379	2.1088
6993.367	2.1198
7080.426	2.1302
7168.568	2.1400
7257.808	2.1490
7348.158	2.1572
7439.633	2.1645
7532.248	2.1709
7626.015	2.1763
7720.949	2.1808
7817.065	2.1841
7914.377	2.1863
8012.901	2.1873
8112.652	2.1872
8213.645	2.1861
8315.894	2.1839
8419.416	2.1809
8524.228	2.1770
8630.343	2.1726
8737.78	2.1677
8846.555	2.1627
8956.683	2.1575
9068.182	2.1521
9181.069	2.1467
9295.362	2.1411
9411.078	2.1351
9528.233	2.1283
9646.849	2.1205
9766.939	2.1116
9888.525	2.1015
10011.625	2.0899
10136.257	2.0769
10262.44	2.0622
10390.195	2.0457
10519.54	2.0273
10650.495	2.0071
10783.08	1.9852
10917.316	1.9616
11053.223	1.9363
11190.821	1.9094
11330.133	1.8808
11471.179	1.8507
11613.98	1.8191
11758.561	1.7862
11904.939	1.7525
12053.141	1.7183
12203.188	1.6840
12355.102	1.6499
12508.907	1.6160
12664.627	1.5822
12822.286	1.5482
12981.907	1.5142
13143.516	1.4801
13307.136	1.4457
13472.793	1.4109
13640.512	1.3756
13810.319	1.3397
13982.24	1.3032
14156.302	1.2661
14332.529	1.2283
14510.951	1.1899
14691.595	1.1509
14874.486	1.1114
15059.655	1.0715
15247.129	1.0313
15436.937	0.9908
15629.106	0.9502
15823.669	0.9098
16020.654	0.8694
16220.091	0.8295
16422.01	0.7900
16626.443	0.7513
16833.422	0.7133
17042.977	0.6764
17255.141	0.6413
17469.945	0.6091
17687.424	0.5805
17907.609	0.5622
18130.537	0.5439
18356.24	0.5258
18584.752	0.5078
18816.107	0.4902
19050.346	0.4730
19287.498	0.4561
19527.604	0.4396
19770.697	0.4230
20016.816	0.4061
