Sens Factor =.5047dB, SERNO: 5802.tx
"Auto-generated 90-degree calibration file"
10.054	-2.6610
10.179	-2.5123
10.306	-2.3668
10.434	-2.2244
10.564	-2.0852
10.696	-1.9492
10.829	-1.8163
10.964	-1.6864
11.100	-1.5595
11.238	-1.4356
11.378	-1.3147
11.520	-1.1968
11.663	-1.0817
11.809	-0.9696
11.956	-0.8602
12.104	-0.7536
12.255	-0.6498
12.408	-0.5488
12.562	-0.4505
12.718	-0.3548
12.877	-0.2618
13.037	-0.1714
13.199	-0.0835
13.364	0.0017
13.530	0.0845
13.698	0.1648
13.869	0.2426
14.042	0.3180
14.216	0.3910
14.393	0.4617
14.573	0.5300
14.754	0.5961
14.938	0.6599
15.124	0.7214
15.312	0.7808
15.503	0.8380
15.696	0.8931
15.891	0.9462
16.089	0.9971
16.289	1.0460
16.492	1.0929
16.697	1.1379
16.905	1.1809
17.115	1.2220
17.328	1.2613
17.544	1.2987
17.763	1.3342
17.984	1.3680
18.208	1.4001
18.434	1.4305
18.664	1.4592
18.896	1.4863
19.131	1.5117
19.369	1.5356
19.611	1.5579
19.855	1.5787
20.102	1.5980
20.352	1.6159
20.605	1.6323
20.862	1.6474
21.122	1.6610
21.385	1.6734
21.651	1.6845
21.920	1.6944
22.193	1.7030
22.470	1.7104
22.749	1.7167
23.032	1.7218
23.319	1.7258
23.609	1.7288
23.903	1.7308
24.201	1.7317
24.502	1.7317
24.807	1.7307
25.116	1.7288
25.429	1.7261
25.745	1.7225
26.066	1.7181
26.390	1.7130
26.719	1.7071
27.051	1.7005
27.388	1.6932
27.729	1.6853
28.074	1.6767
28.424	1.6676
28.778	1.6579
29.136	1.6478
29.499	1.6371
29.866	1.6260
30.238	1.6144
30.614	1.6025
30.995	1.5902
31.381	1.5776
31.772	1.5647
32.167	1.5516
32.568	1.5382
32.973	1.5247
33.383	1.5109
33.799	1.4971
34.220	1.4831
34.646	1.4691
35.077	1.4551
35.514	1.4424
35.956	1.4290
36.403	1.4147
36.857	1.3999
37.315	1.3848
37.780	1.3699
38.250	1.3558
38.726	1.3432
39.209	1.3327
39.697	1.3249
40.191	1.3199
40.691	1.3175
41.198	1.3171
41.711	1.3176
42.230	1.3180
42.756	1.3176
43.288	1.3157
43.827	1.3122
44.372	1.3071
44.925	1.3007
45.484	1.2932
46.050	1.2848
46.623	1.2756
47.204	1.2658
47.791	1.2553
48.386	1.2442
48.989	1.2324
49.599	1.2200
50.216	1.2070
50.841	1.1934
51.474	1.1793
52.115	1.1649
52.764	1.1505
53.420	1.1363
54.085	1.1223
54.759	1.1085
55.440	1.0949
56.131	1.0814
56.829	1.0679
57.537	1.0545
58.253	1.0413
58.978	1.0282
59.712	1.0152
60.456	1.0023
61.208	0.9893
61.970	0.9761
62.742	0.9625
63.523	0.9483
64.314	0.9330
65.114	0.9165
65.925	0.8986
66.745	0.8792
67.576	0.8586
68.418	0.8376
69.269	0.8168
70.132	0.7972
71.005	0.7793
71.889	0.7633
72.784	0.7492
73.690	0.7366
74.607	0.7252
75.536	0.7148
76.476	0.7052
77.428	0.6963
78.392	0.6880
79.368	0.6802
80.356	0.6728
81.356	0.6659
82.369	0.6592
83.394	0.6528
84.433	0.6468
85.484	0.6410
86.548	0.6356
87.625	0.6303
88.716	0.6250
89.820	0.6198
90.939	0.6143
92.071	0.6088
93.217	0.6030
94.377	0.5971
95.552	0.5910
96.742	0.5844
97.946	0.5775
99.165	0.5703
100.400	0.5628
101.650	0.5553
102.915	0.5480
104.196	0.5409
105.493	0.5342
106.806	0.5278
108.136	0.5215
109.482	0.5150
110.845	0.5080
112.225	0.5007
113.622	0.4931
115.037	0.4851
116.469	0.4770
117.919	0.4686
119.386	0.4602
120.873	0.4517
122.377	0.4433
123.901	0.4351
125.443	0.4267
127.005	0.4183
128.586	0.4095
130.187	0.4003
131.807	0.3908
133.448	0.3810
135.109	0.3712
136.791	0.3617
138.494	0.3526
140.218	0.3441
141.964	0.3362
143.731	0.3287
145.520	0.3216
147.332	0.3146
149.166	0.3078
151.023	0.3012
152.903	0.2947
154.806	0.2881
156.734	0.2816
158.685	0.2750
160.660	0.2688
162.660	0.2632
164.685	0.2580
166.735	0.2530
168.811	0.2478
170.912	0.2423
173.040	0.2364
175.194	0.2299
177.375	0.2229
179.583	0.2156
181.819	0.2083
184.082	0.2011
186.374	0.1939
188.694	0.1868
191.043	0.1793
193.421	0.1713
195.829	0.1628
198.267	0.1540
200.735	0.1450
203.234	0.1356
205.764	0.1259
208.325	0.1165
210.919	0.1071
213.544	0.0982
216.203	0.0897
218.894	0.0813
221.619	0.0728
224.378	0.0642
227.171	0.0556
229.999	0.0469
232.862	0.0383
235.761	0.0298
238.696	0.0217
241.668	0.0138
244.676	0.0064
247.722	-0.0007
250.806	-0.0073
253.928	-0.0134
257.089	-0.0189
260.290	-0.0239
263.530	-0.0284
266.810	-0.0325
270.132	-0.0376
273.495	-0.0429
276.899	-0.0481
280.346	-0.0532
283.836	-0.0581
287.370	-0.0629
290.947	-0.0675
294.569	-0.0724
298.236	-0.0773
301.949	-0.0823
305.708	-0.0872
309.513	-0.0917
313.366	-0.0957
317.267	-0.0991
321.217	-0.1016
325.216	-0.1036
329.264	-0.1050
333.363	-0.1062
337.513	-0.1073
341.715	-0.1082
345.969	-0.1095
350.276	-0.1110
354.636	-0.1129
359.051	-0.1154
363.521	-0.1184
368.046	-0.1221
372.628	-0.1268
377.266	-0.1330
381.963	-0.1403
386.718	-0.1481
391.532	-0.1555
396.406	-0.1611
401.341	-0.1638
406.337	-0.1644
411.395	-0.1644
416.517	-0.1648
421.702	-0.1659
426.951	-0.1677
432.266	-0.1698
437.648	-0.1722
443.096	-0.1749
448.612	-0.1768
454.196	-0.1782
459.851	-0.1793
465.575	-0.1801
471.371	-0.1805
477.239	-0.1805
483.180	-0.1804
489.195	-0.1799
495.285	-0.1791
501.450	-0.1780
507.693	-0.1769
514.013	-0.1756
520.412	-0.1744
526.890	-0.1729
533.449	-0.1712
540.090	-0.1691
546.814	-0.1664
553.621	-0.1632
560.513	-0.1596
567.490	-0.1555
574.555	-0.1511
581.707	-0.1464
588.949	-0.1413
596.281	-0.1358
603.703	-0.1295
611.219	-0.1221
618.828	-0.1132
626.531	-0.1025
634.331	-0.0904
642.228	-0.0779
650.222	-0.0659
658.317	-0.0559
666.512	-0.0490
674.809	-0.0444
683.210	-0.0408
691.715	-0.0373
700.326	-0.0337
709.044	-0.0298
717.871	-0.0260
726.807	-0.0220
735.855	-0.0181
745.016	-0.0142
754.290	-0.0104
763.680	-0.0070
773.187	-0.0042
782.812	-0.0017
792.557	0.0005
802.424	0.0026
812.413	0.0045
822.526	0.0061
832.766	0.0077
843.133	0.0092
853.629	0.0104
864.255	0.0113
875.014	0.0118
885.907	0.0118
896.935	0.0112
908.101	0.0097
919.406	0.0074
930.851	0.0044
942.439	0.0004
954.171	-0.0039
966.049	-0.0087
978.076	-0.0139
990.251	-0.0193
1002.579	-0.0249
1015.060	-0.0307
1027.696	-0.0368
1040.489	-0.0430
1053.442	-0.0489
1066.556	-0.0546
1079.833	-0.0598
1093.276	-0.0645
1106.886	-0.0688
1120.665	-0.0724
1134.616	-0.0756
1148.741	-0.0781
1163.041	-0.0799
1177.519	-0.0814
1192.178	-0.0822
1207.019	-0.0826
1222.045	-0.0830
1237.258	-0.0833
1252.660	-0.0832
1268.254	-0.0830
1284.042	-0.0826
1300.027	-0.0822
1316.211	-0.0814
1332.596	-0.0807
1349.185	-0.0798
1365.981	-0.0793
1382.985	-0.0789
1400.202	-0.0783
1417.633	-0.0777
1435.280	-0.0769
1453.148	-0.0763
1471.238	-0.0754
1489.553	-0.0743
1508.096	-0.0730
1526.870	-0.0715
1545.877	-0.0696
1565.121	-0.0674
1584.605	-0.0652
1604.332	-0.0627
1624.303	-0.0601
1644.524	-0.0572
1664.996	-0.0541
1685.723	-0.0508
1706.708	-0.0475
1727.955	-0.0447
1749.466	-0.0421
1771.244	-0.0396
1793.294	-0.0373
1815.618	-0.0351
1838.221	-0.0328
1861.104	-0.0307
1884.272	-0.0286
1907.729	-0.0266
1931.478	-0.0252
1955.523	-0.0242
1979.866	-0.0233
2004.513	-0.0226
2029.467	-0.0221
2054.731	-0.0218
2080.310	-0.0216
2106.207	-0.0217
2132.427	-0.0217
2158.973	-0.0218
2185.849	-0.0218
2213.060	-0.0217
2240.610	-0.0212
2268.503	-0.0208
2296.743	-0.0200
2325.334	-0.0188
2354.282	-0.0178
2383.590	-0.0165
2413.262	-0.0149
2443.305	-0.0133
2473.721	-0.0115
2504.515	-0.0094
2535.693	-0.0067
2567.260	-0.0038
2599.219	-0.0007
2631.576	0.0027
2664.335	0.0064
2697.503	0.0101
2731.084	0.0138
2765.082	0.0174
2799.504	0.0208
2834.354	0.0241
2869.638	0.0272
2905.362	0.0296
2941.530	0.0319
2978.148	0.0343
3015.222	0.0364
3052.758	0.0385
3090.761	0.0403
3129.237	0.0421
3168.192	0.0440
3207.632	0.0459
3247.563	0.0476
3287.991	0.0491
3328.923	0.0507
3370.364	0.0523
3412.320	0.0541
3454.799	0.0560
3497.807	0.0579
3541.351	0.0598
3585.436	0.0617
3630.070	0.0635
3675.260	0.0653
3721.012	0.0670
3767.334	0.0688
3814.233	0.0708
3861.715	0.0726
3909.789	0.0743
3958.460	0.0754
4007.738	0.0759
4057.630	0.0756
4108.142	0.0740
4159.283	0.0719
4211.061	0.0693
4263.483	0.0664
4316.559	0.0632
4370.294	0.0599
4424.699	0.0563
4479.781	0.0527
4535.548	0.0494
4592.010	0.0458
4649.175	0.0421
4707.051	0.0383
4765.648	0.0341
4824.975	0.0294
4885.039	0.0226
4945.852	0.0147
5007.421	0.0058
5069.757	-0.0044
5132.870	-0.0164
5196.768	-0.0310
5261.460	-0.0475
5326.959	-0.0661
5393.273	-0.0867
5460.413	-0.1097
5528.388	-0.1350
5597.209	-0.1628
5666.887	-0.1930
5737.433	-0.2249
5808.857	-0.2580
5881.169	-0.2924
5954.383	-0.3282
6028.507	-0.3653
6103.555	-0.4034
6179.536	-0.4424
6256.464	-0.4821
6334.349	-0.5223
6413.204	-0.5631
6493.040	-0.6043
6573.870	-0.6458
6655.706	-0.6875
6738.562	-0.7294
6822.448	-0.7715
6907.379	-0.8138
6993.367	-0.8566
7080.426	-0.9002
7168.568	-0.9446
7257.808	-0.9899
7348.158	-1.0356
7439.633	-1.0829
7532.248	-1.1321
7626.015	-1.1837
7720.949	-1.2368
7817.065	-1.2913
7914.377	-1.3475
8012.901	-1.4051
8112.652	-1.4641
8213.645	-1.5233
8315.894	-1.5835
8419.416	-1.6444
8524.228	-1.7057
8630.343	-1.7674
8737.780	-1.8291
8846.555	-1.8905
8956.683	-1.9521
9068.182	-2.0135
9181.069	-2.0748
9295.362	-2.1356
9411.078	-2.1961
9528.233	-2.2570
9646.849	-2.3185
9766.939	-2.3816
9888.525	-2.4460
10011.625	-2.5114
10136.257	-2.5783
10262.440	-2.6465
10390.195	-2.7151
10519.540	-2.7856
10650.495	-2.8579
10783.080	-2.9318
10917.316	-3.0070
11053.223	-3.0834
11190.821	-3.1609
11330.133	-3.2396
11471.179	-3.3194
11613.980	-3.3994
11758.561	-3.4792
11904.939	-3.5583
12053.141	-3.6361
12203.188	-3.7122
12355.102	-3.7850
12508.907	-3.8555
12664.627	-3.9247
12822.286	-3.9929
12981.907	-4.0602
13143.516	-4.1270
13307.136	-4.1944
13472.793	-4.2629
13640.512	-4.3324
13810.319	-4.4026
13982.240	-4.4739
14156.302	-4.5467
14332.529	-4.6206
14510.951	-4.6956
14691.595	-4.7712
14874.486	-4.8479
15059.655	-4.9258
15247.129	-5.0048
15436.937	-5.0845
15629.106	-5.1649
15823.669	-5.2462
16020.654	-5.3291
16220.091	-5.4130
16422.010	-5.4974
16626.443	-5.5824
16833.422	-5.6682
17042.977	-5.7546
17255.141	-5.8405
17469.945	-5.9259
17687.424	-6.0102
17907.609	-6.0806
18130.537	-6.1516
18356.240	-6.2229
18584.752	-6.2946
18816.107	-6.3670
19050.346	-6.4402
19287.498	-6.5145
19527.604	-6.5909
19770.697	-6.6701
20016.816	-6.7526
