Sens Factor =1.7154dB, SERNO: 5826.tx
10.054	-7.5025
10.179	-7.3192
10.306	-7.1390
10.434	-6.9622
10.564	-6.7884
10.696	-6.6177
10.829	-6.4502
10.964	-6.2857
11.1	-6.1244
11.238	-5.9660
11.378	-5.8105
11.52	-5.6579
11.663	-5.5083
11.809	-5.3615
11.956	-5.2175
12.104	-5.0765
12.255	-4.9382
12.408	-4.8025
12.562	-4.6697
12.718	-4.5395
12.877	-4.4118
13.037	-4.2869
13.199	-4.1645
13.364	-4.0446
13.53	-3.9273
13.698	-3.8125
13.869	-3.7001
14.042	-3.5901
14.216	-3.4826
14.393	-3.3773
14.573	-3.2743
14.754	-3.1738
14.938	-3.0753
15.124	-2.9792
15.312	-2.8853
15.503	-2.7934
15.696	-2.7038
15.891	-2.6163
16.089	-2.5307
16.289	-2.4473
16.492	-2.3658
16.697	-2.2863
16.905	-2.2087
17.115	-2.1331
17.328	-2.0593
17.544	-1.9873
17.763	-1.9171
17.984	-1.8487
18.208	-1.7820
18.434	-1.7172
18.664	-1.6539
18.896	-1.5923
19.131	-1.5323
19.369	-1.4739
19.611	-1.4169
19.855	-1.3616
20.102	-1.3077
20.352	-1.2553
20.605	-1.2043
20.862	-1.1546
21.122	-1.1064
21.385	-1.0594
21.651	-1.0138
21.92	-0.9694
22.193	-0.9262
22.47	-0.8842
22.749	-0.8434
23.032	-0.8037
23.319	-0.7651
23.609	-0.7276
23.903	-0.6911
24.201	-0.6555
24.502	-0.6210
24.807	-0.5874
25.116	-0.5547
25.429	-0.5228
25.745	-0.4919
26.066	-0.4617
26.39	-0.4323
26.719	-0.4036
27.051	-0.3757
27.388	-0.3484
27.729	-0.3217
28.074	-0.2957
28.424	-0.2702
28.778	-0.2453
29.136	-0.2210
29.499	-0.1970
29.866	-0.1736
30.238	-0.1506
30.614	-0.1280
30.995	-0.1057
31.381	-0.0837
31.772	-0.0620
32.167	-0.0406
32.568	-0.0194
32.973	0.0016
33.383	0.0224
33.799	0.0431
34.22	0.0637
34.646	0.0843
35.077	0.1048
35.514	0.1243
35.956	0.1443
36.403	0.1648
36.857	0.1858
37.315	0.2073
37.78	0.2293
38.25	0.2516
38.726	0.2741
39.209	0.2968
39.697	0.3193
40.191	0.3416
40.691	0.3633
41.198	0.3839
41.711	0.4028
42.23	0.4197
42.756	0.4343
43.288	0.4466
43.827	0.4570
44.372	0.4658
44.925	0.4734
45.484	0.4803
46.05	0.4866
46.623	0.4926
47.204	0.4983
47.791	0.5037
48.386	0.5087
48.989	0.5132
49.599	0.5171
50.216	0.5200
50.841	0.5219
51.474	0.5227
52.115	0.5223
52.764	0.5208
53.42	0.5183
54.085	0.5150
54.759	0.5109
55.44	0.5058
56.131	0.4997
56.829	0.4924
57.537	0.4837
58.253	0.4736
58.978	0.4622
59.712	0.4497
60.456	0.4363
61.208	0.4221
61.97	0.4073
62.742	0.3920
63.523	0.3764
64.314	0.3605
65.114	0.3444
65.925	0.3282
66.745	0.3118
67.576	0.2956
68.418	0.2801
69.269	0.2657
70.132	0.2531
71.005	0.2426
71.889	0.2342
72.784	0.2278
73.69	0.2229
74.607	0.2191
75.536	0.2159
76.476	0.2129
77.428	0.2100
78.392	0.2068
79.368	0.2034
80.356	0.1997
81.356	0.1957
82.369	0.1917
83.394	0.1875
84.433	0.1835
85.484	0.1797
86.548	0.1761
87.625	0.1728
88.716	0.1698
89.82	0.1668
90.939	0.1639
92.071	0.1610
93.217	0.1582
94.377	0.1556
95.552	0.1534
96.742	0.1517
97.946	0.1504
99.165	0.1494
100.4	0.1486
101.65	0.1479
102.915	0.1473
104.196	0.1468
105.493	0.1463
106.806	0.1458
108.136	0.1454
109.482	0.1447
110.845	0.1437
112.225	0.1426
113.622	0.1413
115.037	0.1400
116.469	0.1385
117.919	0.1370
119.386	0.1355
120.873	0.1341
122.377	0.1327
123.901	0.1314
125.443	0.1301
127.005	0.1289
128.586	0.1278
130.187	0.1269
131.807	0.1262
133.448	0.1257
135.109	0.1254
136.791	0.1254
138.494	0.1258
140.218	0.1264
141.964	0.1272
143.731	0.1281
145.52	0.1289
147.332	0.1297
149.166	0.1304
151.023	0.1310
152.903	0.1315
154.806	0.1319
156.734	0.1323
158.685	0.1326
160.66	0.1329
162.66	0.1332
164.685	0.1330
166.735	0.1321
168.811	0.1307
170.912	0.1283
173.04	0.1251
175.194	0.1210
177.375	0.1159
179.583	0.1100
181.819	0.1034
184.082	0.0963
186.374	0.0884
188.694	0.0798
191.043	0.0701
193.421	0.0594
195.829	0.0479
198.267	0.0357
200.735	0.0230
203.234	0.0103
205.764	-0.0016
208.325	-0.0129
210.919	-0.0236
213.544	-0.0332
216.203	-0.0418
218.894	-0.0507
221.619	-0.0601
224.378	-0.0699
227.171	-0.0799
229.999	-0.0901
232.862	-0.1003
235.761	-0.1104
238.696	-0.1201
241.668	-0.1296
244.676	-0.1389
247.722	-0.1482
250.806	-0.1576
253.928	-0.1675
257.089	-0.1778
260.29	-0.1883
263.53	-0.1988
266.81	-0.2098
270.132	-0.2190
273.495	-0.2269
276.899	-0.2334
280.346	-0.2388
283.836	-0.2431
287.37	-0.2464
290.947	-0.2488
294.569	-0.2505
298.236	-0.2516
301.949	-0.2522
305.708	-0.2521
309.513	-0.2516
313.366	-0.2505
317.267	-0.2485
321.217	-0.2460
325.216	-0.2429
329.264	-0.2396
333.363	-0.2364
337.513	-0.2333
341.715	-0.2313
345.969	-0.2298
350.276	-0.2291
354.636	-0.2299
359.051	-0.2319
363.521	-0.2342
368.046	-0.2373
372.628	-0.2413
377.266	-0.2469
381.963	-0.2537
386.718	-0.2612
391.532	-0.2682
396.406	-0.2731
401.341	-0.2749
406.337	-0.2744
411.395	-0.2727
416.517	-0.2704
421.702	-0.2675
426.951	-0.2641
432.266	-0.2604
437.648	-0.2565
443.096	-0.2519
448.612	-0.2487
454.196	-0.2461
459.851	-0.2437
465.575	-0.2416
471.371	-0.2394
477.239	-0.2372
483.18	-0.2349
489.195	-0.2324
495.285	-0.2296
501.45	-0.2265
507.693	-0.2232
514.013	-0.2195
520.412	-0.2154
526.89	-0.2108
533.449	-0.2055
540.09	-0.1997
546.814	-0.1933
553.621	-0.1863
560.513	-0.1791
567.49	-0.1716
574.555	-0.1641
581.707	-0.1566
588.949	-0.1490
596.281	-0.1411
603.703	-0.1328
611.219	-0.1235
618.828	-0.1130
626.531	-0.1009
634.331	-0.0875
642.228	-0.0736
650.222	-0.0603
658.317	-0.0492
666.512	-0.0413
674.809	-0.0358
683.21	-0.0314
691.715	-0.0276
700.326	-0.0240
709.044	-0.0206
717.871	-0.0175
726.807	-0.0145
735.855	-0.0117
745.016	-0.0090
754.29	-0.0064
763.68	-0.0039
773.187	-0.0016
782.812	0.0007
792.557	0.0028
802.424	0.0048
812.413	0.0067
822.526	0.0085
832.766	0.0101
843.133	0.0116
853.629	0.0130
864.255	0.0143
875.014	0.0153
885.907	0.0160
896.935	0.0164
908.101	0.0162
919.406	0.0155
930.851	0.0143
942.439	0.0125
954.171	0.0103
966.049	0.0079
978.076	0.0052
990.251	0.0024
1002.579	-0.0004
1015.06	-0.0028
1027.696	-0.0050
1040.489	-0.0067
1053.442	-0.0080
1066.556	-0.0088
1079.833	-0.0092
1093.276	-0.0091
1106.886	-0.0087
1120.665	-0.0079
1134.616	-0.0067
1148.741	-0.0050
1163.041	-0.0027
1177.519	0.0001
1192.178	0.0034
1207.019	0.0071
1222.045	0.0110
1237.258	0.0152
1252.66	0.0196
1268.254	0.0241
1284.042	0.0288
1300.027	0.0336
1316.211	0.0384
1332.596	0.0434
1349.185	0.0486
1365.981	0.0539
1382.985	0.0594
1400.202	0.0652
1417.633	0.0712
1435.28	0.0774
1453.148	0.0838
1471.238	0.0904
1489.553	0.0973
1508.096	0.1043
1526.87	0.1115
1545.877	0.1189
1565.121	0.1263
1584.605	0.1336
1604.332	0.1410
1624.303	0.1485
1644.524	0.1561
1664.996	0.1636
1685.723	0.1710
1706.708	0.1781
1727.955	0.1850
1749.466	0.1915
1771.244	0.1978
1793.294	0.2039
1815.618	0.2099
1838.221	0.2159
1861.104	0.2219
1884.272	0.2280
1907.729	0.2343
1931.478	0.2409
1955.523	0.2478
1979.866	0.2553
2004.513	0.2632
2029.467	0.2716
2054.731	0.2803
2080.31	0.2891
2106.207	0.2978
2132.427	0.3067
2158.973	0.3155
2185.849	0.3246
2213.06	0.3337
2240.61	0.3429
2268.503	0.3522
2296.743	0.3612
2325.334	0.3699
2354.282	0.3783
2383.59	0.3868
2413.262	0.3958
2443.305	0.4053
2473.721	0.4154
2504.515	0.4263
2535.693	0.4380
2567.26	0.4504
2599.219	0.4637
2631.576	0.4777
2664.335	0.4924
2697.503	0.5074
2731.084	0.5225
2765.082	0.5378
2799.504	0.5532
2834.354	0.5687
2869.638	0.5844
2905.362	0.6003
2941.53	0.6165
2978.148	0.6327
3015.222	0.6491
3052.758	0.6654
3090.761	0.6817
3129.237	0.6978
3168.192	0.7139
3207.632	0.7298
3247.563	0.7454
3287.991	0.7607
3328.923	0.7757
3370.364	0.7904
3412.32	0.8049
3454.799	0.8194
3497.807	0.8341
3541.351	0.8489
3585.436	0.8636
3630.07	0.8785
3675.26	0.8934
3721.012	0.9084
3767.334	0.9236
3814.233	0.9393
3861.715	0.9558
3909.789	0.9730
3958.46	0.9905
4007.738	1.0079
4057.63	1.0252
4108.142	1.0423
4159.283	1.0592
4211.061	1.0759
4263.483	1.0925
4316.559	1.1089
4370.294	1.1250
4424.699	1.1409
4479.781	1.1569
4535.548	1.1731
4592.01	1.1894
4649.175	1.2057
4707.051	1.2220
4765.648	1.2382
4824.975	1.2539
4885.039	1.2691
4945.852	1.2837
5007.421	1.2973
5069.757	1.3096
5132.87	1.3206
5196.768	1.3302
5261.46	1.3383
5326.959	1.3449
5393.273	1.3500
5460.413	1.3538
5528.388	1.3560
5597.209	1.3566
5666.887	1.3560
5737.433	1.3543
5808.857	1.3520
5881.169	1.3492
5954.383	1.3462
6028.507	1.3430
6103.555	1.3399
6179.536	1.3369
6256.464	1.3341
6334.349	1.3316
6413.204	1.3293
6493.04	1.3272
6573.87	1.3255
6655.706	1.3240
6738.562	1.3229
6822.448	1.3221
6907.379	1.3214
6993.367	1.3208
7080.426	1.3204
7168.568	1.3199
7257.808	1.3194
7348.158	1.3183
7439.633	1.3166
7532.248	1.3135
7626.015	1.3084
7720.949	1.3012
7817.065	1.2922
7914.377	1.2817
8012.901	1.2700
8112.652	1.2572
8213.645	1.2431
8315.894	1.2280
8419.416	1.2121
8524.228	1.1957
8630.343	1.1787
8737.78	1.1614
8846.555	1.1441
8956.683	1.1270
9068.182	1.1099
9181.069	1.0933
9295.362	1.0771
9411.078	1.0613
9528.233	1.0456
9646.849	1.0295
9766.939	1.0129
9888.525	0.9953
10011.625	0.9767
10136.257	0.9568
10262.44	0.9355
10390.195	0.9126
10519.54	0.8883
10650.495	0.8625
10783.08	0.8354
10917.316	0.8076
11053.223	0.7790
11190.821	0.7499
11330.133	0.7205
11471.179	0.6906
11613.98	0.6604
11758.561	0.6301
11904.939	0.6003
12053.141	0.5712
12203.188	0.5434
12355.102	0.5187
12508.907	0.4974
12664.627	0.4789
12822.286	0.4629
12981.907	0.4491
13143.516	0.4367
13307.136	0.4248
13472.793	0.4133
13640.512	0.4020
13810.319	0.3907
13982.24	0.3794
14156.302	0.3681
14332.529	0.3569
14510.951	0.3456
14691.595	0.3339
14874.486	0.3218
15059.655	0.3092
15247.129	0.2961
15436.937	0.2823
15629.106	0.2675
15823.669	0.2521
16020.654	0.2354
16220.091	0.2181
16422.01	0.2006
16626.443	0.1828
16833.422	0.1650
17042.977	0.1471
17255.141	0.1303
17469.945	0.1145
17687.424	0.1005
17907.609	0.1001
18130.537	0.0995
18356.24	0.0988
18584.752	0.0976
18816.107	0.0957
19050.346	0.0934
19287.498	0.0907
19527.604	0.0874
19770.697	0.0826
20016.816	0.0765
