Sens Factor =-1.124dB, SERNO: 5747.tx
"Auto-generated 90-degree calibration file"
10.054	-4.2885
10.179	-4.1262
10.306	-3.9671
10.434	-3.8112
10.564	-3.6584
10.696	-3.5088
10.829	-3.3623
10.964	-3.2189
11.100	-3.0784
11.238	-2.9410
11.378	-2.8065
11.520	-2.6750
11.663	-2.5464
11.809	-2.4206
11.956	-2.2977
12.104	-2.1776
12.255	-2.0603
12.408	-1.9457
12.562	-1.8338
12.718	-1.7246
12.877	-1.6180
13.037	-1.5140
13.199	-1.4126
13.364	-1.3138
13.530	-1.2175
13.698	-1.1236
13.869	-1.0322
14.042	-0.9433
14.216	-0.8567
14.393	-0.7724
14.573	-0.6905
14.754	-0.6109
14.938	-0.5335
15.124	-0.4584
15.312	-0.3855
15.503	-0.3147
15.696	-0.2460
15.891	-0.1794
16.089	-0.1149
16.289	-0.0525
16.492	0.0080
16.697	0.0665
16.905	0.1231
17.115	0.1778
17.328	0.2306
17.544	0.2815
17.763	0.3307
17.984	0.3781
18.208	0.4237
18.434	0.4676
18.664	0.5099
18.896	0.5505
19.131	0.5895
19.369	0.6269
19.611	0.6628
19.855	0.6972
20.102	0.7301
20.352	0.7615
20.605	0.7915
20.862	0.8201
21.122	0.8474
21.385	0.8733
21.651	0.8980
21.920	0.9214
22.193	0.9436
22.470	0.9645
22.749	0.9844
23.032	1.0031
23.319	1.0207
23.609	1.0372
23.903	1.0527
24.201	1.0672
24.502	1.0807
24.807	1.0933
25.116	1.1050
25.429	1.1158
25.745	1.1258
26.066	1.1350
26.390	1.1434
26.719	1.1511
27.051	1.1581
27.388	1.1643
27.729	1.1700
28.074	1.1750
28.424	1.1794
28.778	1.1833
29.136	1.1867
29.499	1.1896
29.866	1.1921
30.238	1.1941
30.614	1.1957
30.995	1.1970
31.381	1.1980
31.772	1.1986
32.167	1.1991
32.568	1.1992
32.973	1.1992
33.383	1.1991
33.799	1.1988
34.220	1.1984
34.646	1.1979
35.077	1.1974
35.514	1.1968
35.956	1.1958
36.403	1.1949
36.857	1.1945
37.315	1.1950
37.780	1.1965
38.250	1.1991
38.726	1.2026
39.209	1.2069
39.697	1.2116
40.191	1.2165
40.691	1.2216
41.198	1.2270
41.711	1.2326
42.230	1.2388
42.756	1.2454
43.288	1.2523
43.827	1.2592
44.372	1.2656
44.925	1.2716
45.484	1.2770
46.050	1.2821
46.623	1.2868
47.204	1.2912
47.791	1.2951
48.386	1.2983
48.989	1.3009
49.599	1.3030
50.216	1.3045
50.841	1.3059
51.474	1.3072
52.115	1.3089
52.764	1.3111
53.420	1.3145
54.085	1.3194
54.759	1.3265
55.440	1.3361
56.131	1.3484
56.829	1.3631
57.537	1.3797
58.253	1.3977
58.978	1.4164
59.712	1.4351
60.456	1.4535
61.208	1.4714
61.970	1.4884
62.742	1.5045
63.523	1.5196
64.314	1.5335
65.114	1.5465
65.925	1.5584
66.745	1.5694
67.576	1.5792
68.418	1.5878
69.269	1.5948
70.132	1.5999
71.005	1.6033
71.889	1.6051
72.784	1.6058
73.690	1.6059
74.607	1.6057
75.536	1.6054
76.476	1.6051
77.428	1.6049
78.392	1.6050
79.368	1.6057
80.356	1.6070
81.356	1.6091
82.369	1.6123
83.394	1.6167
84.433	1.6218
85.484	1.6275
86.548	1.6332
87.625	1.6386
88.716	1.6431
89.820	1.6462
90.939	1.6470
92.071	1.6452
93.217	1.6407
94.377	1.6337
95.552	1.6247
96.742	1.6143
97.946	1.6031
99.165	1.5916
100.400	1.5800
101.650	1.5683
102.915	1.5563
104.196	1.5438
105.493	1.5307
106.806	1.5166
108.136	1.5019
109.482	1.4876
110.845	1.4741
112.225	1.4613
113.622	1.4493
115.037	1.4383
116.469	1.4282
117.919	1.4188
119.386	1.4101
120.873	1.4016
122.377	1.3930
123.901	1.3840
125.443	1.3746
127.005	1.3647
128.586	1.3540
130.187	1.3427
131.807	1.3306
133.448	1.3180
135.109	1.3046
136.791	1.2900
138.494	1.2742
140.218	1.2574
141.964	1.2398
143.731	1.2215
145.520	1.2027
147.332	1.1837
149.166	1.1646
151.023	1.1457
152.903	1.1270
154.806	1.1086
156.734	1.0903
158.685	1.0722
160.660	1.0541
162.660	1.0353
164.685	1.0164
166.735	0.9977
168.811	0.9794
170.912	0.9620
173.040	0.9457
175.194	0.9308
177.375	0.9176
179.583	0.9054
181.819	0.8930
184.082	0.8800
186.374	0.8666
188.694	0.8526
191.043	0.8382
193.421	0.8235
195.829	0.8087
198.267	0.7940
200.735	0.7797
203.234	0.7660
205.764	0.7531
208.325	0.7409
210.919	0.7292
213.544	0.7178
216.203	0.7064
218.894	0.6959
221.619	0.6860
224.378	0.6767
227.171	0.6682
229.999	0.6603
232.862	0.6527
235.761	0.6455
238.696	0.6385
241.668	0.6317
244.676	0.6247
247.722	0.6172
250.806	0.6091
253.928	0.6000
257.089	0.5898
260.290	0.5785
263.530	0.5660
266.810	0.5526
270.132	0.5389
273.495	0.5248
276.899	0.5105
280.346	0.4960
283.836	0.4813
287.370	0.4666
290.947	0.4519
294.569	0.4371
298.236	0.4223
301.949	0.4079
305.708	0.3936
309.513	0.3792
313.366	0.3648
317.267	0.3503
321.217	0.3359
325.216	0.3217
329.264	0.3081
333.363	0.2953
337.513	0.2836
341.715	0.2731
345.969	0.2638
350.276	0.2552
354.636	0.2473
359.051	0.2394
363.521	0.2303
368.046	0.2194
372.628	0.2067
377.266	0.1924
381.963	0.1771
386.718	0.1617
391.532	0.1469
396.406	0.1327
401.341	0.1185
406.337	0.1037
411.395	0.0889
416.517	0.0752
421.702	0.0634
426.951	0.0538
432.266	0.0463
437.648	0.0405
443.096	0.0363
448.612	0.0334
454.196	0.0311
459.851	0.0290
465.575	0.0271
471.371	0.0250
477.239	0.0228
483.180	0.0206
489.195	0.0185
495.285	0.0167
501.450	0.0154
507.693	0.0147
514.013	0.0147
520.412	0.0154
526.890	0.0167
533.449	0.0184
540.090	0.0200
546.814	0.0212
553.621	0.0212
560.513	0.0200
567.490	0.0173
574.555	0.0132
581.707	0.0082
588.949	0.0030
596.281	-0.0018
603.703	-0.0057
611.219	-0.0081
618.828	-0.0088
626.531	-0.0081
634.331	-0.0065
642.228	-0.0048
650.222	-0.0037
658.317	-0.0031
666.512	-0.0023
674.809	-0.0007
683.210	0.0014
691.715	0.0032
700.326	0.0042
709.044	0.0043
717.871	0.0037
726.807	0.0025
735.855	0.0009
745.016	-0.0009
754.290	-0.0029
763.680	-0.0051
773.187	-0.0078
782.812	-0.0103
792.557	-0.0129
802.424	-0.0154
812.413	-0.0178
822.526	-0.0205
832.766	-0.0230
843.133	-0.0252
853.629	-0.0271
864.255	-0.0287
875.014	-0.0296
885.907	-0.0300
896.935	-0.0296
908.101	-0.0285
919.406	-0.0265
930.851	-0.0236
942.439	-0.0201
954.171	-0.0159
966.049	-0.0115
978.076	-0.0070
990.251	-0.0027
1002.579	0.0010
1015.060	0.0037
1027.696	0.0052
1040.489	0.0057
1053.442	0.0055
1066.556	0.0044
1079.833	0.0027
1093.276	0.0004
1106.886	-0.0024
1120.665	-0.0055
1134.616	-0.0089
1148.741	-0.0122
1163.041	-0.0157
1177.519	-0.0193
1192.178	-0.0227
1207.019	-0.0262
1222.045	-0.0298
1237.258	-0.0332
1252.660	-0.0362
1268.254	-0.0390
1284.042	-0.0413
1300.027	-0.0433
1316.211	-0.0448
1332.596	-0.0462
1349.185	-0.0472
1365.981	-0.0486
1382.985	-0.0499
1400.202	-0.0512
1417.633	-0.0526
1435.280	-0.0540
1453.148	-0.0559
1471.238	-0.0578
1489.553	-0.0599
1508.096	-0.0621
1526.870	-0.0643
1545.877	-0.0661
1565.121	-0.0678
1584.605	-0.0692
1604.332	-0.0701
1624.303	-0.0707
1644.524	-0.0707
1664.996	-0.0696
1685.723	-0.0671
1706.708	-0.0631
1727.955	-0.0584
1749.466	-0.0526
1771.244	-0.0458
1793.294	-0.0382
1815.618	-0.0299
1838.221	-0.0207
1861.104	-0.0113
1884.272	-0.0016
1907.729	0.0079
1931.478	0.0164
1955.523	0.0242
1979.866	0.0314
2004.513	0.0379
2029.467	0.0441
2054.731	0.0499
2080.310	0.0557
2106.207	0.0617
2132.427	0.0683
2158.973	0.0753
2185.849	0.0832
2213.060	0.0919
2240.610	0.1017
2268.503	0.1125
2296.743	0.1244
2325.334	0.1369
2354.282	0.1489
2383.590	0.1596
2413.262	0.1692
2443.305	0.1776
2473.721	0.1852
2504.515	0.1921
2535.693	0.1983
2567.260	0.2035
2599.219	0.2076
2631.576	0.2108
2664.335	0.2132
2697.503	0.2150
2731.084	0.2166
2765.082	0.2182
2799.504	0.2197
2834.354	0.2213
2869.638	0.2230
2905.362	0.2242
2941.530	0.2256
2978.148	0.2273
3015.222	0.2292
3052.758	0.2315
3090.761	0.2341
3129.237	0.2371
3168.192	0.2408
3207.632	0.2453
3247.563	0.2505
3287.991	0.2563
3328.923	0.2633
3370.364	0.2712
3412.320	0.2799
3454.799	0.2893
3497.807	0.2990
3541.351	0.3090
3585.436	0.3188
3630.070	0.3281
3675.260	0.3369
3721.012	0.3451
3767.334	0.3527
3814.233	0.3597
3861.715	0.3661
3909.789	0.3727
3958.460	0.3801
4007.738	0.3880
4057.630	0.3963
4108.142	0.4043
4159.283	0.4126
4211.061	0.4213
4263.483	0.4307
4316.559	0.4409
4370.294	0.4520
4424.699	0.4638
4479.781	0.4763
4535.548	0.4891
4592.010	0.5017
4649.175	0.5139
4707.051	0.5258
4765.648	0.5371
4824.975	0.5477
4885.039	0.5561
4945.852	0.5633
5007.421	0.5695
5069.757	0.5745
5132.870	0.5778
5196.768	0.5782
5261.460	0.5768
5326.959	0.5733
5393.273	0.5679
5460.413	0.5604
5528.388	0.5510
5597.209	0.5397
5666.887	0.5267
5737.433	0.5124
5808.857	0.4968
5881.169	0.4798
5954.383	0.4613
6028.507	0.4416
6103.555	0.4207
6179.536	0.3989
6256.464	0.3762
6334.349	0.3528
6413.204	0.3290
6493.040	0.3050
6573.870	0.2806
6655.706	0.2559
6738.562	0.2308
6822.448	0.2049
6907.379	0.1781
6993.367	0.1501
7080.426	0.1204
7168.568	0.0893
7257.808	0.0566
7348.158	0.0233
7439.633	-0.0112
7532.248	-0.0468
7626.015	-0.0836
7720.949	-0.1209
7817.065	-0.1593
7914.377	-0.1993
8012.901	-0.2412
8112.652	-0.2850
8213.645	-0.3296
8315.894	-0.3761
8419.416	-0.4242
8524.228	-0.4734
8630.343	-0.5236
8737.780	-0.5742
8846.555	-0.6255
8956.683	-0.6777
9068.182	-0.7307
9181.069	-0.7847
9295.362	-0.8397
9411.078	-0.8961
9528.233	-0.9542
9646.849	-1.0142
9766.939	-1.0766
9888.525	-1.1413
10011.625	-1.2080
10136.257	-1.2771
10262.440	-1.3483
10390.195	-1.4207
10519.540	-1.4955
10650.495	-1.5725
10783.080	-1.6516
10917.316	-1.7325
11053.223	-1.8149
11190.821	-1.8992
11330.133	-1.9854
11471.179	-2.0737
11613.980	-2.1638
11758.561	-2.2562
11904.939	-2.3506
12053.141	-2.4470
12203.188	-2.5446
12355.102	-2.6430
12508.907	-2.7425
12664.627	-2.8430
12822.286	-2.9440
12981.907	-3.0452
13143.516	-3.1466
13307.136	-3.2486
13472.793	-3.3512
13640.512	-3.4539
13810.319	-3.5565
13982.240	-3.6592
14156.302	-3.7629
14332.529	-3.8672
14510.951	-3.9722
14691.595	-4.0772
14874.486	-4.1830
15059.655	-4.2896
15247.129	-4.3968
15436.937	-4.5042
15629.106	-4.6115
15823.669	-4.7189
16020.654	-4.8264
16220.091	-4.9340
16422.010	-5.0410
16626.443	-5.1473
16833.422	-5.2529
17042.977	-5.3576
17255.141	-5.4607
17469.945	-5.5616
17687.424	-5.6603
17907.609	-5.7487
18130.537	-5.8381
18356.240	-5.9281
18584.752	-6.0185
18816.107	-6.1095
19050.346	-6.2007
19287.498	-6.2916
19527.604	-6.3825
19770.697	-6.4732
20016.816	-6.5641
