Sens Factor =-.3326dB, SERNO: 7007182
"Auto-generated 90-degree calibration file"
10.054	-5.8483
10.179	-5.6771
10.306	-5.5091
10.434	-5.3443
10.564	-5.1827
10.696	-5.0241
10.829	-4.8687
10.964	-4.7163
11.100	-4.5670
11.238	-4.4207
11.378	-4.2773
11.520	-4.1369
11.663	-3.9993
11.809	-3.8646
11.956	-3.7328
12.104	-3.6038
12.255	-3.4776
12.408	-3.3540
12.562	-3.2333
12.718	-3.1152
12.877	-2.9996
13.037	-2.8868
13.199	-2.7765
13.364	-2.6687
13.530	-2.5635
13.698	-2.4608
13.869	-2.3605
14.042	-2.2626
14.216	-2.1671
14.393	-2.0740
14.573	-1.9831
14.754	-1.8946
14.938	-1.8083
15.124	-1.7243
15.312	-1.6424
15.503	-1.5627
15.696	-1.4852
15.891	-1.4097
16.089	-1.3363
16.289	-1.2649
16.492	-1.1955
16.697	-1.1281
16.905	-1.0626
17.115	-0.9991
17.328	-0.9374
17.544	-0.8775
17.763	-0.8194
17.984	-0.7631
18.208	-0.7086
18.434	-0.6558
18.664	-0.6046
18.896	-0.5551
19.131	-0.5072
19.369	-0.4608
19.611	-0.4160
19.855	-0.3728
20.102	-0.3310
20.352	-0.2907
20.605	-0.2517
20.862	-0.2142
21.122	-0.1780
21.385	-0.1432
21.651	-0.1096
21.920	-0.0773
22.193	-0.0462
22.470	-0.0163
22.749	0.0124
23.032	0.0400
23.319	0.0665
23.609	0.0919
23.903	0.1163
24.201	0.1398
24.502	0.1622
24.807	0.1837
25.116	0.2043
25.429	0.2240
25.745	0.2429
26.066	0.2610
26.390	0.2783
26.719	0.2949
27.051	0.3108
27.388	0.3260
27.729	0.3405
28.074	0.3544
28.424	0.3678
28.778	0.3806
29.136	0.3929
29.499	0.4047
29.866	0.4160
30.238	0.4270
30.614	0.4375
30.995	0.4477
31.381	0.4576
31.772	0.4672
32.167	0.4765
32.568	0.4856
32.973	0.4945
33.383	0.5032
33.799	0.5118
34.220	0.5203
34.646	0.5288
35.077	0.5372
35.514	0.5471
35.956	0.5563
36.403	0.5647
36.857	0.5723
37.315	0.5793
37.780	0.5858
38.250	0.5921
38.726	0.5985
39.209	0.6053
39.697	0.6127
40.191	0.6208
40.691	0.6297
41.198	0.6392
41.711	0.6490
42.230	0.6588
42.756	0.6680
43.288	0.6767
43.827	0.6846
44.372	0.6921
44.925	0.6992
45.484	0.7062
46.050	0.7133
46.623	0.7207
47.204	0.7285
47.791	0.7373
48.386	0.7476
48.989	0.7597
49.599	0.7736
50.216	0.7888
50.841	0.8048
51.474	0.8210
52.115	0.8371
52.764	0.8528
53.420	0.8677
54.085	0.8816
54.759	0.8943
55.440	0.9059
56.131	0.9163
56.829	0.9258
57.537	0.9344
58.253	0.9423
58.978	0.9496
59.712	0.9564
60.456	0.9629
61.208	0.9689
61.970	0.9746
62.742	0.9799
63.523	0.9846
64.314	0.9888
65.114	0.9922
65.925	0.9947
66.745	0.9961
67.576	0.9965
68.418	0.9962
69.269	0.9955
70.132	0.9950
71.005	0.9951
71.889	0.9959
72.784	0.9973
73.690	0.9991
74.607	1.0008
75.536	1.0021
76.476	1.0024
77.428	1.0014
78.392	0.9986
79.368	0.9937
80.356	0.9863
81.356	0.9765
82.369	0.9646
83.394	0.9517
84.433	0.9385
85.484	0.9256
86.548	0.9136
87.625	0.9025
88.716	0.8924
89.820	0.8833
90.939	0.8753
92.071	0.8682
93.217	0.8620
94.377	0.8567
95.552	0.8522
96.742	0.8485
97.946	0.8456
99.165	0.8435
100.400	0.8419
101.650	0.8406
102.915	0.8397
104.196	0.8387
105.493	0.8376
106.806	0.8360
108.136	0.8337
109.482	0.8307
110.845	0.8271
112.225	0.8226
113.622	0.8176
115.037	0.8122
116.469	0.8065
117.919	0.8005
119.386	0.7941
120.873	0.7874
122.377	0.7805
123.901	0.7735
125.443	0.7666
127.005	0.7598
128.586	0.7534
130.187	0.7472
131.807	0.7415
133.448	0.7360
135.109	0.7308
136.791	0.7257
138.494	0.7206
140.218	0.7154
141.964	0.7103
143.731	0.7051
145.520	0.7001
147.332	0.6953
149.166	0.6908
151.023	0.6864
152.903	0.6820
154.806	0.6775
156.734	0.6729
158.685	0.6681
160.660	0.6631
162.660	0.6581
164.685	0.6531
166.735	0.6481
168.811	0.6430
170.912	0.6380
173.040	0.6332
175.194	0.6286
177.375	0.6243
179.583	0.6204
181.819	0.6171
184.082	0.6143
186.374	0.6118
188.694	0.6096
191.043	0.6073
193.421	0.6050
195.829	0.6026
198.267	0.6002
200.735	0.5977
203.234	0.5949
205.764	0.5916
208.325	0.5876
210.919	0.5828
213.544	0.5773
216.203	0.5712
218.894	0.5642
221.619	0.5561
224.378	0.5469
227.171	0.5369
229.999	0.5260
232.862	0.5141
235.761	0.5012
238.696	0.4872
241.668	0.4722
244.676	0.4563
247.722	0.4398
250.806	0.4229
253.928	0.4059
257.089	0.3892
260.290	0.3729
263.530	0.3572
266.810	0.3422
270.132	0.3277
273.495	0.3140
276.899	0.3010
280.346	0.2889
283.836	0.2778
287.370	0.2675
290.947	0.2581
294.569	0.2495
298.236	0.2414
301.949	0.2337
305.708	0.2262
309.513	0.2190
313.366	0.2117
317.267	0.2042
321.217	0.1965
325.216	0.1887
329.264	0.1810
333.363	0.1734
337.513	0.1663
341.715	0.1597
345.969	0.1541
350.276	0.1492
354.636	0.1451
359.051	0.1416
363.521	0.1388
368.046	0.1371
372.628	0.1366
377.266	0.1369
381.963	0.1379
386.718	0.1391
391.532	0.1399
396.406	0.1391
401.341	0.1364
406.337	0.1331
411.395	0.1308
416.517	0.1298
421.702	0.1296
426.951	0.1302
432.266	0.1311
437.648	0.1323
443.096	0.1333
448.612	0.1340
454.196	0.1343
459.851	0.1341
465.575	0.1333
471.371	0.1317
477.239	0.1294
483.180	0.1265
489.195	0.1229
495.285	0.1189
501.450	0.1147
507.693	0.1102
514.013	0.1057
520.412	0.1013
526.890	0.0969
533.449	0.0927
540.090	0.0885
546.814	0.0841
553.621	0.0796
560.513	0.0747
567.490	0.0696
574.555	0.0640
581.707	0.0582
588.949	0.0523
596.281	0.0462
603.703	0.0401
611.219	0.0339
618.828	0.0275
626.531	0.0210
634.331	0.0147
642.228	0.0092
650.222	0.0050
658.317	0.0034
666.512	0.0047
674.809	0.0072
683.210	0.0094
691.715	0.0108
700.326	0.0114
709.044	0.0116
717.871	0.0113
726.807	0.0107
735.855	0.0098
745.016	0.0087
754.290	0.0075
763.680	0.0060
773.187	0.0040
782.812	0.0021
792.557	0.0001
802.424	-0.0018
812.413	-0.0036
822.526	-0.0057
832.766	-0.0077
843.133	-0.0095
853.629	-0.0113
864.255	-0.0130
875.014	-0.0145
885.907	-0.0157
896.935	-0.0166
908.101	-0.0174
919.406	-0.0179
930.851	-0.0180
942.439	-0.0180
954.171	-0.0177
966.049	-0.0173
978.076	-0.0170
990.251	-0.0166
1002.579	-0.0162
1015.060	-0.0158
1027.696	-0.0156
1040.489	-0.0154
1053.442	-0.0149
1066.556	-0.0145
1079.833	-0.0140
1093.276	-0.0135
1106.886	-0.0131
1120.665	-0.0128
1134.616	-0.0126
1148.741	-0.0124
1163.041	-0.0123
1177.519	-0.0125
1192.178	-0.0127
1207.019	-0.0131
1222.045	-0.0139
1237.258	-0.0148
1252.660	-0.0156
1268.254	-0.0165
1284.042	-0.0172
1300.027	-0.0180
1316.211	-0.0186
1332.596	-0.0192
1349.185	-0.0198
1365.981	-0.0208
1382.985	-0.0219
1400.202	-0.0230
1417.633	-0.0241
1435.280	-0.0252
1453.148	-0.0265
1471.238	-0.0277
1489.553	-0.0287
1508.096	-0.0296
1526.870	-0.0303
1545.877	-0.0307
1565.121	-0.0308
1584.605	-0.0308
1604.332	-0.0305
1624.303	-0.0302
1644.524	-0.0296
1664.996	-0.0289
1685.723	-0.0279
1706.708	-0.0269
1727.955	-0.0262
1749.466	-0.0256
1771.244	-0.0247
1793.294	-0.0236
1815.618	-0.0222
1838.221	-0.0203
1861.104	-0.0181
1884.272	-0.0155
1907.729	-0.0125
1931.478	-0.0098
1955.523	-0.0070
1979.866	-0.0040
2004.513	-0.0005
2029.467	0.0032
2054.731	0.0073
2080.310	0.0116
2106.207	0.0162
2132.427	0.0212
2158.973	0.0263
2185.849	0.0317
2213.060	0.0374
2240.610	0.0436
2268.503	0.0501
2296.743	0.0571
2325.334	0.0646
2354.282	0.0722
2383.590	0.0803
2413.262	0.0887
2443.305	0.0971
2473.721	0.1056
2504.515	0.1142
2535.693	0.1231
2567.260	0.1318
2599.219	0.1404
2631.576	0.1489
2664.335	0.1576
2697.503	0.1664
2731.084	0.1757
2765.082	0.1853
2799.504	0.1952
2834.354	0.2053
2869.638	0.2157
2905.362	0.2255
2941.530	0.2354
2978.148	0.2455
3015.222	0.2556
3052.758	0.2658
3090.761	0.2758
3129.237	0.2859
3168.192	0.2961
3207.632	0.3064
3247.563	0.3164
3287.991	0.3262
3328.923	0.3361
3370.364	0.3461
3412.320	0.3563
3454.799	0.3665
3497.807	0.3767
3541.351	0.3869
3585.436	0.3969
3630.070	0.4068
3675.260	0.4168
3721.012	0.4267
3767.334	0.4369
3814.233	0.4472
3861.715	0.4576
3909.789	0.4682
3958.460	0.4787
4007.738	0.4893
4057.630	0.4999
4108.142	0.5100
4159.283	0.5202
4211.061	0.5305
4263.483	0.5408
4316.559	0.5513
4370.294	0.5620
4424.699	0.5728
4479.781	0.5835
4535.548	0.5940
4592.010	0.6039
4649.175	0.6132
4707.051	0.6222
4765.648	0.6305
4824.975	0.6383
4885.039	0.6439
4945.852	0.6484
5007.421	0.6520
5069.757	0.6544
5132.870	0.6554
5196.768	0.6540
5261.460	0.6511
5326.959	0.6467
5393.273	0.6409
5460.413	0.6334
5528.388	0.6244
5597.209	0.6138
5666.887	0.6018
5737.433	0.5888
5808.857	0.5750
5881.169	0.5603
5954.383	0.5447
6028.507	0.5282
6103.555	0.5109
6179.536	0.4927
6256.464	0.4737
6334.349	0.4540
6413.204	0.4334
6493.040	0.4120
6573.870	0.3896
6655.706	0.3663
6738.562	0.3419
6822.448	0.3164
6907.379	0.2900
6993.367	0.2623
7080.426	0.2333
7168.568	0.2031
7257.808	0.1716
7348.158	0.1397
7439.633	0.1062
7532.248	0.0712
7626.015	0.0343
7720.949	-0.0033
7817.065	-0.0419
7914.377	-0.0818
8012.901	-0.1231
8112.652	-0.1660
8213.645	-0.2091
8315.894	-0.2535
8419.416	-0.2989
8524.228	-0.3454
8630.343	-0.3928
8737.780	-0.4408
8846.555	-0.4895
8956.683	-0.5392
9068.182	-0.5898
9181.069	-0.6413
9295.362	-0.6938
9411.078	-0.7475
9528.233	-0.8027
9646.849	-0.8594
9766.939	-0.9186
9888.525	-0.9800
10011.625	-1.0433
10136.257	-1.1089
10262.440	-1.1768
10390.195	-1.2458
10519.540	-1.3174
10650.495	-1.3917
10783.080	-1.4686
10917.316	-1.5476
11053.223	-1.6286
11190.821	-1.7116
11330.133	-1.7967
11471.179	-1.8839
11613.980	-1.9727
11758.561	-2.0638
11904.939	-2.1573
12053.141	-2.2528
12203.188	-2.3505
12355.102	-2.4499
12508.907	-2.5513
12664.627	-2.6544
12822.286	-2.7593
12981.907	-2.8658
13143.516	-2.9738
13307.136	-3.0835
13472.793	-3.1949
13640.512	-3.3078
13810.319	-3.4214
13982.240	-3.5364
14156.302	-3.6529
14332.529	-3.7708
14510.951	-3.8898
14691.595	-4.0095
14874.486	-4.1306
15059.655	-4.2530
15247.129	-4.3766
15436.937	-4.5009
15629.106	-4.6258
15823.669	-4.7515
16020.654	-4.8782
16220.091	-5.0056
16422.010	-5.1333
16626.443	-5.2612
16833.422	-5.3895
17042.977	-5.5177
17255.141	-5.6455
17469.945	-5.7719
17687.424	-5.8959
17907.609	-5.9953
18130.537	-6.0960
18356.240	-6.1976
18584.752	-6.3004
18816.107	-6.4047
19050.346	-6.5104
19287.498	-6.6172
19527.604	-6.7250
19770.697	-6.8338
20016.816	-6.9435
