Sens Factor =-.2888dB, SERNO: 7007106
10.054	-5.6814
10.179	-5.5083
10.306	-5.3384
10.434	-5.1717
10.564	-5.0081
10.696	-4.8476
10.829	-4.6903
10.964	-4.5360
11.1	-4.3848
11.238	-4.2365
11.378	-4.0912
11.52	-3.9488
11.663	-3.8094
11.809	-3.6728
11.956	-3.5390
12.104	-3.4081
12.255	-3.2799
12.408	-3.1545
12.562	-3.0318
12.718	-2.9118
12.877	-2.7943
13.037	-2.6796
13.199	-2.5674
13.364	-2.4576
13.53	-2.3505
13.698	-2.2459
13.869	-2.1436
14.042	-2.0438
14.216	-1.9464
14.393	-1.8514
14.573	-1.7586
14.754	-1.6682
14.938	-1.5799
15.124	-1.4940
15.312	-1.4102
15.503	-1.3286
15.696	-1.2491
15.891	-1.1717
16.089	-1.0964
16.289	-1.0231
16.492	-0.9518
16.697	-0.8825
16.905	-0.8151
17.115	-0.7496
17.328	-0.6860
17.544	-0.6241
17.763	-0.5641
17.984	-0.5059
18.208	-0.4494
18.434	-0.3947
18.664	-0.3416
18.896	-0.2902
19.131	-0.2404
19.369	-0.1921
19.611	-0.1454
19.855	-0.1002
20.102	-0.0565
20.352	-0.0142
20.605	0.0266
20.862	0.0661
21.122	0.1042
21.385	0.1409
21.651	0.1764
21.92	0.2106
22.193	0.2436
22.47	0.2755
22.749	0.3061
23.032	0.3356
23.319	0.3640
23.609	0.3914
23.903	0.4177
24.201	0.4431
24.502	0.4674
24.807	0.4908
25.116	0.5134
25.429	0.5350
25.745	0.5558
26.066	0.5759
26.39	0.5951
26.719	0.6136
27.051	0.6314
27.388	0.6485
27.729	0.6650
28.074	0.6808
28.424	0.6961
28.778	0.7108
29.136	0.7250
29.499	0.7387
29.866	0.7520
30.238	0.7649
30.614	0.7773
30.995	0.7894
31.381	0.8012
31.772	0.8127
32.167	0.8240
32.568	0.8350
32.973	0.8458
33.383	0.8565
33.799	0.8670
34.22	0.8774
34.646	0.8878
35.077	0.8981
35.514	0.9082
35.956	0.9185
36.403	0.9289
36.857	0.9394
37.315	0.9498
37.78	0.9603
38.25	0.9708
38.726	0.9817
39.209	0.9932
39.697	1.0057
40.191	1.0194
40.691	1.0344
41.198	1.0505
41.711	1.0669
42.23	1.0828
42.756	1.0971
43.288	1.1094
43.827	1.1194
44.372	1.1274
44.925	1.1339
45.484	1.1394
46.05	1.1440
46.623	1.1478
47.204	1.1511
47.791	1.1541
48.386	1.1572
48.989	1.1607
49.599	1.1646
50.216	1.1691
50.841	1.1741
51.474	1.1797
52.115	1.1856
52.764	1.1921
53.42	1.1991
54.085	1.2065
54.759	1.2141
55.44	1.2215
56.131	1.2282
56.829	1.2338
57.537	1.2381
58.253	1.2410
58.978	1.2427
59.712	1.2433
60.456	1.2430
61.208	1.2418
61.97	1.2398
62.742	1.2368
63.523	1.2328
64.314	1.2276
65.114	1.2209
65.925	1.2125
66.745	1.2021
67.576	1.1897
68.418	1.1756
69.269	1.1604
70.132	1.1452
71.005	1.1310
71.889	1.1184
72.784	1.1076
73.69	1.0982
74.607	1.0900
75.536	1.0826
76.476	1.0757
77.428	1.0694
78.392	1.0634
79.368	1.0576
80.356	1.0515
81.356	1.0448
82.369	1.0374
83.394	1.0293
84.433	1.0205
85.484	1.0112
86.548	1.0017
87.625	0.9920
88.716	0.9825
89.82	0.9731
90.939	0.9640
92.071	0.9551
93.217	0.9464
94.377	0.9377
95.552	0.9290
96.742	0.9203
97.946	0.9114
99.165	0.9024
100.4	0.8933
101.65	0.8844
102.915	0.8757
104.196	0.8672
105.493	0.8589
106.806	0.8509
108.136	0.8429
109.482	0.8352
110.845	0.8275
112.225	0.8200
113.622	0.8127
115.037	0.8055
116.469	0.7985
117.919	0.7915
119.386	0.7847
120.873	0.7780
122.377	0.7713
123.901	0.7647
125.443	0.7580
127.005	0.7512
128.586	0.7443
130.187	0.7371
131.807	0.7298
133.448	0.7223
135.109	0.7148
136.791	0.7073
138.494	0.7000
140.218	0.6928
141.964	0.6857
143.731	0.6787
145.52	0.6717
147.332	0.6647
149.166	0.6575
151.023	0.6502
152.903	0.6429
154.806	0.6355
156.734	0.6282
158.685	0.6209
160.66	0.6138
162.66	0.6068
164.685	0.6000
166.735	0.5933
168.811	0.5866
170.912	0.5796
173.04	0.5722
175.194	0.5643
177.375	0.5559
179.583	0.5470
181.819	0.5379
184.082	0.5286
186.374	0.5194
188.694	0.5101
191.043	0.5010
193.421	0.4921
195.829	0.4834
198.267	0.4752
200.735	0.4675
203.234	0.4604
205.764	0.4539
208.325	0.4476
210.919	0.4416
213.544	0.4357
216.203	0.4298
218.894	0.4239
221.619	0.4180
224.378	0.4120
227.171	0.4059
229.999	0.3993
232.862	0.3924
235.761	0.3851
238.696	0.3773
241.668	0.3691
244.676	0.3605
247.722	0.3514
250.806	0.3418
253.928	0.3318
257.089	0.3213
260.29	0.3105
263.53	0.2996
266.81	0.2885
270.132	0.2775
273.495	0.2665
276.899	0.2556
280.346	0.2450
283.836	0.2349
287.37	0.2254
290.947	0.2166
294.569	0.2085
298.236	0.2010
301.949	0.1939
305.708	0.1868
309.513	0.1797
313.366	0.1725
317.267	0.1651
321.217	0.1576
325.216	0.1502
329.264	0.1430
333.363	0.1359
337.513	0.1289
341.715	0.1223
345.969	0.1161
350.276	0.1103
354.636	0.1050
359.051	0.0998
363.521	0.0946
368.046	0.0894
372.628	0.0842
377.266	0.0795
381.963	0.0752
386.718	0.0714
391.532	0.0675
396.406	0.0630
401.341	0.0582
406.337	0.0541
411.395	0.0509
416.517	0.0488
421.702	0.0477
426.951	0.0476
432.266	0.0482
437.648	0.0494
443.096	0.0509
448.612	0.0528
454.196	0.0548
459.851	0.0569
465.575	0.0591
471.371	0.0611
477.239	0.0632
483.18	0.0651
489.195	0.0671
495.285	0.0691
501.45	0.0713
507.693	0.0735
514.013	0.0759
520.412	0.0784
526.89	0.0810
533.449	0.0835
540.09	0.0857
546.814	0.0875
553.621	0.0887
560.513	0.0894
567.49	0.0895
574.555	0.0890
581.707	0.0882
588.949	0.0872
596.281	0.0862
603.703	0.0855
611.219	0.0849
618.828	0.0844
626.531	0.0838
634.331	0.0830
642.228	0.0822
650.222	0.0820
658.317	0.0828
666.512	0.0844
674.809	0.0858
683.21	0.0865
691.715	0.0864
700.326	0.0856
709.044	0.0843
717.871	0.0825
726.807	0.0804
735.855	0.0781
745.016	0.0757
754.29	0.0732
763.68	0.0707
773.187	0.0681
782.812	0.0655
792.557	0.0628
802.424	0.0601
812.413	0.0572
822.526	0.0542
832.766	0.0511
843.133	0.0479
853.629	0.0446
864.255	0.0412
875.014	0.0379
885.907	0.0344
896.935	0.0309
908.101	0.0274
919.406	0.0240
930.851	0.0207
942.439	0.0175
954.171	0.0144
966.049	0.0114
978.076	0.0086
990.251	0.0059
1002.579	0.0035
1015.06	0.0013
1027.696	-0.0006
1040.489	-0.0022
1053.442	-0.0037
1066.556	-0.0049
1079.833	-0.0061
1093.276	-0.0071
1106.886	-0.0080
1120.665	-0.0085
1134.616	-0.0087
1148.741	-0.0085
1163.041	-0.0080
1177.519	-0.0072
1192.178	-0.0062
1207.019	-0.0048
1222.045	-0.0031
1237.258	-0.0011
1252.66	0.0012
1268.254	0.0038
1284.042	0.0068
1300.027	0.0101
1316.211	0.0137
1332.596	0.0175
1349.185	0.0217
1365.981	0.0261
1382.985	0.0308
1400.202	0.0357
1417.633	0.0409
1435.28	0.0464
1453.148	0.0521
1471.238	0.0580
1489.553	0.0642
1508.096	0.0705
1526.87	0.0769
1545.877	0.0833
1565.121	0.0896
1584.605	0.0959
1604.332	0.1022
1624.303	0.1086
1644.524	0.1149
1664.996	0.1212
1685.723	0.1274
1706.708	0.1338
1727.955	0.1401
1749.466	0.1466
1771.244	0.1531
1793.294	0.1598
1815.618	0.1666
1838.221	0.1734
1861.104	0.1804
1884.272	0.1875
1907.729	0.1947
1931.478	0.2020
1955.523	0.2095
1979.866	0.2170
2004.513	0.2246
2029.467	0.2323
2054.731	0.2402
2080.31	0.2483
2106.207	0.2568
2132.427	0.2655
2158.973	0.2747
2185.849	0.2843
2213.06	0.2943
2240.61	0.3048
2268.503	0.3159
2296.743	0.3276
2325.334	0.3399
2354.282	0.3528
2383.59	0.3661
2413.262	0.3798
2443.305	0.3939
2473.721	0.4083
2504.515	0.4231
2535.693	0.4383
2567.26	0.4539
2599.219	0.4696
2631.576	0.4855
2664.335	0.5015
2697.503	0.5175
2731.084	0.5335
2765.082	0.5496
2799.504	0.5658
2834.354	0.5819
2869.638	0.5982
2905.362	0.6145
2941.53	0.6309
2978.148	0.6474
3015.222	0.6640
3052.758	0.6807
3090.761	0.6977
3129.237	0.7148
3168.192	0.7321
3207.632	0.7497
3247.563	0.7676
3287.991	0.7858
3328.923	0.8043
3370.364	0.8232
3412.32	0.8424
3454.799	0.8618
3497.807	0.8813
3541.351	0.9009
3585.436	0.9207
3630.07	0.9405
3675.26	0.9605
3721.012	0.9807
3767.334	1.0010
3814.233	1.0214
3861.715	1.0419
3909.789	1.0625
3958.46	1.0834
4007.738	1.1045
4057.63	1.1259
4108.142	1.1476
4159.283	1.1698
4211.061	1.1922
4263.483	1.2149
4316.559	1.2380
4370.294	1.2614
4424.699	1.2851
4479.781	1.3093
4535.548	1.3336
4592.01	1.3581
4649.175	1.3827
4707.051	1.4072
4765.648	1.4315
4824.975	1.4554
4885.039	1.4788
4945.852	1.5015
5007.421	1.5234
5069.757	1.5444
5132.87	1.5642
5196.768	1.5830
5261.46	1.6006
5326.959	1.6171
5393.273	1.6325
5460.413	1.6467
5528.388	1.6599
5597.209	1.6720
5666.887	1.6833
5737.433	1.6937
5808.857	1.7035
5881.169	1.7126
5954.383	1.7211
6028.507	1.7291
6103.555	1.7367
6179.536	1.7439
6256.464	1.7508
6334.349	1.7574
6413.204	1.7637
6493.04	1.7699
6573.87	1.7757
6655.706	1.7812
6738.562	1.7863
6822.448	1.7908
6907.379	1.7948
6993.367	1.7982
7080.426	1.8009
7168.568	1.8030
7257.808	1.8043
7348.158	1.8047
7439.633	1.8042
7532.248	1.8025
7626.015	1.7999
7720.949	1.7963
7817.065	1.7917
7914.377	1.7862
8012.901	1.7798
8112.652	1.7725
8213.645	1.7644
8315.894	1.7556
8419.416	1.7463
8524.228	1.7364
8630.343	1.7260
8737.78	1.7154
8846.555	1.7043
8956.683	1.6930
9068.182	1.6813
9181.069	1.6691
9295.362	1.6565
9411.078	1.6432
9528.233	1.6291
9646.849	1.6141
9766.939	1.5981
9888.525	1.5807
10011.625	1.5619
10136.257	1.5414
10262.44	1.5190
10390.195	1.4945
10519.54	1.4680
10650.495	1.4394
10783.08	1.4088
10917.316	1.3764
11053.223	1.3424
11190.821	1.3067
11330.133	1.2693
11471.179	1.2300
11613.98	1.1886
11758.561	1.1455
11904.939	1.1008
12053.141	1.0544
12203.188	1.0066
12355.102	0.9578
12508.907	0.9083
12664.627	0.8582
12822.286	0.8076
12981.907	0.7566
13143.516	0.7051
13307.136	0.6531
13472.793	0.6007
13640.512	0.5477
13810.319	0.4941
13982.24	0.4399
14156.302	0.3851
14332.529	0.3298
14510.951	0.2738
14691.595	0.2172
14874.486	0.1601
15059.655	0.1025
15247.129	0.0445
15436.937	-0.0136
15629.106	-0.0717
15823.669	-0.1298
16020.654	-0.1878
16220.091	-0.2457
16422.01	-0.3035
16626.443	-0.3610
16833.422	-0.4183
17042.977	-0.4745
17255.141	-0.5289
17469.945	-0.5811
17687.424	-0.6305
17907.609	-0.6598
18130.537	-0.6893
18356.24	-0.7190
18584.752	-0.7489
18816.107	-0.7787
19050.346	-0.8083
19287.498	-0.8373
19527.604	-0.8659
19770.697	-0.8942
20016.816	-0.9219
