Sens Factor =-1.248dB, SERNO: 7007129
"Auto-generated 90-degree calibration file"
10.054	-3.4911
10.179	-3.3406
10.306	-3.1935
10.434	-3.0495
10.564	-2.9086
10.696	-2.7710
10.829	-2.6363
10.964	-2.5048
11.100	-2.3762
11.238	-2.2507
11.378	-2.1281
11.520	-2.0085
11.663	-1.8918
11.809	-1.7780
11.956	-1.6670
12.104	-1.5587
12.255	-1.4533
12.408	-1.3506
12.562	-1.2506
12.718	-1.1533
12.877	-1.0586
13.037	-0.9666
13.199	-0.8770
13.364	-0.7902
13.530	-0.7057
13.698	-0.6237
13.869	-0.5443
14.042	-0.4672
14.216	-0.3925
14.393	-0.3202
14.573	-0.2502
14.754	-0.1825
14.938	-0.1170
15.124	-0.0538
15.312	0.0073
15.503	0.0661
15.696	0.1229
15.891	0.1776
16.089	0.2302
16.289	0.2807
16.492	0.3293
16.697	0.3759
16.905	0.4206
17.115	0.4634
17.328	0.5043
17.544	0.5433
17.763	0.5806
17.984	0.6160
18.208	0.6498
18.434	0.6818
18.664	0.7122
18.896	0.7409
19.131	0.7680
19.369	0.7936
19.611	0.8175
19.855	0.8399
20.102	0.8609
20.352	0.8805
20.605	0.8986
20.862	0.9153
21.122	0.9306
21.385	0.9447
21.651	0.9574
21.920	0.9690
22.193	0.9792
22.470	0.9883
22.749	0.9962
23.032	1.0030
23.319	1.0087
23.609	1.0134
23.903	1.0169
24.201	1.0195
24.502	1.0212
24.807	1.0219
25.116	1.0217
25.429	1.0206
25.745	1.0187
26.066	1.0159
26.390	1.0125
26.719	1.0082
27.051	1.0033
27.388	0.9977
27.729	0.9914
28.074	0.9845
28.424	0.9770
28.778	0.9690
29.136	0.9605
29.499	0.9515
29.866	0.9421
30.238	0.9322
30.614	0.9219
30.995	0.9113
31.381	0.9004
31.772	0.8891
32.167	0.8776
32.568	0.8659
32.973	0.8540
33.383	0.8420
33.799	0.8298
34.220	0.8175
34.646	0.8051
35.077	0.7927
35.514	0.7778
35.956	0.7643
36.403	0.7521
36.857	0.7409
37.315	0.7308
37.780	0.7217
38.250	0.7139
38.726	0.7075
39.209	0.7029
39.697	0.7004
40.191	0.7001
40.691	0.7018
41.198	0.7050
41.711	0.7087
42.230	0.7115
42.756	0.7123
43.288	0.7104
43.827	0.7060
44.372	0.6994
44.925	0.6917
45.484	0.6837
46.050	0.6762
46.623	0.6695
47.204	0.6637
47.791	0.6589
48.386	0.6548
48.989	0.6512
49.599	0.6479
50.216	0.6446
50.841	0.6412
51.474	0.6378
52.115	0.6345
52.764	0.6316
53.420	0.6295
54.085	0.6281
54.759	0.6273
55.440	0.6264
56.131	0.6250
56.829	0.6222
57.537	0.6179
58.253	0.6119
58.978	0.6045
59.712	0.5959
60.456	0.5864
61.208	0.5763
61.970	0.5657
62.742	0.5546
63.523	0.5428
64.314	0.5301
65.114	0.5160
65.925	0.5003
66.745	0.4828
67.576	0.4636
68.418	0.4431
69.269	0.4224
70.132	0.4028
71.005	0.3855
71.889	0.3712
72.784	0.3599
73.690	0.3513
74.607	0.3446
75.536	0.3388
76.476	0.3334
77.428	0.3281
78.392	0.3226
79.368	0.3171
80.356	0.3118
81.356	0.3068
82.369	0.3024
83.394	0.2991
84.433	0.2969
85.484	0.2960
86.548	0.2962
87.625	0.2974
88.716	0.2991
89.820	0.3012
90.939	0.3032
92.071	0.3049
93.217	0.3060
94.377	0.3064
95.552	0.3061
96.742	0.3049
97.946	0.3031
99.165	0.3006
100.400	0.2976
101.650	0.2941
102.915	0.2903
104.196	0.2860
105.493	0.2813
106.806	0.2761
108.136	0.2706
109.482	0.2647
110.845	0.2584
112.225	0.2519
113.622	0.2452
115.037	0.2382
116.469	0.2311
117.919	0.2238
119.386	0.2162
120.873	0.2084
122.377	0.2002
123.901	0.1916
125.443	0.1827
127.005	0.1734
128.586	0.1637
130.187	0.1535
131.807	0.1429
133.448	0.1321
135.109	0.1211
136.791	0.1101
138.494	0.0992
140.218	0.0885
141.964	0.0781
143.731	0.0678
145.520	0.0577
147.332	0.0480
149.166	0.0388
151.023	0.0300
152.903	0.0218
154.806	0.0141
156.734	0.0071
158.685	0.0008
160.660	-0.0049
162.660	-0.0098
164.685	-0.0140
166.735	-0.0177
168.811	-0.0211
170.912	-0.0245
173.040	-0.0280
175.194	-0.0317
177.375	-0.0357
179.583	-0.0399
181.819	-0.0440
184.082	-0.0477
186.374	-0.0511
188.694	-0.0539
191.043	-0.0560
193.421	-0.0574
195.829	-0.0578
198.267	-0.0573
200.735	-0.0559
203.234	-0.0538
205.764	-0.0513
208.325	-0.0486
210.919	-0.0459
213.544	-0.0432
216.203	-0.0403
218.894	-0.0374
221.619	-0.0345
224.378	-0.0318
227.171	-0.0296
229.999	-0.0281
232.862	-0.0275
235.761	-0.0279
238.696	-0.0294
241.668	-0.0320
244.676	-0.0358
247.722	-0.0409
250.806	-0.0469
253.928	-0.0538
257.089	-0.0612
260.290	-0.0688
263.530	-0.0762
266.810	-0.0833
270.132	-0.0901
273.495	-0.0966
276.899	-0.1030
280.346	-0.1090
283.836	-0.1145
287.370	-0.1193
290.947	-0.1234
294.569	-0.1269
298.236	-0.1296
301.949	-0.1320
305.708	-0.1342
309.513	-0.1364
313.366	-0.1386
317.267	-0.1408
321.217	-0.1432
325.216	-0.1458
329.264	-0.1487
333.363	-0.1518
337.513	-0.1550
341.715	-0.1582
345.969	-0.1611
350.276	-0.1638
354.636	-0.1661
359.051	-0.1678
363.521	-0.1691
368.046	-0.1695
372.628	-0.1690
377.266	-0.1678
381.963	-0.1661
386.718	-0.1645
391.532	-0.1635
396.406	-0.1631
401.341	-0.1627
406.337	-0.1605
411.395	-0.1563
416.517	-0.1499
421.702	-0.1419
426.951	-0.1326
432.266	-0.1226
437.648	-0.1124
443.096	-0.1022
448.612	-0.0923
454.196	-0.0825
459.851	-0.0731
465.575	-0.0639
471.371	-0.0552
477.239	-0.0469
483.180	-0.0389
489.195	-0.0312
495.285	-0.0240
501.450	-0.0170
507.693	-0.0105
514.013	-0.0044
520.412	0.0011
526.890	0.0061
533.449	0.0104
540.090	0.0140
546.814	0.0171
553.621	0.0195
560.513	0.0215
567.490	0.0231
574.555	0.0243
581.707	0.0253
588.949	0.0259
596.281	0.0259
603.703	0.0255
611.219	0.0244
618.828	0.0227
626.531	0.0206
634.331	0.0188
642.228	0.0177
650.222	0.0182
658.317	0.0203
666.512	0.0234
674.809	0.0258
683.210	0.0270
691.715	0.0269
700.326	0.0259
709.044	0.0245
717.871	0.0228
726.807	0.0210
735.855	0.0193
745.016	0.0177
754.290	0.0161
763.680	0.0145
773.187	0.0123
782.812	0.0104
792.557	0.0084
802.424	0.0063
812.413	0.0043
822.526	0.0020
832.766	-0.0002
843.133	-0.0023
853.629	-0.0044
864.255	-0.0066
875.014	-0.0086
885.907	-0.0106
896.935	-0.0126
908.101	-0.0145
919.406	-0.0164
930.851	-0.0179
942.439	-0.0194
954.171	-0.0206
966.049	-0.0218
978.076	-0.0229
990.251	-0.0239
1002.579	-0.0246
1015.060	-0.0252
1027.696	-0.0257
1040.489	-0.0261
1053.442	-0.0264
1066.556	-0.0267
1079.833	-0.0268
1093.276	-0.0268
1106.886	-0.0268
1120.665	-0.0265
1134.616	-0.0261
1148.741	-0.0253
1163.041	-0.0242
1177.519	-0.0232
1192.178	-0.0220
1207.019	-0.0207
1222.045	-0.0196
1237.258	-0.0184
1252.660	-0.0168
1268.254	-0.0151
1284.042	-0.0132
1300.027	-0.0110
1316.211	-0.0085
1332.596	-0.0058
1349.185	-0.0028
1365.981	-0.0002
1382.985	0.0025
1400.202	0.0052
1417.633	0.0080
1435.280	0.0110
1453.148	0.0139
1471.238	0.0170
1489.553	0.0203
1508.096	0.0237
1526.870	0.0270
1545.877	0.0305
1565.121	0.0338
1584.605	0.0370
1604.332	0.0402
1624.303	0.0432
1644.524	0.0462
1664.996	0.0490
1685.723	0.0519
1706.708	0.0546
1727.955	0.0568
1749.466	0.0590
1771.244	0.0614
1793.294	0.0639
1815.618	0.0665
1838.221	0.0696
1861.104	0.0727
1884.272	0.0760
1907.729	0.0795
1931.478	0.0825
1955.523	0.0854
1979.866	0.0883
2004.513	0.0913
2029.467	0.0945
2054.731	0.0978
2080.310	0.1014
2106.207	0.1052
2132.427	0.1095
2158.973	0.1141
2185.849	0.1189
2213.060	0.1242
2240.610	0.1301
2268.503	0.1366
2296.743	0.1442
2325.334	0.1528
2354.282	0.1620
2383.590	0.1718
2413.262	0.1819
2443.305	0.1922
2473.721	0.2026
2504.515	0.2133
2535.693	0.2243
2567.260	0.2354
2599.219	0.2464
2631.576	0.2573
2664.335	0.2683
2697.503	0.2795
2731.084	0.2909
2765.082	0.3025
2799.504	0.3142
2834.354	0.3260
2869.638	0.3378
2905.362	0.3490
2941.530	0.3602
2978.148	0.3714
3015.222	0.3826
3052.758	0.3939
3090.761	0.4051
3129.237	0.4163
3168.192	0.4276
3207.632	0.4390
3247.563	0.4502
3287.991	0.4612
3328.923	0.4724
3370.364	0.4837
3412.320	0.4953
3454.799	0.5069
3497.807	0.5185
3541.351	0.5299
3585.436	0.5413
3630.070	0.5525
3675.260	0.5636
3721.012	0.5746
3767.334	0.5856
3814.233	0.5964
3861.715	0.6069
3909.789	0.6176
3958.460	0.6286
4007.738	0.6400
4057.630	0.6520
4108.142	0.6637
4159.283	0.6758
4211.061	0.6882
4263.483	0.7008
4316.559	0.7137
4370.294	0.7270
4424.699	0.7404
4479.781	0.7538
4535.548	0.7672
4592.010	0.7802
4649.175	0.7928
4707.051	0.8050
4765.648	0.8166
4824.975	0.8275
4885.039	0.8362
4945.852	0.8435
5007.421	0.8498
5069.757	0.8548
5132.870	0.8584
5196.768	0.8596
5261.460	0.8596
5326.959	0.8585
5393.273	0.8562
5460.413	0.8526
5528.388	0.8480
5597.209	0.8424
5666.887	0.8356
5737.433	0.8281
5808.857	0.8198
5881.169	0.8107
5954.383	0.8005
6028.507	0.7895
6103.555	0.7776
6179.536	0.7647
6256.464	0.7510
6334.349	0.7364
6413.204	0.7207
6493.040	0.7038
6573.870	0.6856
6655.706	0.6660
6738.562	0.6450
6822.448	0.6227
6907.379	0.5993
6993.367	0.5747
7080.426	0.5486
7168.568	0.5214
7257.808	0.4930
7348.158	0.4643
7439.633	0.4343
7532.248	0.4029
7626.015	0.3701
7720.949	0.3367
7817.065	0.3027
7914.377	0.2674
8012.901	0.2309
8112.652	0.1930
8213.645	0.1549
8315.894	0.1157
8419.416	0.0756
8524.228	0.0344
8630.343	-0.0078
8737.780	-0.0506
8846.555	-0.0942
8956.683	-0.1390
9068.182	-0.1848
9181.069	-0.2319
9295.362	-0.2801
9411.078	-0.3295
9528.233	-0.3806
9646.849	-0.4332
9766.939	-0.4884
9888.525	-0.5458
10011.625	-0.6051
10136.257	-0.6669
10262.440	-0.7309
10390.195	-0.7961
10519.540	-0.8640
10650.495	-0.9344
10783.080	-1.0076
10917.316	-1.0833
11053.223	-1.1613
11190.821	-1.2422
11330.133	-1.3262
11471.179	-1.4136
11613.980	-1.5038
11758.561	-1.5970
11904.939	-1.6932
12053.141	-1.7926
12203.188	-1.8950
12355.102	-1.9994
12508.907	-2.1059
12664.627	-2.2144
12822.286	-2.3246
12981.907	-2.4358
13143.516	-2.5482
13307.136	-2.6620
13472.793	-2.7774
13640.512	-2.8940
13810.319	-3.0115
13982.240	-3.1302
14156.302	-3.2505
14332.529	-3.3723
14510.951	-3.4956
14691.595	-3.6198
14874.486	-3.7457
15059.655	-3.8734
15247.129	-4.0029
15436.937	-4.1334
15629.106	-4.2649
15823.669	-4.3975
16020.654	-4.5317
16220.091	-4.6669
16422.010	-4.8028
16626.443	-4.9398
16833.422	-5.0783
17042.977	-5.2173
17255.141	-5.3563
17469.945	-5.4948
17687.424	-5.6319
17907.609	-5.7378
18130.537	-5.8450
18356.240	-5.9531
18584.752	-6.0619
18816.107	-6.1713
19050.346	-6.2809
19287.498	-6.3905
19527.604	-6.5006
19770.697	-6.6109
20016.816	-6.7210
