Sens Factor =-.3998dB, SERNO: 7007196
10.054	-4.0029
10.179	-3.8424
10.306	-3.6852
10.434	-3.5311
10.564	-3.3802
10.696	-3.2325
10.829	-3.0878
10.964	-2.9462
11.1	-2.8076
11.238	-2.6720
11.378	-2.5394
11.52	-2.4097
11.663	-2.2830
11.809	-2.1591
11.956	-2.0380
12.104	-1.9197
12.255	-1.8042
12.408	-1.6915
12.562	-1.5814
12.718	-1.4740
12.877	-1.3693
13.037	-1.2672
13.199	-1.1677
13.364	-1.0707
13.53	-0.9762
13.698	-0.8842
13.869	-0.7946
14.042	-0.7075
14.216	-0.6228
14.393	-0.5404
14.573	-0.4603
14.754	-0.3826
14.938	-0.3070
15.124	-0.2337
15.312	-0.1626
15.503	-0.0937
15.696	-0.0269
15.891	0.0378
16.089	0.1005
16.289	0.1611
16.492	0.2197
16.697	0.2764
16.905	0.3311
17.115	0.3840
17.328	0.4349
17.544	0.4840
17.763	0.5313
17.984	0.5769
18.208	0.6207
18.434	0.6628
18.664	0.7032
18.896	0.7420
19.131	0.7791
19.369	0.8147
19.611	0.8487
19.855	0.8812
20.102	0.9123
20.352	0.9418
20.605	0.9700
20.862	0.9968
21.122	1.0222
21.385	1.0463
21.651	1.0691
21.92	1.0907
22.193	1.1110
22.47	1.1301
22.749	1.1481
23.032	1.1650
23.319	1.1807
23.609	1.1954
23.903	1.2091
24.201	1.2217
24.502	1.2334
24.807	1.2441
25.116	1.2540
25.429	1.2630
25.745	1.2711
26.066	1.2785
26.39	1.2850
26.719	1.2908
27.051	1.2960
27.388	1.3004
27.729	1.3042
28.074	1.3074
28.424	1.3100
28.778	1.3120
29.136	1.3135
29.499	1.3146
29.866	1.3152
30.238	1.3154
30.614	1.3152
30.995	1.3146
31.381	1.3137
31.772	1.3125
32.167	1.3111
32.568	1.3094
32.973	1.3076
33.383	1.3056
33.799	1.3034
34.22	1.3012
34.646	1.2989
35.077	1.2966
35.514	1.2956
35.956	1.2938
36.403	1.2913
36.857	1.2883
37.315	1.2849
37.78	1.2813
38.25	1.2776
38.726	1.2739
39.209	1.2704
39.697	1.2672
40.191	1.2645
40.691	1.2625
41.198	1.2611
41.711	1.2603
42.23	1.2597
42.756	1.2591
43.288	1.2581
43.827	1.2567
44.372	1.2549
44.925	1.2526
45.484	1.2499
46.05	1.2470
46.623	1.2438
47.204	1.2405
47.791	1.2370
48.386	1.2336
48.989	1.2303
49.599	1.2272
50.216	1.2243
50.841	1.2214
51.474	1.2188
52.115	1.2167
52.764	1.2152
53.42	1.2144
54.085	1.2140
54.759	1.2141
55.44	1.2143
56.131	1.2148
56.829	1.2153
57.537	1.2157
58.253	1.2160
58.978	1.2162
59.712	1.2161
60.456	1.2158
61.208	1.2153
61.97	1.2146
62.742	1.2136
63.523	1.2121
64.314	1.2101
65.114	1.2072
65.925	1.2032
66.745	1.1979
67.576	1.1911
68.418	1.1826
69.269	1.1728
70.132	1.1620
71.005	1.1506
71.889	1.1389
72.784	1.1270
73.69	1.1151
74.607	1.1031
75.536	1.0910
76.476	1.0788
77.428	1.0663
78.392	1.0535
79.368	1.0404
80.356	1.0269
81.356	1.0131
82.369	0.9991
83.394	0.9853
84.433	0.9716
85.484	0.9581
86.548	0.9445
87.625	0.9308
88.716	0.9170
89.82	0.9030
90.939	0.8889
92.071	0.8749
93.217	0.8608
94.377	0.8467
95.552	0.8326
96.742	0.8188
97.946	0.8050
99.165	0.7912
100.4	0.7775
101.65	0.7639
102.915	0.7502
104.196	0.7364
105.493	0.7225
106.806	0.7085
108.136	0.6943
109.482	0.6804
110.845	0.6667
112.225	0.6534
113.622	0.6404
115.037	0.6277
116.469	0.6150
117.919	0.6022
119.386	0.5894
120.873	0.5766
122.377	0.5638
123.901	0.5512
125.443	0.5389
127.005	0.5269
128.586	0.5152
130.187	0.5038
131.807	0.4929
133.448	0.4825
135.109	0.4727
136.791	0.4634
138.494	0.4545
140.218	0.4459
141.964	0.4378
143.731	0.4301
145.52	0.4229
147.332	0.4162
149.166	0.4101
151.023	0.4042
152.903	0.3984
154.806	0.3924
156.734	0.3862
158.685	0.3795
160.66	0.3726
162.66	0.3655
164.685	0.3584
166.735	0.3513
168.811	0.3439
170.912	0.3362
173.04	0.3283
175.194	0.3201
177.375	0.3119
179.583	0.3036
181.819	0.2954
184.082	0.2872
186.374	0.2793
188.694	0.2718
191.043	0.2651
193.421	0.2595
195.829	0.2551
198.267	0.2519
200.735	0.2495
203.234	0.2478
205.764	0.2465
208.325	0.2454
210.919	0.2447
213.544	0.2443
216.203	0.2443
218.894	0.2444
221.619	0.2444
224.378	0.2441
227.171	0.2433
229.999	0.2418
232.862	0.2398
235.761	0.2369
238.696	0.2333
241.668	0.2286
244.676	0.2227
247.722	0.2158
250.806	0.2080
253.928	0.1993
257.089	0.1902
260.29	0.1808
263.53	0.1716
266.81	0.1625
270.132	0.1537
273.495	0.1451
276.899	0.1370
280.346	0.1295
283.836	0.1228
287.37	0.1168
290.947	0.1116
294.569	0.1071
298.236	0.1030
301.949	0.0990
305.708	0.0951
309.513	0.0910
313.366	0.0867
317.267	0.0822
321.217	0.0773
325.216	0.0720
329.264	0.0665
333.363	0.0610
337.513	0.0555
341.715	0.0501
345.969	0.0446
350.276	0.0390
354.636	0.0330
359.051	0.0266
363.521	0.0200
368.046	0.0134
372.628	0.0069
377.266	0.0009
381.963	-0.0047
386.718	-0.0099
391.532	-0.0146
396.406	-0.0188
401.341	-0.0222
406.337	-0.0242
411.395	-0.0243
416.517	-0.0227
421.702	-0.0196
426.951	-0.0154
432.266	-0.0103
437.648	-0.0046
443.096	0.0015
448.612	0.0077
454.196	0.0140
459.851	0.0202
465.575	0.0263
471.371	0.0322
477.239	0.0379
483.18	0.0434
489.195	0.0487
495.285	0.0538
501.45	0.0589
507.693	0.0639
514.013	0.0686
520.412	0.0731
526.89	0.0772
533.449	0.0808
540.09	0.0838
546.814	0.0865
553.621	0.0887
560.513	0.0905
567.49	0.0922
574.555	0.0937
581.707	0.0951
588.949	0.0966
596.281	0.0980
603.703	0.0996
611.219	0.1013
618.828	0.1030
626.531	0.1047
634.331	0.1066
642.228	0.1087
650.222	0.1112
658.317	0.1140
666.512	0.1168
674.809	0.1189
683.21	0.1199
691.715	0.1199
700.326	0.1190
709.044	0.1174
717.871	0.1153
726.807	0.1127
735.855	0.1100
745.016	0.1071
754.29	0.1041
763.68	0.1011
773.187	0.0981
782.812	0.0952
792.557	0.0922
802.424	0.0891
812.413	0.0860
822.526	0.0829
832.766	0.0797
843.133	0.0765
853.629	0.0734
864.255	0.0703
875.014	0.0674
885.907	0.0647
896.935	0.0621
908.101	0.0596
919.406	0.0572
930.851	0.0548
942.439	0.0525
954.171	0.0501
966.049	0.0477
978.076	0.0452
990.251	0.0427
1002.579	0.0402
1015.06	0.0378
1027.696	0.0357
1040.489	0.0337
1053.442	0.0320
1066.556	0.0305
1079.833	0.0291
1093.276	0.0280
1106.886	0.0271
1120.665	0.0265
1134.616	0.0264
1148.741	0.0268
1163.041	0.0279
1177.519	0.0297
1192.178	0.0320
1207.019	0.0349
1222.045	0.0383
1237.258	0.0420
1252.66	0.0461
1268.254	0.0505
1284.042	0.0551
1300.027	0.0599
1316.211	0.0649
1332.596	0.0702
1349.185	0.0757
1365.981	0.0816
1382.985	0.0877
1400.202	0.0940
1417.633	0.1005
1435.28	0.1071
1453.148	0.1138
1471.238	0.1205
1489.553	0.1272
1508.096	0.1338
1526.87	0.1404
1545.877	0.1470
1565.121	0.1536
1584.605	0.1603
1604.332	0.1670
1624.303	0.1739
1644.524	0.1811
1664.996	0.1884
1685.723	0.1958
1706.708	0.2031
1727.955	0.2105
1749.466	0.2178
1771.244	0.2251
1793.294	0.2326
1815.618	0.2402
1838.221	0.2479
1861.104	0.2559
1884.272	0.2641
1907.729	0.2726
1931.478	0.2813
1955.523	0.2903
1979.866	0.2995
2004.513	0.3089
2029.467	0.3184
2054.731	0.3280
2080.31	0.3377
2106.207	0.3474
2132.427	0.3574
2158.973	0.3676
2185.849	0.3782
2213.06	0.3893
2240.61	0.4007
2268.503	0.4126
2296.743	0.4249
2325.334	0.4376
2354.282	0.4508
2383.59	0.4647
2413.262	0.4791
2443.305	0.4941
2473.721	0.5096
2504.515	0.5257
2535.693	0.5422
2567.26	0.5591
2599.219	0.5762
2631.576	0.5936
2664.335	0.6110
2697.503	0.6285
2731.084	0.6462
2765.082	0.6640
2799.504	0.6820
2834.354	0.7003
2869.638	0.7188
2905.362	0.7375
2941.53	0.7563
2978.148	0.7754
3015.222	0.7946
3052.758	0.8139
3090.761	0.8333
3129.237	0.8529
3168.192	0.8726
3207.632	0.8925
3247.563	0.9125
3287.991	0.9329
3328.923	0.9536
3370.364	0.9747
3412.32	0.9963
3454.799	1.0185
3497.807	1.0411
3541.351	1.0642
3585.436	1.0875
3630.07	1.1111
3675.26	1.1350
3721.012	1.1592
3767.334	1.1837
3814.233	1.2086
3861.715	1.2337
3909.789	1.2592
3958.46	1.2848
4007.738	1.3106
4057.63	1.3366
4108.142	1.3631
4159.283	1.3898
4211.061	1.4170
4263.483	1.4446
4316.559	1.4727
4370.294	1.5012
4424.699	1.5303
4479.781	1.5598
4535.548	1.5894
4592.01	1.6192
4649.175	1.6490
4707.051	1.6787
4765.648	1.7083
4824.975	1.7377
4885.039	1.7668
4945.852	1.7954
5007.421	1.8234
5069.757	1.8507
5132.87	1.8771
5196.768	1.9025
5261.46	1.9267
5326.959	1.9499
5393.273	1.9719
5460.413	1.9927
5528.388	2.0124
5597.209	2.0308
5666.887	2.0481
5737.433	2.0643
5808.857	2.0794
5881.169	2.0937
5954.383	2.1072
6028.507	2.1199
6103.555	2.1321
6179.536	2.1437
6256.464	2.1548
6334.349	2.1655
6413.204	2.1758
6493.04	2.1857
6573.87	2.1949
6655.706	2.2036
6738.562	2.2115
6822.448	2.2186
6907.379	2.2249
6993.367	2.2302
7080.426	2.2346
7168.568	2.2380
7257.808	2.2404
7348.158	2.2417
7439.633	2.2417
7532.248	2.2403
7626.015	2.2374
7720.949	2.2330
7817.065	2.2274
7914.377	2.2207
8012.901	2.2128
8112.652	2.2035
8213.645	2.1929
8315.894	2.1810
8419.416	2.1678
8524.228	2.1535
8630.343	2.1381
8737.78	2.1218
8846.555	2.1048
8956.683	2.0869
9068.182	2.0682
9181.069	2.0487
9295.362	2.0284
9411.078	2.0071
9528.233	1.9849
9646.849	1.9618
9766.939	1.9375
9888.525	1.9118
10011.625	1.8846
10136.257	1.8556
10262.44	1.8247
10390.195	1.7917
10519.54	1.7566
10650.495	1.7194
10783.08	1.6799
10917.316	1.6385
11053.223	1.5954
11190.821	1.5508
11330.133	1.5049
11471.179	1.4577
11613.98	1.4090
11758.561	1.3585
11904.939	1.3062
12053.141	1.2519
12203.188	1.1951
12355.102	1.1359
12508.907	1.0749
12664.627	1.0126
12822.286	0.9491
12981.907	0.8841
13143.516	0.8178
13307.136	0.7501
13472.793	0.6814
13640.512	0.6121
13810.319	0.5421
13982.24	0.4716
14156.302	0.4007
14332.529	0.3295
14510.951	0.2578
14691.595	0.1855
14874.486	0.1128
15059.655	0.0397
15247.129	-0.0337
15436.937	-0.1076
15629.106	-0.1815
15823.669	-0.2555
16020.654	-0.3295
16220.091	-0.4030
16422.01	-0.4757
16626.443	-0.5473
16833.422	-0.6171
17042.977	-0.6843
17255.141	-0.7476
17469.945	-0.8059
17687.424	-0.8585
17907.609	-0.8956
18130.537	-0.9330
18356.24	-0.9709
18584.752	-1.0094
18816.107	-1.0487
19050.346	-1.0889
19287.498	-1.1297
19527.604	-1.1707
19770.697	-1.2117
20016.816	-1.2523
