Sens Factor =.69410dB, SERNO: 7007117
10.054	-4.5750
10.179	-4.4129
10.306	-4.2540
10.434	-4.0983
10.564	-3.9457
10.696	-3.7963
10.829	-3.6500
10.964	-3.5068
11.1	-3.3666
11.238	-3.2293
11.378	-3.0951
11.52	-2.9638
11.663	-2.8353
11.809	-2.7098
11.956	-2.5871
12.104	-2.4672
12.255	-2.3500
12.408	-2.2356
12.562	-2.1239
12.718	-2.0149
12.877	-1.9086
13.037	-1.8048
13.199	-1.7036
13.364	-1.6050
13.53	-1.5089
13.698	-1.4152
13.869	-1.3240
14.042	-1.2353
14.216	-1.1489
14.393	-1.0649
14.573	-0.9832
14.754	-0.9037
14.938	-0.8266
15.124	-0.7516
15.312	-0.6789
15.503	-0.6083
15.696	-0.5399
15.891	-0.4735
16.089	-0.4092
16.289	-0.3469
16.492	-0.2867
16.697	-0.2284
16.905	-0.1720
17.115	-0.1175
17.328	-0.0649
17.544	-0.0142
17.763	0.0348
17.984	0.0820
18.208	0.1274
18.434	0.1711
18.664	0.2132
18.896	0.2536
19.131	0.2924
19.369	0.3296
19.611	0.3653
19.855	0.3994
20.102	0.4321
20.352	0.4633
20.605	0.4931
20.862	0.5216
21.122	0.5486
21.385	0.5744
21.651	0.5988
21.92	0.6220
22.193	0.6440
22.47	0.6648
22.749	0.6844
23.032	0.7029
23.319	0.7203
23.609	0.7366
23.903	0.7519
24.201	0.7662
24.502	0.7795
24.807	0.7919
25.116	0.8034
25.429	0.8140
25.745	0.8238
26.066	0.8328
26.39	0.8410
26.719	0.8485
27.051	0.8552
27.388	0.8613
27.729	0.8667
28.074	0.8715
28.424	0.8758
28.778	0.8795
29.136	0.8827
29.499	0.8853
29.866	0.8876
30.238	0.8894
30.614	0.8908
30.995	0.8919
31.381	0.8927
31.772	0.8931
32.167	0.8934
32.568	0.8933
32.973	0.8931
33.383	0.8928
33.799	0.8923
34.22	0.8917
34.646	0.8910
35.077	0.8903
35.514	0.8891
35.956	0.8883
36.403	0.8877
36.857	0.8873
37.315	0.8868
37.78	0.8863
38.25	0.8856
38.726	0.8847
39.209	0.8834
39.697	0.8818
40.191	0.8799
40.691	0.8775
41.198	0.8746
41.711	0.8713
42.23	0.8672
42.756	0.8622
43.288	0.8562
43.827	0.8492
44.372	0.8412
44.925	0.8325
45.484	0.8238
46.05	0.8152
46.623	0.8073
47.204	0.8003
47.791	0.7945
48.386	0.7901
48.989	0.7872
49.599	0.7856
50.216	0.7849
50.841	0.7847
51.474	0.7846
52.115	0.7843
52.764	0.7836
53.42	0.7826
54.085	0.7814
54.759	0.7800
55.44	0.7783
56.131	0.7763
56.829	0.7740
57.537	0.7712
58.253	0.7679
58.978	0.7640
59.712	0.7594
60.456	0.7544
61.208	0.7489
61.97	0.7429
62.742	0.7366
63.523	0.7301
64.314	0.7235
65.114	0.7169
65.925	0.7103
66.745	0.7039
67.576	0.6977
68.418	0.6917
69.269	0.6861
70.132	0.6812
71.005	0.6772
71.889	0.6743
72.784	0.6726
73.69	0.6721
74.607	0.6725
75.536	0.6733
76.476	0.6741
77.428	0.6745
78.392	0.6741
79.368	0.6726
80.356	0.6695
81.356	0.6648
82.369	0.6586
83.394	0.6512
84.433	0.6429
85.484	0.6343
86.548	0.6255
87.625	0.6168
88.716	0.6082
89.82	0.5996
90.939	0.5909
92.071	0.5821
93.217	0.5732
94.377	0.5643
95.552	0.5555
96.742	0.5470
97.946	0.5390
99.165	0.5317
100.4	0.5252
101.65	0.5197
102.915	0.5149
104.196	0.5108
105.493	0.5072
106.806	0.5038
108.136	0.5006
109.482	0.4974
110.845	0.4942
112.225	0.4909
113.622	0.4876
115.037	0.4841
116.469	0.4804
117.919	0.4764
119.386	0.4720
120.873	0.4673
122.377	0.4621
123.901	0.4565
125.443	0.4503
127.005	0.4436
128.586	0.4364
130.187	0.4289
131.807	0.4210
133.448	0.4130
135.109	0.4049
136.791	0.3971
138.494	0.3895
140.218	0.3824
141.964	0.3757
143.731	0.3695
145.52	0.3637
147.332	0.3584
149.166	0.3536
151.023	0.3493
152.903	0.3457
154.806	0.3427
156.734	0.3403
158.685	0.3383
160.66	0.3368
162.66	0.3356
164.685	0.3346
166.735	0.3336
168.811	0.3324
170.912	0.3308
173.04	0.3287
175.194	0.3261
177.375	0.3230
179.583	0.3196
181.819	0.3161
184.082	0.3127
186.374	0.3095
188.694	0.3064
191.043	0.3033
193.421	0.3002
195.829	0.2970
198.267	0.2937
200.735	0.2905
203.234	0.2872
205.764	0.2835
208.325	0.2791
210.919	0.2738
213.544	0.2675
216.203	0.2601
218.894	0.2518
221.619	0.2427
224.378	0.2327
227.171	0.2215
229.999	0.2093
232.862	0.1958
235.761	0.1814
238.696	0.1662
241.668	0.1503
244.676	0.1342
247.722	0.1182
250.806	0.1025
253.928	0.0873
257.089	0.0728
260.29	0.0594
263.53	0.0469
266.81	0.0354
270.132	0.0246
273.495	0.0145
276.899	0.0048
280.346	-0.0041
283.836	-0.0121
287.37	-0.0190
290.947	-0.0248
294.569	-0.0296
298.236	-0.0334
301.949	-0.0367
305.708	-0.0399
309.513	-0.0430
313.366	-0.0464
317.267	-0.0498
321.217	-0.0534
325.216	-0.0569
329.264	-0.0605
333.363	-0.0643
337.513	-0.0682
341.715	-0.0718
345.969	-0.0750
350.276	-0.0773
354.636	-0.0783
359.051	-0.0777
363.521	-0.0752
368.046	-0.0707
372.628	-0.0640
377.266	-0.0551
381.963	-0.0449
386.718	-0.0347
391.532	-0.0257
396.406	-0.0193
401.341	-0.0152
406.337	-0.0115
411.395	-0.0076
416.517	-0.0035
421.702	0.0006
426.951	0.0046
432.266	0.0083
437.648	0.0115
443.096	0.0140
448.612	0.0160
454.196	0.0175
459.851	0.0186
465.575	0.0192
471.371	0.0193
477.239	0.0189
483.18	0.0180
489.195	0.0168
495.285	0.0151
501.45	0.0133
507.693	0.0114
514.013	0.0095
520.412	0.0078
526.89	0.0063
533.449	0.0050
540.09	0.0040
546.814	0.0031
553.621	0.0024
560.513	0.0019
567.49	0.0017
574.555	0.0016
581.707	0.0016
588.949	0.0015
596.281	0.0009
603.703	-0.0005
611.219	-0.0031
618.828	-0.0070
626.531	-0.0121
634.331	-0.0176
642.228	-0.0224
650.222	-0.0253
658.317	-0.0250
666.512	-0.0220
674.809	-0.0184
683.21	-0.0151
691.715	-0.0122
700.326	-0.0097
709.044	-0.0076
717.871	-0.0059
726.807	-0.0044
735.855	-0.0033
745.016	-0.0024
754.29	-0.0019
763.68	-0.0017
773.187	-0.0016
782.812	-0.0017
792.557	-0.0019
802.424	-0.0022
812.413	-0.0026
822.526	-0.0031
832.766	-0.0035
843.133	-0.0040
853.629	-0.0045
864.255	-0.0050
875.014	-0.0055
885.907	-0.0061
896.935	-0.0067
908.101	-0.0072
919.406	-0.0074
930.851	-0.0073
942.439	-0.0069
954.171	-0.0060
966.049	-0.0049
978.076	-0.0034
990.251	-0.0017
1002.579	0.0003
1015.06	0.0026
1027.696	0.0051
1040.489	0.0077
1053.442	0.0105
1066.556	0.0133
1079.833	0.0162
1093.276	0.0192
1106.886	0.0222
1120.665	0.0251
1134.616	0.0280
1148.741	0.0306
1163.041	0.0330
1177.519	0.0351
1192.178	0.0369
1207.019	0.0386
1222.045	0.0401
1237.258	0.0418
1252.66	0.0435
1268.254	0.0453
1284.042	0.0472
1300.027	0.0492
1316.211	0.0513
1332.596	0.0535
1349.185	0.0557
1365.981	0.0580
1382.985	0.0604
1400.202	0.0628
1417.633	0.0654
1435.28	0.0680
1453.148	0.0708
1471.238	0.0738
1489.553	0.0770
1508.096	0.0802
1526.87	0.0835
1545.877	0.0867
1565.121	0.0897
1584.605	0.0925
1604.332	0.0953
1624.303	0.0980
1644.524	0.1007
1664.996	0.1033
1685.723	0.1059
1706.708	0.1087
1727.955	0.1116
1749.466	0.1147
1771.244	0.1181
1793.294	0.1217
1815.618	0.1257
1838.221	0.1299
1861.104	0.1345
1884.272	0.1393
1907.729	0.1445
1931.478	0.1499
1955.523	0.1556
1979.866	0.1615
2004.513	0.1676
2029.467	0.1739
2054.731	0.1804
2080.31	0.1873
2106.207	0.1945
2132.427	0.2022
2158.973	0.2104
2185.849	0.2191
2213.06	0.2283
2240.61	0.2380
2268.503	0.2484
2296.743	0.2592
2325.334	0.2705
2354.282	0.2820
2383.59	0.2939
2413.262	0.3061
2443.305	0.3187
2473.721	0.3315
2504.515	0.3446
2535.693	0.3581
2567.26	0.3718
2599.219	0.3858
2631.576	0.3999
2664.335	0.4140
2697.503	0.4282
2731.084	0.4425
2765.082	0.4568
2799.504	0.4713
2834.354	0.4859
2869.638	0.5006
2905.362	0.5154
2941.53	0.5304
2978.148	0.5454
3015.222	0.5605
3052.758	0.5757
3090.761	0.5910
3129.237	0.6065
3168.192	0.6222
3207.632	0.6381
3247.563	0.6542
3287.991	0.6706
3328.923	0.6873
3370.364	0.7042
3412.32	0.7213
3454.799	0.7385
3497.807	0.7554
3541.351	0.7721
3585.436	0.7885
3630.07	0.8047
3675.26	0.8208
3721.012	0.8369
3767.334	0.8530
3814.233	0.8691
3861.715	0.8854
3909.789	0.9017
3958.46	0.9182
4007.738	0.9347
4057.63	0.9512
4108.142	0.9678
4159.283	0.9844
4211.061	1.0012
4263.483	1.0180
4316.559	1.0349
4370.294	1.0520
4424.699	1.0693
4479.781	1.0869
4535.548	1.1046
4592.01	1.1223
4649.175	1.1398
4707.051	1.1571
4765.648	1.1739
4824.975	1.1900
4885.039	1.2055
4945.852	1.2199
5007.421	1.2330
5069.757	1.2447
5132.87	1.2549
5196.768	1.2634
5261.46	1.2701
5326.959	1.2750
5393.273	1.2782
5460.413	1.2795
5528.388	1.2790
5597.209	1.2769
5666.887	1.2735
5737.433	1.2690
5808.857	1.2635
5881.169	1.2571
5954.383	1.2501
6028.507	1.2424
6103.555	1.2341
6179.536	1.2253
6256.464	1.2160
6334.349	1.2063
6413.204	1.1961
6493.04	1.1855
6573.87	1.1744
6655.706	1.1628
6738.562	1.1505
6822.448	1.1375
6907.379	1.1239
6993.367	1.1095
7080.426	1.0942
7168.568	1.0782
7257.808	1.0612
7348.158	1.0434
7439.633	1.0245
7532.248	1.0045
7626.015	0.9833
7720.949	0.9614
7817.065	0.9387
7914.377	0.9155
8012.901	0.8916
8112.652	0.8671
8213.645	0.8420
8315.894	0.8168
8419.416	0.7918
8524.228	0.7670
8630.343	0.7427
8737.78	0.7190
8846.555	0.6959
8956.683	0.6737
9068.182	0.6522
9181.069	0.6315
9295.362	0.6116
9411.078	0.5918
9528.233	0.5720
9646.849	0.5521
9766.939	0.5318
9888.525	0.5110
10011.625	0.4894
10136.257	0.4669
10262.44	0.4430
10390.195	0.4180
10519.54	0.3918
10650.495	0.3646
10783.08	0.3363
10917.316	0.3073
11053.223	0.2776
11190.821	0.2468
11330.133	0.2148
11471.179	0.1812
11613.98	0.1461
11758.561	0.1099
11904.939	0.0730
12053.141	0.0358
12203.188	-0.0017
12355.102	-0.0391
12508.907	-0.0766
12664.627	-0.1146
12822.286	-0.1534
12981.907	-0.1930
13143.516	-0.2335
13307.136	-0.2747
13472.793	-0.3166
13640.512	-0.3591
13810.319	-0.4024
13982.24	-0.4465
14156.302	-0.4915
14332.529	-0.5375
14510.951	-0.5846
14691.595	-0.6329
14874.486	-0.6825
15059.655	-0.7334
15247.129	-0.7855
15436.937	-0.8388
15629.106	-0.8931
15823.669	-0.9482
16020.654	-1.0042
16220.091	-1.0607
16422.01	-1.1177
16626.443	-1.1755
16833.422	-1.2345
17042.977	-1.2934
17255.141	-1.3526
17469.945	-1.4115
17687.424	-1.4689
17907.609	-1.4974
18130.537	-1.5266
18356.24	-1.5566
18584.752	-1.5869
18816.107	-1.6174
19050.346	-1.6476
19287.498	-1.6773
19527.604	-1.7070
19770.697	-1.7372
20016.816	-1.7682
