Sens Factor =-2.021dB, SERNO: 7007155
10.054	-3.3354
10.179	-3.1837
10.306	-3.0354
10.434	-2.8902
10.564	-2.7482
10.696	-2.6093
10.829	-2.4735
10.964	-2.3408
11.1	-2.2110
11.238	-2.0843
11.378	-1.9605
11.52	-1.8397
11.663	-1.7218
11.809	-1.6068
11.956	-1.4946
12.104	-1.3851
12.255	-1.2785
12.408	-1.1747
12.562	-1.0735
12.718	-0.9749
12.877	-0.8791
13.037	-0.7859
13.199	-0.6952
13.364	-0.6071
13.53	-0.5214
13.698	-0.4383
13.869	-0.3576
14.042	-0.2794
14.216	-0.2035
14.393	-0.1300
14.573	-0.0588
14.754	0.0101
14.938	0.0768
15.124	0.1412
15.312	0.2034
15.503	0.2635
15.696	0.3214
15.891	0.3773
16.089	0.4311
16.289	0.4829
16.492	0.5326
16.697	0.5804
16.905	0.6263
17.115	0.6703
17.328	0.7124
17.544	0.7526
17.763	0.7910
17.984	0.8277
18.208	0.8626
18.434	0.8959
18.664	0.9274
18.896	0.9573
19.131	0.9856
19.369	1.0123
19.611	1.0375
19.855	1.0611
20.102	1.0833
20.352	1.1040
20.605	1.1233
20.862	1.1412
21.122	1.1577
21.385	1.1730
21.651	1.1869
21.92	1.1996
22.193	1.2111
22.47	1.2213
22.749	1.2305
23.032	1.2385
23.319	1.2453
23.609	1.2512
23.903	1.2560
24.201	1.2597
24.502	1.2626
24.807	1.2644
25.116	1.2654
25.429	1.2655
25.745	1.2648
26.066	1.2633
26.39	1.2610
26.719	1.2579
27.051	1.2542
27.388	1.2498
27.729	1.2447
28.074	1.2390
28.424	1.2327
28.778	1.2259
29.136	1.2186
29.499	1.2107
29.866	1.2025
30.238	1.1938
30.614	1.1847
30.995	1.1753
31.381	1.1655
31.772	1.1555
32.167	1.1452
32.568	1.1347
32.973	1.1240
33.383	1.1131
33.799	1.1021
34.22	1.0910
34.646	1.0798
35.077	1.0686
35.514	1.0580
35.956	1.0465
36.403	1.0347
36.857	1.0232
37.315	1.0126
37.78	1.0032
38.25	0.9952
38.726	0.9886
39.209	0.9833
39.697	0.9794
40.191	0.9767
40.691	0.9750
41.198	0.9737
41.711	0.9722
42.23	0.9698
42.756	0.9658
43.288	0.9597
43.827	0.9520
44.372	0.9431
44.925	0.9332
45.484	0.9226
46.05	0.9114
46.623	0.8997
47.204	0.8876
47.791	0.8752
48.386	0.8626
48.989	0.8498
49.599	0.8370
50.216	0.8240
50.841	0.8112
51.474	0.7985
52.115	0.7860
52.764	0.7737
53.42	0.7619
54.085	0.7506
54.759	0.7400
55.44	0.7301
56.131	0.7209
56.829	0.7125
57.537	0.7048
58.253	0.6979
58.978	0.6916
59.712	0.6860
60.456	0.6808
61.208	0.6758
61.97	0.6711
62.742	0.6666
63.523	0.6623
64.314	0.6582
65.114	0.6544
65.925	0.6506
66.745	0.6471
67.576	0.6436
68.418	0.6403
69.269	0.6372
70.132	0.6341
71.005	0.6313
71.889	0.6285
72.784	0.6258
73.69	0.6232
74.607	0.6205
75.536	0.6178
76.476	0.6149
77.428	0.6117
78.392	0.6083
79.368	0.6046
80.356	0.6008
81.356	0.5970
82.369	0.5930
83.394	0.5890
84.433	0.5850
85.484	0.5811
86.548	0.5774
87.625	0.5740
88.716	0.5710
89.82	0.5682
90.939	0.5656
92.071	0.5631
93.217	0.5607
94.377	0.5584
95.552	0.5561
96.742	0.5538
97.946	0.5514
99.165	0.5491
100.4	0.5468
101.65	0.5447
102.915	0.5426
104.196	0.5406
105.493	0.5388
106.806	0.5372
108.136	0.5359
109.482	0.5349
110.845	0.5343
112.225	0.5339
113.622	0.5336
115.037	0.5334
116.469	0.5335
117.919	0.5337
119.386	0.5342
120.873	0.5349
122.377	0.5358
123.901	0.5369
125.443	0.5382
127.005	0.5398
128.586	0.5417
130.187	0.5437
131.807	0.5460
133.448	0.5484
135.109	0.5509
136.791	0.5536
138.494	0.5563
140.218	0.5592
141.964	0.5621
143.731	0.5650
145.52	0.5680
147.332	0.5710
149.166	0.5740
151.023	0.5770
152.903	0.5799
154.806	0.5829
156.734	0.5858
158.685	0.5886
160.66	0.5915
162.66	0.5944
164.685	0.5971
166.735	0.5995
168.811	0.6018
170.912	0.6039
173.04	0.6058
175.194	0.6074
177.375	0.6088
179.583	0.6097
181.819	0.6103
184.082	0.6104
186.374	0.6102
188.694	0.6097
191.043	0.6088
193.421	0.6075
195.829	0.6059
198.267	0.6041
200.735	0.6021
203.234	0.6000
205.764	0.5975
208.325	0.5947
210.919	0.5914
213.544	0.5878
216.203	0.5839
218.894	0.5797
221.619	0.5753
224.378	0.5706
227.171	0.5655
229.999	0.5600
232.862	0.5539
235.761	0.5476
238.696	0.5411
241.668	0.5344
244.676	0.5278
247.722	0.5211
250.806	0.5143
253.928	0.5074
257.089	0.5004
260.29	0.4935
263.53	0.4866
266.81	0.4798
270.132	0.4730
273.495	0.4663
276.899	0.4598
280.346	0.4533
283.836	0.4468
287.37	0.4405
290.947	0.4344
294.569	0.4284
298.236	0.4225
301.949	0.4168
305.708	0.4110
309.513	0.4054
313.366	0.3999
317.267	0.3944
321.217	0.3887
325.216	0.3826
329.264	0.3762
333.363	0.3692
337.513	0.3618
341.715	0.3542
345.969	0.3467
350.276	0.3391
354.636	0.3317
359.051	0.3243
363.521	0.3170
368.046	0.3096
372.628	0.3024
377.266	0.2954
381.963	0.2888
386.718	0.2825
391.532	0.2764
396.406	0.2705
401.341	0.2646
406.337	0.2588
411.395	0.2529
416.517	0.2471
421.702	0.2414
426.951	0.2358
432.266	0.2301
437.648	0.2245
443.096	0.2189
448.612	0.2134
454.196	0.2079
459.851	0.2025
465.575	0.1973
471.371	0.1921
477.239	0.1868
483.18	0.1816
489.195	0.1764
495.285	0.1710
501.45	0.1658
507.693	0.1605
514.013	0.1553
520.412	0.1503
526.89	0.1454
533.449	0.1410
540.09	0.1370
546.814	0.1335
553.621	0.1305
560.513	0.1278
567.49	0.1255
574.555	0.1233
581.707	0.1213
588.949	0.1193
596.281	0.1174
603.703	0.1155
611.219	0.1137
618.828	0.1119
626.531	0.1102
634.331	0.1085
642.228	0.1067
650.222	0.1050
658.317	0.1032
666.512	0.1014
674.809	0.0996
683.21	0.0977
691.715	0.0958
700.326	0.0939
709.044	0.0919
717.871	0.0897
726.807	0.0875
735.855	0.0850
745.016	0.0825
754.29	0.0798
763.68	0.0770
773.187	0.0741
782.812	0.0711
792.557	0.0680
802.424	0.0647
812.413	0.0612
822.526	0.0573
832.766	0.0532
843.133	0.0486
853.629	0.0437
864.255	0.0385
875.014	0.0329
885.907	0.0271
896.935	0.0209
908.101	0.0145
919.406	0.0079
930.851	0.0011
942.439	-0.0058
954.171	-0.0127
966.049	-0.0198
978.076	-0.0269
990.251	-0.0339
1002.579	-0.0409
1015.06	-0.0479
1027.696	-0.0550
1040.489	-0.0619
1053.442	-0.0688
1066.556	-0.0756
1079.833	-0.0824
1093.276	-0.0891
1106.886	-0.0957
1120.665	-0.1022
1134.616	-0.1087
1148.741	-0.1149
1163.041	-0.1211
1177.519	-0.1270
1192.178	-0.1328
1207.019	-0.1383
1222.045	-0.1435
1237.258	-0.1485
1252.66	-0.1532
1268.254	-0.1577
1284.042	-0.1619
1300.027	-0.1657
1316.211	-0.1693
1332.596	-0.1724
1349.185	-0.1751
1365.981	-0.1773
1382.985	-0.1788
1400.202	-0.1798
1417.633	-0.1801
1435.28	-0.1799
1453.148	-0.1791
1471.238	-0.1777
1489.553	-0.1758
1508.096	-0.1733
1526.87	-0.1704
1545.877	-0.1669
1565.121	-0.1630
1584.605	-0.1588
1604.332	-0.1541
1624.303	-0.1492
1644.524	-0.1439
1664.996	-0.1384
1685.723	-0.1326
1706.708	-0.1265
1727.955	-0.1201
1749.466	-0.1135
1771.244	-0.1067
1793.294	-0.0997
1815.618	-0.0923
1838.221	-0.0848
1861.104	-0.0770
1884.272	-0.0689
1907.729	-0.0607
1931.478	-0.0522
1955.523	-0.0436
1979.866	-0.0350
2004.513	-0.0264
2029.467	-0.0177
2054.731	-0.0090
2080.31	-0.0003
2106.207	0.0086
2132.427	0.0176
2158.973	0.0267
2185.849	0.0360
2213.06	0.0455
2240.61	0.0553
2268.503	0.0655
2296.743	0.0760
2325.334	0.0868
2354.282	0.0980
2383.59	0.1095
2413.262	0.1214
2443.305	0.1336
2473.721	0.1462
2504.515	0.1592
2535.693	0.1724
2567.26	0.1860
2599.219	0.1999
2631.576	0.2140
2664.335	0.2283
2697.503	0.2429
2731.084	0.2576
2765.082	0.2726
2799.504	0.2879
2834.354	0.3034
2869.638	0.3192
2905.362	0.3353
2941.53	0.3517
2978.148	0.3684
3015.222	0.3855
3052.758	0.4028
3090.761	0.4203
3129.237	0.4382
3168.192	0.4563
3207.632	0.4747
3247.563	0.4936
3287.991	0.5129
3328.923	0.5327
3370.364	0.5531
3412.32	0.5740
3454.799	0.5954
3497.807	0.6175
3541.351	0.6401
3585.436	0.6633
3630.07	0.6870
3675.26	0.7113
3721.012	0.7361
3767.334	0.7614
3814.233	0.7873
3861.715	0.8138
3909.789	0.8408
3958.46	0.8684
4007.738	0.8965
4057.63	0.9252
4108.142	0.9545
4159.283	0.9843
4211.061	1.0146
4263.483	1.0453
4316.559	1.0766
4370.294	1.1083
4424.699	1.1404
4479.781	1.1728
4535.548	1.2055
4592.01	1.2383
4649.175	1.2713
4707.051	1.3043
4765.648	1.3372
4824.975	1.3701
4885.039	1.4029
4945.852	1.4354
5007.421	1.4676
5069.757	1.4995
5132.87	1.5309
5196.768	1.5619
5261.46	1.5924
5326.959	1.6225
5393.273	1.6521
5460.413	1.6814
5528.388	1.7104
5597.209	1.7390
5666.887	1.7672
5737.433	1.7950
5808.857	1.8223
5881.169	1.8493
5954.383	1.8758
6028.507	1.9020
6103.555	1.9278
6179.536	1.9535
6256.464	1.9790
6334.349	2.0046
6413.204	2.0302
6493.04	2.0560
6573.87	2.0820
6655.706	2.1081
6738.562	2.1341
6822.448	2.1603
6907.379	2.1866
6993.367	2.2129
7080.426	2.2389
7168.568	2.2645
7257.808	2.2896
7348.158	2.3142
7439.633	2.3381
7532.248	2.3611
7626.015	2.3832
7720.949	2.4042
7817.065	2.4242
7914.377	2.4430
8012.901	2.4606
8112.652	2.4771
8213.645	2.4925
8315.894	2.5069
8419.416	2.5205
8524.228	2.5333
8630.343	2.5453
8737.78	2.5566
8846.555	2.5673
8956.683	2.5772
9068.182	2.5864
9181.069	2.5948
9295.362	2.6025
9411.078	2.6093
9528.233	2.6152
9646.849	2.6201
9766.939	2.6237
9888.525	2.6259
10011.625	2.6264
10136.257	2.6250
10262.44	2.6214
10390.195	2.6153
10519.54	2.6063
10650.495	2.5942
10783.08	2.5789
10917.316	2.5607
11053.223	2.5394
11190.821	2.5153
11330.133	2.4886
11471.179	2.4600
11613.98	2.4297
11758.561	2.3982
11904.939	2.3654
12053.141	2.3310
12203.188	2.2953
12355.102	2.2582
12508.907	2.2198
12664.627	2.1801
12822.286	2.1392
12981.907	2.0970
13143.516	2.0538
13307.136	2.0095
13472.793	1.9644
13640.512	1.9184
13810.319	1.8714
13982.24	1.8235
14156.302	1.7746
14332.529	1.7252
14510.951	1.6753
14691.595	1.6248
14874.486	1.5733
15059.655	1.5210
15247.129	1.4681
15436.937	1.4142
15629.106	1.3591
15823.669	1.3027
16020.654	1.2453
16220.091	1.1879
16422.01	1.1309
16626.443	1.0749
16833.422	1.0199
17042.977	0.9660
17255.141	0.9137
17469.945	0.8629
17687.424	0.8133
17907.609	0.7863
18130.537	0.7598
18356.24	0.7338
18584.752	0.7083
18816.107	0.6828
19050.346	0.6568
19287.498	0.6300
19527.604	0.6022
19770.697	0.5736
20016.816	0.5446
