Sens Factor =.8352dB, SERNO: 7007149
10.054	-5.6604
10.179	-5.4872
10.306	-5.3172
10.434	-5.1504
10.564	-4.9868
10.696	-4.8262
10.829	-4.6688
10.964	-4.5145
11.1	-4.3632
11.238	-4.2149
11.378	-4.0695
11.52	-3.9271
11.663	-3.7876
11.809	-3.6509
11.956	-3.5171
12.104	-3.3861
12.255	-3.2579
12.408	-3.1323
12.562	-3.0096
12.718	-2.8895
12.877	-2.7720
13.037	-2.6572
13.199	-2.5449
13.364	-2.4351
13.53	-2.3279
13.698	-2.2232
13.869	-2.1209
14.042	-2.0210
14.216	-1.9236
14.393	-1.8285
14.573	-1.7356
14.754	-1.6451
14.938	-1.5568
15.124	-1.4708
15.312	-1.3870
15.503	-1.3053
15.696	-1.2257
15.891	-1.1483
16.089	-1.0729
16.289	-0.9995
16.492	-0.9282
16.697	-0.8588
16.905	-0.7913
17.115	-0.7258
17.328	-0.6621
17.544	-0.6002
17.763	-0.5401
17.984	-0.4818
18.208	-0.4253
18.434	-0.3705
18.664	-0.3173
18.896	-0.2658
19.131	-0.2160
19.369	-0.1677
19.611	-0.1208
19.855	-0.0756
20.102	-0.0318
20.352	0.0105
20.605	0.0514
20.862	0.0909
21.122	0.1291
21.385	0.1659
21.651	0.2015
21.92	0.2357
22.193	0.2688
22.47	0.3007
22.749	0.3314
23.032	0.3610
23.319	0.3895
23.609	0.4169
23.903	0.4433
24.201	0.4687
24.502	0.4931
24.807	0.5166
25.116	0.5392
25.429	0.5609
25.745	0.5818
26.066	0.6019
26.39	0.6212
26.719	0.6397
27.051	0.6576
27.388	0.6747
27.729	0.6913
28.074	0.7072
28.424	0.7225
28.778	0.7373
29.136	0.7516
29.499	0.7654
29.866	0.7787
30.238	0.7917
30.614	0.8042
30.995	0.8163
31.381	0.8282
31.772	0.8398
32.167	0.8511
32.568	0.8622
32.973	0.8730
33.383	0.8838
33.799	0.8944
34.22	0.9049
34.646	0.9153
35.077	0.9257
35.514	0.9386
35.956	0.9502
36.403	0.9606
36.857	0.9698
37.315	0.9777
37.78	0.9844
38.25	0.9896
38.726	0.9933
39.209	0.9955
39.697	0.9959
40.191	0.9947
40.691	0.9920
41.198	0.9881
41.711	0.9836
42.23	0.9789
42.756	0.9745
43.288	0.9707
43.827	0.9671
44.372	0.9636
44.925	0.9599
45.484	0.9557
46.05	0.9510
46.623	0.9458
47.204	0.9406
47.791	0.9353
48.386	0.9305
48.989	0.9262
49.599	0.9225
50.216	0.9194
50.841	0.9169
51.474	0.9147
52.115	0.9128
52.764	0.9111
53.42	0.9095
54.085	0.9081
54.759	0.9071
55.44	0.9069
56.131	0.9077
56.829	0.9097
57.537	0.9130
58.253	0.9175
58.978	0.9228
59.712	0.9289
60.456	0.9354
61.208	0.9422
61.97	0.9492
62.742	0.9564
63.523	0.9639
64.314	0.9720
65.114	0.9807
65.925	0.9904
66.745	1.0009
67.576	1.0123
68.418	1.0242
69.269	1.0359
70.132	1.0469
71.005	1.0565
71.889	1.0645
72.784	1.0710
73.69	1.0762
74.607	1.0805
75.536	1.0845
76.476	1.0884
77.428	1.0923
78.392	1.0962
79.368	1.1000
80.356	1.1035
81.356	1.1064
82.369	1.1086
83.394	1.1101
84.433	1.1106
85.484	1.1102
86.548	1.1088
87.625	1.1066
88.716	1.1035
89.82	1.0997
90.939	1.0952
92.071	1.0900
93.217	1.0843
94.377	1.0782
95.552	1.0717
96.742	1.0651
97.946	1.0584
99.165	1.0517
100.4	1.0450
101.65	1.0385
102.915	1.0321
104.196	1.0257
105.493	1.0195
106.806	1.0133
108.136	1.0072
109.482	1.0011
110.845	0.9952
112.225	0.9893
113.622	0.9833
115.037	0.9775
116.469	0.9717
117.919	0.9661
119.386	0.9606
120.873	0.9552
122.377	0.9499
123.901	0.9445
125.443	0.9391
127.005	0.9338
128.586	0.9286
130.187	0.9236
131.807	0.9189
133.448	0.9147
135.109	0.9107
136.791	0.9071
138.494	0.9036
140.218	0.9005
141.964	0.8977
143.731	0.8953
145.52	0.8932
147.332	0.8914
149.166	0.8900
151.023	0.8888
152.903	0.8881
154.806	0.8877
156.734	0.8878
158.685	0.8883
160.66	0.8889
162.66	0.8896
164.685	0.8901
166.735	0.8904
168.811	0.8905
170.912	0.8905
173.04	0.8904
175.194	0.8904
177.375	0.8906
179.583	0.8908
181.819	0.8911
184.082	0.8915
186.374	0.8919
188.694	0.8922
191.043	0.8923
193.421	0.8922
195.829	0.8919
198.267	0.8916
200.735	0.8915
203.234	0.8918
205.764	0.8927
208.325	0.8944
210.919	0.8964
213.544	0.8988
216.203	0.9013
218.894	0.9040
221.619	0.9064
224.378	0.9083
227.171	0.9098
229.999	0.9109
232.862	0.9114
235.761	0.9114
238.696	0.9107
241.668	0.9094
244.676	0.9072
247.722	0.9040
250.806	0.8997
253.928	0.8942
257.089	0.8873
260.29	0.8791
263.53	0.8698
266.81	0.8597
270.132	0.8491
273.495	0.8384
276.899	0.8278
280.346	0.8174
283.836	0.8074
287.37	0.7978
290.947	0.7885
294.569	0.7794
298.236	0.7706
301.949	0.7618
305.708	0.7532
309.513	0.7445
313.366	0.7359
317.267	0.7273
321.217	0.7188
325.216	0.7103
329.264	0.7021
333.363	0.6940
337.513	0.6861
341.715	0.6784
345.969	0.6708
350.276	0.6634
354.636	0.6560
359.051	0.6478
363.521	0.6386
368.046	0.6282
372.628	0.6166
377.266	0.6043
381.963	0.5917
386.718	0.5797
391.532	0.5690
396.406	0.5600
401.341	0.5522
406.337	0.5443
411.395	0.5361
416.517	0.5281
421.702	0.5207
426.951	0.5139
432.266	0.5078
437.648	0.5026
443.096	0.4979
448.612	0.4937
454.196	0.4898
459.851	0.4860
465.575	0.4823
471.371	0.4784
477.239	0.4744
483.18	0.4700
489.195	0.4653
495.285	0.4603
501.45	0.4551
507.693	0.4498
514.013	0.4444
520.412	0.4391
526.89	0.4339
533.449	0.4289
540.09	0.4241
546.814	0.4191
553.621	0.4139
560.513	0.4082
567.49	0.4018
574.555	0.3947
581.707	0.3871
588.949	0.3793
596.281	0.3718
603.703	0.3650
611.219	0.3593
618.828	0.3550
626.531	0.3518
634.331	0.3490
642.228	0.3461
650.222	0.3424
658.317	0.3374
666.512	0.3317
674.809	0.3264
683.21	0.3216
691.715	0.3167
700.326	0.3115
709.044	0.3058
717.871	0.2994
726.807	0.2925
735.855	0.2851
745.016	0.2773
754.29	0.2693
763.68	0.2612
773.187	0.2528
782.812	0.2444
792.557	0.2358
802.424	0.2272
812.413	0.2184
822.526	0.2096
832.766	0.2007
843.133	0.1918
853.629	0.1830
864.255	0.1742
875.014	0.1655
885.907	0.1568
896.935	0.1482
908.101	0.1396
919.406	0.1310
930.851	0.1224
942.439	0.1140
954.171	0.1056
966.049	0.0972
978.076	0.0890
990.251	0.0808
1002.579	0.0727
1015.06	0.0646
1027.696	0.0567
1040.489	0.0488
1053.442	0.0412
1066.556	0.0337
1079.833	0.0265
1093.276	0.0196
1106.886	0.0131
1120.665	0.0073
1134.616	0.0023
1148.741	-0.0018
1163.041	-0.0049
1177.519	-0.0072
1192.178	-0.0087
1207.019	-0.0095
1222.045	-0.0100
1237.258	-0.0101
1252.66	-0.0100
1268.254	-0.0097
1284.042	-0.0091
1300.027	-0.0085
1316.211	-0.0076
1332.596	-0.0066
1349.185	-0.0054
1365.981	-0.0040
1382.985	-0.0024
1400.202	-0.0007
1417.633	0.0011
1435.28	0.0029
1453.148	0.0047
1471.238	0.0064
1489.553	0.0081
1508.096	0.0098
1526.87	0.0114
1545.877	0.0130
1565.121	0.0146
1584.605	0.0163
1604.332	0.0183
1624.303	0.0204
1644.524	0.0227
1664.996	0.0252
1685.723	0.0280
1706.708	0.0310
1727.955	0.0341
1749.466	0.0373
1771.244	0.0407
1793.294	0.0442
1815.618	0.0478
1838.221	0.0517
1861.104	0.0557
1884.272	0.0600
1907.729	0.0645
1931.478	0.0693
1955.523	0.0742
1979.866	0.0793
2004.513	0.0846
2029.467	0.0901
2054.731	0.0958
2080.31	0.1017
2106.207	0.1078
2132.427	0.1143
2158.973	0.1213
2185.849	0.1287
2213.06	0.1367
2240.61	0.1450
2268.503	0.1538
2296.743	0.1627
2325.334	0.1716
2354.282	0.1805
2383.59	0.1896
2413.262	0.1991
2443.305	0.2090
2473.721	0.2194
2504.515	0.2303
2535.693	0.2417
2567.26	0.2535
2599.219	0.2657
2631.576	0.2781
2664.335	0.2906
2697.503	0.3032
2731.084	0.3159
2765.082	0.3288
2799.504	0.3419
2834.354	0.3553
2869.638	0.3690
2905.362	0.3829
2941.53	0.3972
2978.148	0.4116
3015.222	0.4263
3052.758	0.4411
3090.761	0.4562
3129.237	0.4715
3168.192	0.4871
3207.632	0.5030
3247.563	0.5192
3287.991	0.5358
3328.923	0.5528
3370.364	0.5703
3412.32	0.5882
3454.799	0.6066
3497.807	0.6255
3541.351	0.6445
3585.436	0.6639
3630.07	0.6834
3675.26	0.7032
3721.012	0.7232
3767.334	0.7437
3814.233	0.7648
3861.715	0.7866
3909.789	0.8091
3958.46	0.8320
4007.738	0.8553
4057.63	0.8790
4108.142	0.9032
4159.283	0.9278
4211.061	0.9528
4263.483	0.9781
4316.559	1.0039
4370.294	1.0300
4424.699	1.0567
4479.781	1.0837
4535.548	1.1110
4592.01	1.1385
4649.175	1.1661
4707.051	1.1937
4765.648	1.2211
4824.975	1.2483
4885.039	1.2752
4945.852	1.3018
5007.421	1.3278
5069.757	1.3533
5132.87	1.3779
5196.768	1.4018
5261.46	1.4247
5326.959	1.4467
5393.273	1.4676
5460.413	1.4875
5528.388	1.5064
5597.209	1.5242
5666.887	1.5412
5737.433	1.5576
5808.857	1.5736
5881.169	1.5893
5954.383	1.6049
6028.507	1.6204
6103.555	1.6359
6179.536	1.6513
6256.464	1.6667
6334.349	1.6820
6413.204	1.6974
6493.04	1.7130
6573.87	1.7288
6655.706	1.7446
6738.562	1.7605
6822.448	1.7764
6907.379	1.7921
6993.367	1.8078
7080.426	1.8231
7168.568	1.8380
7257.808	1.8524
7348.158	1.8661
7439.633	1.8791
7532.248	1.8913
7626.015	1.9025
7720.949	1.9125
7817.065	1.9212
7914.377	1.9285
8012.901	1.9343
8112.652	1.9389
8213.645	1.9427
8315.894	1.9457
8419.416	1.9481
8524.228	1.9498
8630.343	1.9507
8737.78	1.9509
8846.555	1.9503
8956.683	1.9491
9068.182	1.9473
9181.069	1.9449
9295.362	1.9419
9411.078	1.9381
9528.233	1.9331
9646.849	1.9269
9766.939	1.9190
9888.525	1.9095
10011.625	1.8981
10136.257	1.8847
10262.44	1.8692
10390.195	1.8514
10519.54	1.8314
10650.495	1.8091
10783.08	1.7846
10917.316	1.7580
11053.223	1.7292
11190.821	1.6984
11330.133	1.6655
11471.179	1.6305
11613.98	1.5933
11758.561	1.5540
11904.939	1.5128
12053.141	1.4700
12203.188	1.4259
12355.102	1.3809
12508.907	1.3348
12664.627	1.2877
12822.286	1.2397
12981.907	1.1908
13143.516	1.1411
13307.136	1.0907
13472.793	1.0394
13640.512	0.9868
13810.319	0.9330
13982.24	0.8782
14156.302	0.8224
14332.529	0.7659
14510.951	0.7088
14691.595	0.6511
14874.486	0.5928
15059.655	0.5339
15247.129	0.4743
15436.937	0.4142
15629.106	0.3535
15823.669	0.2925
16020.654	0.2310
16220.091	0.1696
16422.01	0.1085
16626.443	0.0480
16833.422	-0.0115
17042.977	-0.0700
17255.141	-0.1270
17469.945	-0.1823
17687.424	-0.2354
17907.609	-0.2656
18130.537	-0.2961
18356.24	-0.3268
18584.752	-0.3579
18816.107	-0.3894
19050.346	-0.4212
19287.498	-0.4531
19527.604	-0.4849
19770.697	-0.5165
20016.816	-0.5484
