Sens Factor =-.8190dB, SERNO: 7007134
10.054	-5.2854
10.179	-5.1134
10.306	-4.9445
10.434	-4.7789
10.564	-4.6164
10.696	-4.4570
10.829	-4.3008
10.964	-4.1476
11.1	-3.9975
11.238	-3.8503
11.378	-3.7061
11.52	-3.5649
11.663	-3.4265
11.809	-3.2910
11.956	-3.1583
12.104	-3.0286
12.255	-2.9015
12.408	-2.7771
12.562	-2.6555
12.718	-2.5366
12.877	-2.4202
13.037	-2.3066
13.199	-2.1955
13.364	-2.0869
13.53	-1.9808
13.698	-1.8773
13.869	-1.7761
14.042	-1.6774
14.216	-1.5811
14.393	-1.4872
14.573	-1.3955
14.754	-1.3061
14.938	-1.2190
15.124	-1.1342
15.312	-1.0515
15.503	-0.9710
15.696	-0.8926
15.891	-0.8163
16.089	-0.7420
16.289	-0.6699
16.492	-0.5996
16.697	-0.5314
16.905	-0.4651
17.115	-0.4007
17.328	-0.3382
17.544	-0.2775
17.763	-0.2186
17.984	-0.1615
18.208	-0.1061
18.434	-0.0524
18.664	-0.0004
18.896	0.0499
19.131	0.0986
19.369	0.1458
19.611	0.1914
19.855	0.2355
20.102	0.2781
20.352	0.3192
20.605	0.3590
20.862	0.3973
21.122	0.4344
21.385	0.4700
21.651	0.5044
21.92	0.5375
22.193	0.5694
22.47	0.6002
22.749	0.6297
23.032	0.6581
23.319	0.6855
23.609	0.7117
23.903	0.7369
24.201	0.7612
24.502	0.7845
24.807	0.8068
25.116	0.8282
25.429	0.8488
25.745	0.8685
26.066	0.8874
26.39	0.9055
26.719	0.9230
27.051	0.9396
27.388	0.9556
27.729	0.9710
28.074	0.9858
28.424	0.9999
28.778	1.0136
29.136	1.0267
29.499	1.0393
29.866	1.0515
30.238	1.0632
30.614	1.0746
30.995	1.0856
31.381	1.0963
31.772	1.1067
32.167	1.1169
32.568	1.1268
32.973	1.1365
33.383	1.1461
33.799	1.1555
34.22	1.1649
34.646	1.1741
35.077	1.1834
35.514	1.1915
35.956	1.2004
36.403	1.2098
36.857	1.2196
37.315	1.2296
37.78	1.2398
38.25	1.2502
38.726	1.2612
39.209	1.2728
39.697	1.2853
40.191	1.2987
40.691	1.3129
41.198	1.3272
41.711	1.3409
42.23	1.3528
42.756	1.3621
43.288	1.3685
43.827	1.3722
44.372	1.3737
44.925	1.3740
45.484	1.3737
46.05	1.3735
46.623	1.3737
47.204	1.3743
47.791	1.3755
48.386	1.3770
48.989	1.3787
49.599	1.3802
50.216	1.3812
50.841	1.3812
51.474	1.3804
52.115	1.3787
52.764	1.3765
53.42	1.3742
54.085	1.3719
54.759	1.3696
55.44	1.3671
56.131	1.3640
56.829	1.3599
57.537	1.3548
58.253	1.3484
58.978	1.3411
59.712	1.3329
60.456	1.3242
61.208	1.3149
61.97	1.3053
62.742	1.2954
63.523	1.2851
64.314	1.2743
65.114	1.2628
65.925	1.2504
66.745	1.2370
67.576	1.2227
68.418	1.2080
69.269	1.1936
70.132	1.1805
71.005	1.1697
71.889	1.1614
72.784	1.1555
73.69	1.1514
74.607	1.1485
75.536	1.1461
76.476	1.1436
77.428	1.1410
78.392	1.1380
79.368	1.1347
80.356	1.1312
81.356	1.1276
82.369	1.1244
83.394	1.1220
84.433	1.1208
85.484	1.1209
86.548	1.1222
87.625	1.1245
88.716	1.1274
89.82	1.1304
90.939	1.1332
92.071	1.1354
93.217	1.1367
94.377	1.1369
95.552	1.1360
96.742	1.1340
97.946	1.1311
99.165	1.1272
100.4	1.1227
101.65	1.1176
102.915	1.1120
104.196	1.1059
105.493	1.0992
106.806	1.0919
108.136	1.0841
109.482	1.0756
110.845	1.0666
112.225	1.0573
113.622	1.0476
115.037	1.0377
116.469	1.0276
117.919	1.0173
119.386	1.0069
120.873	0.9962
122.377	0.9853
123.901	0.9742
125.443	0.9626
127.005	0.9506
128.586	0.9382
130.187	0.9252
131.807	0.9119
133.448	0.8982
135.109	0.8843
136.791	0.8703
138.494	0.8563
140.218	0.8424
141.964	0.8286
143.731	0.8149
145.52	0.8014
147.332	0.7880
149.166	0.7750
151.023	0.7624
152.903	0.7501
154.806	0.7382
156.734	0.7268
158.685	0.7159
160.66	0.7057
162.66	0.6961
164.685	0.6872
166.735	0.6787
168.811	0.6704
170.912	0.6621
173.04	0.6536
175.194	0.6447
177.375	0.6354
179.583	0.6257
181.819	0.6157
184.082	0.6055
186.374	0.5951
188.694	0.5847
191.043	0.5742
193.421	0.5639
195.829	0.5537
198.267	0.5438
200.735	0.5341
203.234	0.5243
205.764	0.5141
208.325	0.5035
210.919	0.4924
213.544	0.4811
216.203	0.4698
218.894	0.4584
221.619	0.4469
224.378	0.4353
227.171	0.4236
229.999	0.4118
232.862	0.3998
235.761	0.3879
238.696	0.3760
241.668	0.3644
244.676	0.3529
247.722	0.3418
250.806	0.3309
253.928	0.3204
257.089	0.3103
260.29	0.3007
263.53	0.2914
266.81	0.2823
270.132	0.2732
273.495	0.2639
276.899	0.2544
280.346	0.2449
283.836	0.2356
287.37	0.2265
290.947	0.2177
294.569	0.2093
298.236	0.2011
301.949	0.1931
305.708	0.1850
309.513	0.1767
313.366	0.1683
317.267	0.1598
321.217	0.1513
325.216	0.1428
329.264	0.1345
333.363	0.1264
337.513	0.1190
341.715	0.1126
345.969	0.1072
350.276	0.1026
354.636	0.0989
359.051	0.0958
363.521	0.0929
368.046	0.0904
372.628	0.0882
377.266	0.0863
381.963	0.0844
386.718	0.0822
391.532	0.0791
396.406	0.0747
401.341	0.0697
406.337	0.0654
411.395	0.0620
416.517	0.0595
421.702	0.0578
426.951	0.0565
432.266	0.0557
437.648	0.0551
443.096	0.0548
448.612	0.0548
454.196	0.0550
459.851	0.0555
465.575	0.0560
471.371	0.0566
477.239	0.0573
483.18	0.0582
489.195	0.0593
495.285	0.0607
501.45	0.0624
507.693	0.0644
514.013	0.0668
520.412	0.0693
526.89	0.0720
533.449	0.0746
540.09	0.0770
546.814	0.0790
553.621	0.0806
560.513	0.0816
567.49	0.0820
574.555	0.0821
581.707	0.0818
588.949	0.0811
596.281	0.0802
603.703	0.0792
611.219	0.0781
618.828	0.0771
626.531	0.0759
634.331	0.0749
642.228	0.0744
650.222	0.0750
658.317	0.0768
666.512	0.0791
674.809	0.0804
683.21	0.0805
691.715	0.0793
700.326	0.0773
709.044	0.0747
717.871	0.0717
726.807	0.0685
735.855	0.0652
745.016	0.0619
754.29	0.0586
763.68	0.0554
773.187	0.0522
782.812	0.0491
792.557	0.0460
802.424	0.0430
812.413	0.0400
822.526	0.0369
832.766	0.0340
843.133	0.0310
853.629	0.0282
864.255	0.0255
875.014	0.0230
885.907	0.0206
896.935	0.0184
908.101	0.0164
919.406	0.0147
930.851	0.0134
942.439	0.0124
954.171	0.0116
966.049	0.0109
978.076	0.0105
990.251	0.0102
1002.579	0.0102
1015.06	0.0105
1027.696	0.0111
1040.489	0.0119
1053.442	0.0130
1066.556	0.0142
1079.833	0.0155
1093.276	0.0169
1106.886	0.0185
1120.665	0.0203
1134.616	0.0223
1148.741	0.0246
1163.041	0.0271
1177.519	0.0298
1192.178	0.0326
1207.019	0.0356
1222.045	0.0389
1237.258	0.0424
1252.66	0.0462
1268.254	0.0503
1284.042	0.0546
1300.027	0.0592
1316.211	0.0640
1332.596	0.0691
1349.185	0.0744
1365.981	0.0799
1382.985	0.0857
1400.202	0.0916
1417.633	0.0978
1435.28	0.1041
1453.148	0.1107
1471.238	0.1176
1489.553	0.1246
1508.096	0.1318
1526.87	0.1390
1545.877	0.1462
1565.121	0.1534
1584.605	0.1606
1604.332	0.1679
1624.303	0.1753
1644.524	0.1827
1664.996	0.1901
1685.723	0.1976
1706.708	0.2051
1727.955	0.2126
1749.466	0.2203
1771.244	0.2281
1793.294	0.2361
1815.618	0.2443
1838.221	0.2528
1861.104	0.2614
1884.272	0.2702
1907.729	0.2793
1931.478	0.2885
1955.523	0.2980
1979.866	0.3077
2004.513	0.3176
2029.467	0.3276
2054.731	0.3380
2080.31	0.3486
2106.207	0.3597
2132.427	0.3714
2158.973	0.3836
2185.849	0.3964
2213.06	0.4099
2240.61	0.4240
2268.503	0.4388
2296.743	0.4545
2325.334	0.4709
2354.282	0.4882
2383.59	0.5061
2413.262	0.5244
2443.305	0.5433
2473.721	0.5625
2504.515	0.5820
2535.693	0.6019
2567.26	0.6221
2599.219	0.6425
2631.576	0.6630
2664.335	0.6836
2697.503	0.7044
2731.084	0.7252
2765.082	0.7462
2799.504	0.7674
2834.354	0.7887
2869.638	0.8102
2905.362	0.8319
2941.53	0.8537
2978.148	0.8757
3015.222	0.8978
3052.758	0.9201
3090.761	0.9426
3129.237	0.9654
3168.192	0.9883
3207.632	1.0115
3247.563	1.0350
3287.991	1.0588
3328.923	1.0828
3370.364	1.1073
3412.32	1.1320
3454.799	1.1571
3497.807	1.1823
3541.351	1.2076
3585.436	1.2329
3630.07	1.2584
3675.26	1.2839
3721.012	1.3097
3767.334	1.3355
3814.233	1.3616
3861.715	1.3880
3909.789	1.4149
3958.46	1.4426
4007.738	1.4712
4057.63	1.5007
4108.142	1.5309
4159.283	1.5618
4211.061	1.5934
4263.483	1.6256
4316.559	1.6583
4370.294	1.6915
4424.699	1.7252
4479.781	1.7592
4535.548	1.7934
4592.01	1.8278
4649.175	1.8622
4707.051	1.8964
4765.648	1.9305
4824.975	1.9642
4885.039	1.9974
4945.852	2.0300
5007.421	2.0619
5069.757	2.0929
5132.87	2.1232
5196.768	2.1528
5261.46	2.1817
5326.959	2.2102
5393.273	2.2382
5460.413	2.2659
5528.388	2.2933
5597.209	2.3203
5666.887	2.3470
5737.433	2.3733
5808.857	2.3992
5881.169	2.4246
5954.383	2.4495
6028.507	2.4740
6103.555	2.4981
6179.536	2.5217
6256.464	2.5449
6334.349	2.5676
6413.204	2.5896
6493.04	2.6108
6573.87	2.6310
6655.706	2.6503
6738.562	2.6687
6822.448	2.6862
6907.379	2.7028
6993.367	2.7186
7080.426	2.7336
7168.568	2.7478
7257.808	2.7612
7348.158	2.7738
7439.633	2.7857
7532.248	2.7967
7626.015	2.8070
7720.949	2.8165
7817.065	2.8254
7914.377	2.8335
8012.901	2.8409
8112.652	2.8474
8213.645	2.8532
8315.894	2.8584
8419.416	2.8631
8524.228	2.8672
8630.343	2.8708
8737.78	2.8738
8846.555	2.8760
8956.683	2.8775
9068.182	2.8780
9181.069	2.8774
9295.362	2.8759
9411.078	2.8731
9528.233	2.8691
9646.849	2.8637
9766.939	2.8569
9888.525	2.8484
10011.625	2.8383
10136.257	2.8264
10262.44	2.8123
10390.195	2.7961
10519.54	2.7776
10650.495	2.7568
10783.08	2.7330
10917.316	2.7063
11053.223	2.6768
11190.821	2.6442
11330.133	2.6084
11471.179	2.5695
11613.98	2.5276
11758.561	2.4832
11904.939	2.4363
12053.141	2.3869
12203.188	2.3348
12355.102	2.2805
12508.907	2.2244
12664.627	2.1667
12822.286	2.1078
12981.907	2.0481
13143.516	1.9874
13307.136	1.9258
13472.793	1.8634
13640.512	1.8001
13810.319	1.7358
13982.24	1.6705
14156.302	1.6042
14332.529	1.5366
14510.951	1.4679
14691.595	1.3979
14874.486	1.3267
15059.655	1.2544
15247.129	1.1809
15436.937	1.1065
15629.106	1.0313
15823.669	0.9556
16020.654	0.8792
16220.091	0.8024
16422.01	0.7252
16626.443	0.6476
16833.422	0.5691
17042.977	0.4911
17255.141	0.4133
17469.945	0.3367
17687.424	0.2625
17907.609	0.2203
18130.537	0.1784
18356.24	0.1366
18584.752	0.0954
18816.107	0.0550
19050.346	0.0156
19287.498	-0.0230
19527.604	-0.0610
19770.697	-0.0985
20016.816	-0.1351
