Sens Factor =-.1813dB, SERNO: 7007153
"Auto-generated 90-degree calibration file"
10.054	-4.6676
10.179	-4.5035
10.306	-4.3427
10.434	-4.1850
10.564	-4.0305
10.696	-3.8791
10.829	-3.7308
10.964	-3.5856
11.100	-3.4434
11.238	-3.3042
11.378	-3.1680
11.520	-3.0347
11.663	-2.9043
11.809	-2.7768
11.956	-2.6521
12.104	-2.5303
12.255	-2.4111
12.408	-2.2948
12.562	-2.1811
12.718	-2.0701
12.877	-1.9618
13.037	-1.8561
13.199	-1.7529
13.364	-1.6523
13.530	-1.5542
13.698	-1.4586
13.869	-1.3655
14.042	-1.2747
14.216	-1.1864
14.393	-1.1004
14.573	-1.0167
14.754	-0.9353
14.938	-0.8562
15.124	-0.7793
15.312	-0.7046
15.503	-0.6320
15.696	-0.5616
15.891	-0.4933
16.089	-0.4270
16.289	-0.3628
16.492	-0.3006
16.697	-0.2403
16.905	-0.1820
17.115	-0.1255
17.328	-0.0710
17.544	-0.0182
17.763	0.0327
17.984	0.0818
18.208	0.1293
18.434	0.1749
18.664	0.2190
18.896	0.2613
19.131	0.3021
19.369	0.3413
19.611	0.3789
19.855	0.4151
20.102	0.4497
20.352	0.4829
20.605	0.5147
20.862	0.5451
21.122	0.5741
21.385	0.6018
21.651	0.6282
21.920	0.6534
22.193	0.6773
22.470	0.7001
22.749	0.7216
23.032	0.7421
23.319	0.7615
23.609	0.7798
23.903	0.7970
24.201	0.8133
24.502	0.8286
24.807	0.8429
25.116	0.8564
25.429	0.8690
25.745	0.8808
26.066	0.8917
26.390	0.9019
26.719	0.9113
27.051	0.9200
27.388	0.9281
27.729	0.9355
28.074	0.9423
28.424	0.9485
28.778	0.9541
29.136	0.9593
29.499	0.9639
29.866	0.9681
30.238	0.9719
30.614	0.9753
30.995	0.9784
31.381	0.9811
31.772	0.9835
32.167	0.9857
32.568	0.9877
32.973	0.9894
33.383	0.9910
33.799	0.9925
34.220	0.9939
34.646	0.9952
35.077	0.9964
35.514	0.9981
35.956	0.9996
36.403	1.0009
36.857	1.0020
37.315	1.0028
37.780	1.0032
38.250	1.0031
38.726	1.0025
39.209	1.0013
39.697	0.9994
40.191	0.9968
40.691	0.9933
41.198	0.9889
41.711	0.9834
42.230	0.9767
42.756	0.9687
43.288	0.9594
43.827	0.9491
44.372	0.9378
44.925	0.9259
45.484	0.9135
46.050	0.9010
46.623	0.8884
47.204	0.8761
47.791	0.8643
48.386	0.8533
48.989	0.8431
49.599	0.8339
50.216	0.8255
50.841	0.8178
51.474	0.8107
52.115	0.8040
52.764	0.7979
53.420	0.7922
54.085	0.7870
54.759	0.7823
55.440	0.7782
56.131	0.7746
56.829	0.7715
57.537	0.7688
58.253	0.7663
58.978	0.7640
59.712	0.7617
60.456	0.7593
61.208	0.7567
61.970	0.7538
62.742	0.7507
63.523	0.7475
64.314	0.7442
65.114	0.7410
65.925	0.7379
66.745	0.7350
67.576	0.7323
68.418	0.7300
69.269	0.7281
70.132	0.7267
71.005	0.7256
71.889	0.7247
72.784	0.7238
73.690	0.7227
74.607	0.7214
75.536	0.7197
76.476	0.7178
77.428	0.7156
78.392	0.7133
79.368	0.7105
80.356	0.7072
81.356	0.7033
82.369	0.6986
83.394	0.6932
84.433	0.6870
85.484	0.6800
86.548	0.6724
87.625	0.6640
88.716	0.6548
89.820	0.6451
90.939	0.6347
92.071	0.6238
93.217	0.6125
94.377	0.6008
95.552	0.5887
96.742	0.5764
97.946	0.5640
99.165	0.5514
100.400	0.5390
101.650	0.5266
102.915	0.5144
104.196	0.5023
105.493	0.4903
106.806	0.4783
108.136	0.4663
109.482	0.4544
110.845	0.4426
112.225	0.4309
113.622	0.4192
115.037	0.4078
116.469	0.3965
117.919	0.3855
119.386	0.3750
120.873	0.3648
122.377	0.3549
123.901	0.3453
125.443	0.3359
127.005	0.3267
128.586	0.3176
130.187	0.3088
131.807	0.3003
133.448	0.2921
135.109	0.2842
136.791	0.2765
138.494	0.2689
140.218	0.2616
141.964	0.2546
143.731	0.2479
145.520	0.2415
147.332	0.2353
149.166	0.2294
151.023	0.2236
152.903	0.2182
154.806	0.2129
156.734	0.2079
158.685	0.2032
160.660	0.1986
162.660	0.1942
164.685	0.1898
166.735	0.1854
168.811	0.1809
170.912	0.1764
173.040	0.1720
175.194	0.1679
177.375	0.1641
179.583	0.1605
181.819	0.1571
184.082	0.1540
186.374	0.1510
188.694	0.1480
191.043	0.1450
193.421	0.1418
195.829	0.1384
198.267	0.1348
200.735	0.1313
203.234	0.1280
205.764	0.1250
208.325	0.1225
210.919	0.1203
213.544	0.1183
216.203	0.1165
218.894	0.1147
221.619	0.1129
224.378	0.1110
227.171	0.1090
229.999	0.1070
232.862	0.1049
235.761	0.1027
238.696	0.1005
241.668	0.0983
244.676	0.0962
247.722	0.0939
250.806	0.0915
253.928	0.0889
257.089	0.0860
260.290	0.0828
263.530	0.0792
266.810	0.0754
270.132	0.0715
273.495	0.0677
276.899	0.0641
280.346	0.0606
283.836	0.0574
287.370	0.0544
290.947	0.0515
294.569	0.0486
298.236	0.0456
301.949	0.0427
305.708	0.0397
309.513	0.0367
313.366	0.0337
317.267	0.0308
321.217	0.0282
325.216	0.0258
329.264	0.0238
333.363	0.0221
337.513	0.0207
341.715	0.0195
345.969	0.0184
350.276	0.0175
354.636	0.0166
359.051	0.0157
363.521	0.0146
368.046	0.0132
372.628	0.0115
377.266	0.0099
381.963	0.0085
386.718	0.0077
391.532	0.0079
396.406	0.0096
401.341	0.0122
406.337	0.0147
411.395	0.0168
416.517	0.0185
421.702	0.0200
426.951	0.0213
432.266	0.0226
437.648	0.0239
443.096	0.0253
448.612	0.0269
454.196	0.0285
459.851	0.0302
465.575	0.0319
471.371	0.0336
477.239	0.0354
483.180	0.0370
489.195	0.0385
495.285	0.0399
501.450	0.0413
507.693	0.0427
514.013	0.0442
520.412	0.0458
526.890	0.0476
533.449	0.0496
540.090	0.0518
546.814	0.0541
553.621	0.0563
560.513	0.0585
567.490	0.0604
574.555	0.0622
581.707	0.0639
588.949	0.0655
596.281	0.0673
603.703	0.0693
611.219	0.0717
618.828	0.0746
626.531	0.0779
634.331	0.0812
642.228	0.0841
650.222	0.0861
658.317	0.0869
666.512	0.0869
674.809	0.0870
683.210	0.0874
691.715	0.0878
700.326	0.0881
709.044	0.0882
717.871	0.0881
726.807	0.0877
735.855	0.0870
745.016	0.0862
754.290	0.0851
763.680	0.0837
773.187	0.0817
782.812	0.0796
792.557	0.0772
802.424	0.0747
812.413	0.0721
822.526	0.0692
832.766	0.0662
843.133	0.0634
853.629	0.0604
864.255	0.0572
875.014	0.0542
885.907	0.0511
896.935	0.0480
908.101	0.0448
919.406	0.0414
930.851	0.0380
942.439	0.0343
954.171	0.0307
966.049	0.0270
978.076	0.0234
990.251	0.0200
1002.579	0.0168
1015.060	0.0137
1027.696	0.0105
1040.489	0.0074
1053.442	0.0045
1066.556	0.0017
1079.833	-0.0009
1093.276	-0.0031
1106.886	-0.0052
1120.665	-0.0067
1134.616	-0.0078
1148.741	-0.0082
1163.041	-0.0080
1177.519	-0.0073
1192.178	-0.0059
1207.019	-0.0041
1222.045	-0.0024
1237.258	-0.0004
1252.660	0.0018
1268.254	0.0041
1284.042	0.0066
1300.027	0.0093
1316.211	0.0123
1332.596	0.0153
1349.185	0.0186
1365.981	0.0215
1382.985	0.0244
1400.202	0.0274
1417.633	0.0302
1435.280	0.0331
1453.148	0.0355
1471.238	0.0378
1489.553	0.0399
1508.096	0.0418
1526.870	0.0436
1545.877	0.0455
1565.121	0.0475
1584.605	0.0494
1604.332	0.0514
1624.303	0.0533
1644.524	0.0552
1664.996	0.0569
1685.723	0.0586
1706.708	0.0602
1727.955	0.0611
1749.466	0.0619
1771.244	0.0627
1793.294	0.0635
1815.618	0.0642
1838.221	0.0653
1861.104	0.0663
1884.272	0.0676
1907.729	0.0690
1931.478	0.0699
1955.523	0.0705
1979.866	0.0712
2004.513	0.0718
2029.467	0.0725
2054.731	0.0732
2080.310	0.0739
2106.207	0.0746
2132.427	0.0756
2158.973	0.0766
2185.849	0.0777
2213.060	0.0789
2240.610	0.0805
2268.503	0.0822
2296.743	0.0842
2325.334	0.0864
2354.282	0.0885
2383.590	0.0907
2413.262	0.0932
2443.305	0.0957
2473.721	0.0985
2504.515	0.1016
2535.693	0.1052
2567.260	0.1088
2599.219	0.1122
2631.576	0.1155
2664.335	0.1186
2697.503	0.1215
2731.084	0.1245
2765.082	0.1275
2799.504	0.1305
2834.354	0.1336
2869.638	0.1367
2905.362	0.1391
2941.530	0.1416
2978.148	0.1440
3015.222	0.1464
3052.758	0.1487
3090.761	0.1508
3129.237	0.1528
3168.192	0.1549
3207.632	0.1569
3247.563	0.1588
3287.991	0.1604
3328.923	0.1623
3370.364	0.1643
3412.320	0.1665
3454.799	0.1689
3497.807	0.1713
3541.351	0.1736
3585.436	0.1759
3630.070	0.1780
3675.260	0.1801
3721.012	0.1821
3767.334	0.1844
3814.233	0.1868
3861.715	0.1891
3909.789	0.1913
3958.460	0.1931
4007.738	0.1946
4057.630	0.1958
4108.142	0.1962
4159.283	0.1965
4211.061	0.1965
4263.483	0.1965
4316.559	0.1965
4370.294	0.1968
4424.699	0.1972
4479.781	0.1978
4535.548	0.1985
4592.010	0.1988
4649.175	0.1988
4707.051	0.1985
4765.648	0.1976
4824.975	0.1962
4885.039	0.1927
4945.852	0.1880
5007.421	0.1824
5069.757	0.1755
5132.870	0.1670
5196.768	0.1559
5261.460	0.1429
5326.959	0.1281
5393.273	0.1113
5460.413	0.0923
5528.388	0.0713
5597.209	0.0481
5666.887	0.0233
5737.433	-0.0027
5808.857	-0.0295
5881.169	-0.0571
5954.383	-0.0854
6028.507	-0.1142
6103.555	-0.1437
6179.536	-0.1737
6256.464	-0.2043
6334.349	-0.2352
6413.204	-0.2663
6493.040	-0.2976
6573.870	-0.3291
6655.706	-0.3607
6738.562	-0.3927
6822.448	-0.4250
6907.379	-0.4577
6993.367	-0.4909
7080.426	-0.5250
7168.568	-0.5599
7257.808	-0.5957
7348.158	-0.6319
7439.633	-0.6694
7532.248	-0.7085
7626.015	-0.7494
7720.949	-0.7913
7817.065	-0.8346
7914.377	-0.8797
8012.901	-0.9269
8112.652	-0.9758
8213.645	-1.0250
8315.894	-1.0754
8419.416	-1.1268
8524.228	-1.1790
8630.343	-1.2322
8737.780	-1.2858
8846.555	-1.3399
8956.683	-1.3946
9068.182	-1.4497
9181.069	-1.5051
9295.362	-1.5608
9411.078	-1.6172
9528.233	-1.6748
9646.849	-1.7337
9766.939	-1.7949
9888.525	-1.8583
10011.625	-1.9235
10136.257	-1.9911
10262.440	-2.0609
10390.195	-2.1317
10519.540	-2.2052
10650.495	-2.2811
10783.080	-2.3594
10917.316	-2.4398
11053.223	-2.5221
11190.821	-2.6065
11330.133	-2.6928
11471.179	-2.7813
11613.980	-2.8712
11758.561	-2.9627
11904.939	-3.0555
12053.141	-3.1492
12203.188	-3.2432
12355.102	-3.3366
12508.907	-3.4302
12664.627	-3.5242
12822.286	-3.6190
12981.907	-3.7140
13143.516	-3.8093
13307.136	-3.9052
13472.793	-4.0023
13640.512	-4.1003
13810.319	-4.1989
13982.240	-4.2983
14156.302	-4.3988
14332.529	-4.5003
14510.951	-4.6023
14691.595	-4.7044
14874.486	-4.8072
15059.655	-4.9109
15247.129	-5.0153
15436.937	-5.1198
15629.106	-5.2245
15823.669	-5.3295
16020.654	-5.4350
16220.091	-5.5408
16422.010	-5.6461
16626.443	-5.7507
16833.422	-5.8545
17042.977	-5.9570
17255.141	-6.0573
17469.945	-6.1550
17687.424	-6.2503
17907.609	-6.3357
18130.537	-6.4218
18356.240	-6.5084
18584.752	-6.5954
18816.107	-6.6834
19050.346	-6.7722
19287.498	-6.8617
19527.604	-6.9523
19770.697	-7.0440
20016.816	-7.1372
