Sens Factor =.56030dB, SERNO: 7007174
"Auto-generated 90-degree calibration file"
10.054	-4.6772
10.179	-4.5212
10.306	-4.3684
10.434	-4.2187
10.564	-4.0722
10.696	-3.9289
10.829	-3.7887
10.964	-3.6515
11.100	-3.5173
11.238	-3.3861
11.378	-3.2579
11.520	-3.1327
11.663	-3.0103
11.809	-2.8909
11.956	-2.7742
12.104	-2.6603
12.255	-2.5493
12.408	-2.4409
12.562	-2.3353
12.718	-2.2323
12.877	-2.1320
13.037	-2.0343
13.199	-1.9392
13.364	-1.8466
13.530	-1.7566
13.698	-1.6690
13.869	-1.5839
14.042	-1.5012
14.216	-1.4208
14.393	-1.3429
14.573	-1.2672
14.754	-1.1939
14.938	-1.1228
15.124	-1.0539
15.312	-0.9872
15.503	-0.9227
15.696	-0.8603
15.891	-0.8000
16.089	-0.7418
16.289	-0.6855
16.492	-0.6313
16.697	-0.5791
16.905	-0.5288
17.115	-0.4804
17.328	-0.4338
17.544	-0.3891
17.763	-0.3463
17.984	-0.3051
18.208	-0.2658
18.434	-0.2281
18.664	-0.1921
18.896	-0.1577
19.131	-0.1250
19.369	-0.0938
19.611	-0.0642
19.855	-0.0361
20.102	-0.0095
20.352	0.0156
20.605	0.0394
20.862	0.0617
21.122	0.0827
21.385	0.1024
21.651	0.1208
21.920	0.1380
22.193	0.1539
22.470	0.1686
22.749	0.1821
23.032	0.1946
23.319	0.2059
23.609	0.2162
23.903	0.2254
24.201	0.2336
24.502	0.2409
24.807	0.2472
25.116	0.2527
25.429	0.2572
25.745	0.2610
26.066	0.2639
26.390	0.2660
26.719	0.2674
27.051	0.2681
27.388	0.2681
27.729	0.2675
28.074	0.2663
28.424	0.2644
28.778	0.2621
29.136	0.2592
29.499	0.2558
29.866	0.2520
30.238	0.2478
30.614	0.2431
30.995	0.2382
31.381	0.2328
31.772	0.2273
32.167	0.2214
32.568	0.2153
32.973	0.2091
33.383	0.2026
33.799	0.1961
34.220	0.1894
34.646	0.1827
35.077	0.1759
35.514	0.1714
35.956	0.1655
36.403	0.1585
36.857	0.1507
37.315	0.1422
37.780	0.1333
38.250	0.1243
38.726	0.1154
39.209	0.1069
39.697	0.0988
40.191	0.0915
40.691	0.0850
41.198	0.0796
41.711	0.0755
42.230	0.0728
42.756	0.0715
43.288	0.0710
43.827	0.0708
44.372	0.0703
44.925	0.0689
45.484	0.0661
46.050	0.0618
46.623	0.0558
47.204	0.0485
47.791	0.0403
48.386	0.0319
48.989	0.0240
49.599	0.0175
50.216	0.0128
50.841	0.0106
51.474	0.0108
52.115	0.0132
52.764	0.0175
53.420	0.0232
54.085	0.0297
54.759	0.0370
55.440	0.0450
56.131	0.0537
56.829	0.0632
57.537	0.0736
58.253	0.0846
58.978	0.0962
59.712	0.1081
60.456	0.1202
61.208	0.1322
61.970	0.1440
62.742	0.1553
63.523	0.1660
64.314	0.1757
65.114	0.1843
65.925	0.1917
66.745	0.1977
67.576	0.2020
68.418	0.2047
69.269	0.2054
70.132	0.2041
71.005	0.2008
71.889	0.1957
72.784	0.1896
73.690	0.1828
74.607	0.1761
75.536	0.1698
76.476	0.1641
77.428	0.1592
78.392	0.1546
79.368	0.1503
80.356	0.1455
81.356	0.1401
82.369	0.1336
83.394	0.1260
84.433	0.1170
85.484	0.1065
86.548	0.0947
87.625	0.0818
88.716	0.0682
89.820	0.0543
90.939	0.0404
92.071	0.0266
93.217	0.0131
94.377	0.0001
95.552	-0.0125
96.742	-0.0245
97.946	-0.0357
99.165	-0.0462
100.400	-0.0559
101.650	-0.0649
102.915	-0.0733
104.196	-0.0811
105.493	-0.0886
106.806	-0.0956
108.136	-0.1022
109.482	-0.1081
110.845	-0.1133
112.225	-0.1178
113.622	-0.1218
115.037	-0.1254
116.469	-0.1287
117.919	-0.1315
119.386	-0.1341
120.873	-0.1364
122.377	-0.1385
123.901	-0.1402
125.443	-0.1417
127.005	-0.1428
128.586	-0.1434
130.187	-0.1434
131.807	-0.1427
133.448	-0.1413
135.109	-0.1394
136.791	-0.1372
138.494	-0.1350
140.218	-0.1328
141.964	-0.1306
143.731	-0.1283
145.520	-0.1258
147.332	-0.1231
149.166	-0.1201
151.023	-0.1172
152.903	-0.1144
154.806	-0.1120
156.734	-0.1102
158.685	-0.1091
160.660	-0.1088
162.660	-0.1094
164.685	-0.1108
166.735	-0.1129
168.811	-0.1156
170.912	-0.1188
173.040	-0.1220
175.194	-0.1253
177.375	-0.1285
179.583	-0.1315
181.819	-0.1343
184.082	-0.1369
186.374	-0.1394
188.694	-0.1415
191.043	-0.1429
193.421	-0.1437
195.829	-0.1435
198.267	-0.1424
200.735	-0.1403
203.234	-0.1374
205.764	-0.1339
208.325	-0.1298
210.919	-0.1251
213.544	-0.1201
216.203	-0.1148
218.894	-0.1095
221.619	-0.1045
224.378	-0.0999
227.171	-0.0959
229.999	-0.0923
232.862	-0.0892
235.761	-0.0867
238.696	-0.0851
241.668	-0.0845
244.676	-0.0849
247.722	-0.0864
250.806	-0.0891
253.928	-0.0928
257.089	-0.0972
260.290	-0.1020
263.530	-0.1069
266.810	-0.1116
270.132	-0.1159
273.495	-0.1197
276.899	-0.1228
280.346	-0.1253
283.836	-0.1272
287.370	-0.1286
290.947	-0.1295
294.569	-0.1300
298.236	-0.1302
301.949	-0.1302
305.708	-0.1302
309.513	-0.1303
313.366	-0.1303
317.267	-0.1306
321.217	-0.1313
325.216	-0.1325
329.264	-0.1342
333.363	-0.1366
337.513	-0.1393
341.715	-0.1425
345.969	-0.1459
350.276	-0.1497
354.636	-0.1537
359.051	-0.1579
363.521	-0.1621
368.046	-0.1658
372.628	-0.1690
377.266	-0.1717
381.963	-0.1742
386.718	-0.1765
391.532	-0.1787
396.406	-0.1805
401.341	-0.1814
406.337	-0.1806
411.395	-0.1779
416.517	-0.1731
421.702	-0.1667
426.951	-0.1590
432.266	-0.1504
437.648	-0.1412
443.096	-0.1316
448.612	-0.1221
454.196	-0.1126
459.851	-0.1033
465.575	-0.0942
471.371	-0.0854
477.239	-0.0768
483.180	-0.0684
489.195	-0.0604
495.285	-0.0525
501.450	-0.0450
507.693	-0.0376
514.013	-0.0306
520.412	-0.0239
526.890	-0.0175
533.449	-0.0114
540.090	-0.0057
546.814	-0.0003
553.621	0.0049
560.513	0.0099
567.490	0.0149
574.555	0.0198
581.707	0.0247
588.949	0.0294
596.281	0.0340
603.703	0.0383
611.219	0.0423
618.828	0.0462
626.531	0.0499
634.331	0.0538
642.228	0.0580
650.222	0.0627
658.317	0.0679
666.512	0.0730
674.809	0.0773
683.210	0.0802
691.715	0.0818
700.326	0.0822
709.044	0.0818
717.871	0.0807
726.807	0.0792
735.855	0.0774
745.016	0.0756
754.290	0.0736
763.680	0.0715
773.187	0.0689
782.812	0.0665
792.557	0.0639
802.424	0.0613
812.413	0.0587
822.526	0.0558
832.766	0.0527
843.133	0.0498
853.629	0.0468
864.255	0.0436
875.014	0.0408
885.907	0.0380
896.935	0.0353
908.101	0.0327
919.406	0.0300
930.851	0.0274
942.439	0.0246
954.171	0.0219
966.049	0.0191
978.076	0.0161
990.251	0.0132
1002.579	0.0104
1015.060	0.0076
1027.696	0.0048
1040.489	0.0021
1053.442	-0.0003
1066.556	-0.0027
1079.833	-0.0048
1093.276	-0.0068
1106.886	-0.0088
1120.665	-0.0104
1134.616	-0.0116
1148.741	-0.0123
1163.041	-0.0123
1177.519	-0.0117
1192.178	-0.0105
1207.019	-0.0088
1222.045	-0.0070
1237.258	-0.0050
1252.660	-0.0027
1268.254	-0.0002
1284.042	0.0026
1300.027	0.0055
1316.211	0.0086
1332.596	0.0120
1349.185	0.0155
1365.981	0.0188
1382.985	0.0221
1400.202	0.0256
1417.633	0.0291
1435.280	0.0326
1453.148	0.0359
1471.238	0.0391
1489.553	0.0424
1508.096	0.0455
1526.870	0.0486
1545.877	0.0520
1565.121	0.0554
1584.605	0.0588
1604.332	0.0624
1624.303	0.0660
1644.524	0.0697
1664.996	0.0733
1685.723	0.0771
1706.708	0.0807
1727.955	0.0837
1749.466	0.0866
1771.244	0.0896
1793.294	0.0926
1815.618	0.0957
1838.221	0.0991
1861.104	0.1025
1884.272	0.1062
1907.729	0.1100
1931.478	0.1134
1955.523	0.1165
1979.866	0.1198
2004.513	0.1232
2029.467	0.1267
2054.731	0.1303
2080.310	0.1341
2106.207	0.1380
2132.427	0.1422
2158.973	0.1465
2185.849	0.1510
2213.060	0.1557
2240.610	0.1609
2268.503	0.1665
2296.743	0.1729
2325.334	0.1801
2354.282	0.1877
2383.590	0.1958
2413.262	0.2043
2443.305	0.2130
2473.721	0.2218
2504.515	0.2310
2535.693	0.2405
2567.260	0.2499
2599.219	0.2593
2631.576	0.2685
2664.335	0.2777
2697.503	0.2870
2731.084	0.2964
2765.082	0.3060
2799.504	0.3156
2834.354	0.3252
2869.638	0.3349
2905.362	0.3440
2941.530	0.3530
2978.148	0.3621
3015.222	0.3711
3052.758	0.3803
3090.761	0.3894
3129.237	0.3984
3168.192	0.4076
3207.632	0.4168
3247.563	0.4260
3287.991	0.4349
3328.923	0.4440
3370.364	0.4534
3412.320	0.4631
3454.799	0.4730
3497.807	0.4832
3541.351	0.4936
3585.436	0.5041
3630.070	0.5149
3675.260	0.5258
3721.012	0.5368
3767.334	0.5480
3814.233	0.5593
3861.715	0.5704
3909.789	0.5814
3958.460	0.5924
4007.738	0.6034
4057.630	0.6146
4108.142	0.6253
4159.283	0.6362
4211.061	0.6472
4263.483	0.6585
4316.559	0.6701
4370.294	0.6820
4424.699	0.6941
4479.781	0.7063
4535.548	0.7186
4592.010	0.7305
4649.175	0.7421
4707.051	0.7534
4765.648	0.7643
4824.975	0.7747
4885.039	0.7832
4945.852	0.7906
5007.421	0.7973
5069.757	0.8030
5132.870	0.8075
5196.768	0.8097
5261.460	0.8106
5326.959	0.8101
5393.273	0.8082
5460.413	0.8047
5528.388	0.7998
5597.209	0.7933
5666.887	0.7853
5737.433	0.7761
5808.857	0.7658
5881.169	0.7543
5954.383	0.7415
6028.507	0.7276
6103.555	0.7126
6179.536	0.6966
6256.464	0.6796
6334.349	0.6618
6413.204	0.6432
6493.040	0.6236
6573.870	0.6030
6655.706	0.5813
6738.562	0.5584
6822.448	0.5344
6907.379	0.5092
6993.367	0.4826
7080.426	0.4544
7168.568	0.4248
7257.808	0.3937
7348.158	0.3618
7439.633	0.3280
7532.248	0.2922
7626.015	0.2542
7720.949	0.2148
7817.065	0.1741
7914.377	0.1315
8012.901	0.0871
8112.652	0.0407
8213.645	-0.0067
8315.894	-0.0560
8419.416	-0.1074
8524.228	-0.1608
8630.343	-0.2160
8737.780	-0.2723
8846.555	-0.3299
8956.683	-0.3889
9068.182	-0.4492
9181.069	-0.5108
9295.362	-0.5738
9411.078	-0.6382
9528.233	-0.7043
9646.849	-0.7720
9766.939	-0.8422
9888.525	-0.9146
10011.625	-0.9890
10136.257	-1.0658
10262.440	-1.1449
10390.195	-1.2252
10519.540	-1.3082
10650.495	-1.3938
10783.080	-1.4821
10917.316	-1.5726
11053.223	-1.6651
11190.821	-1.7597
11330.133	-1.8561
11471.179	-1.9545
11613.980	-2.0542
11758.561	-2.1556
11904.939	-2.2582
12053.141	-2.3616
12203.188	-2.4656
12355.102	-2.5694
12508.907	-2.6735
12664.627	-2.7781
12822.286	-2.8834
12981.907	-2.9893
13143.516	-3.0959
13307.136	-3.2033
13472.793	-3.3117
13640.512	-3.4206
13810.319	-3.5294
13982.240	-3.6385
14156.302	-3.7481
14332.529	-3.8580
14510.951	-3.9685
14691.595	-4.0790
14874.486	-4.1901
15059.655	-4.3019
15247.129	-4.4141
15436.937	-4.5260
15629.106	-4.6376
15823.669	-4.7491
16020.654	-4.8606
16220.091	-4.9719
16422.010	-5.0827
16626.443	-5.1930
16833.422	-5.3026
17042.977	-5.4113
17255.141	-5.5183
17469.945	-5.6231
17687.424	-5.7256
17907.609	-5.8149
18130.537	-5.9048
18356.240	-5.9950
18584.752	-6.0855
18816.107	-6.1769
19050.346	-6.2689
19287.498	-6.3615
19527.604	-6.4550
19770.697	-6.5494
20016.816	-6.6453
