Sens Factor =-.6277dB, SERNO: 7007110
10.054	-5.8343
10.179	-5.6584
10.306	-5.4857
10.434	-5.3162
10.564	-5.1499
10.696	-4.9866
10.829	-4.8265
10.964	-4.6694
11.1	-4.5155
11.238	-4.3645
11.378	-4.2164
11.52	-4.0712
11.663	-3.9290
11.809	-3.7896
11.956	-3.6531
12.104	-3.5194
12.255	-3.3885
12.408	-3.2602
12.562	-3.1348
12.718	-3.0120
12.877	-2.8918
13.037	-2.7742
13.199	-2.6593
13.364	-2.5468
13.53	-2.4369
13.698	-2.3295
13.869	-2.2244
14.042	-2.1218
14.216	-2.0217
14.393	-1.9239
14.573	-1.8283
14.754	-1.7351
14.938	-1.6441
15.124	-1.5554
15.312	-1.4688
15.503	-1.3844
15.696	-1.3021
15.891	-1.2220
16.089	-1.1439
16.289	-1.0678
16.492	-0.9938
16.697	-0.9217
16.905	-0.8515
17.115	-0.7832
17.328	-0.7168
17.544	-0.6523
17.763	-0.5895
17.984	-0.5285
18.208	-0.4692
18.434	-0.4117
18.664	-0.3558
18.896	-0.3016
19.131	-0.2491
19.369	-0.1980
19.611	-0.1485
19.855	-0.1006
20.102	-0.0541
20.352	-0.0091
20.605	0.0345
20.862	0.0768
21.122	0.1177
21.385	0.1572
21.651	0.1954
21.92	0.2324
22.193	0.2682
22.47	0.3028
22.749	0.3362
23.032	0.3685
23.319	0.3997
23.609	0.4298
23.903	0.4589
24.201	0.4871
24.502	0.5142
24.807	0.5404
25.116	0.5657
25.429	0.5901
25.745	0.6137
26.066	0.6365
26.39	0.6585
26.719	0.6798
27.051	0.7003
27.388	0.7202
27.729	0.7394
28.074	0.7581
28.424	0.7761
28.778	0.7936
29.136	0.8106
29.499	0.8271
29.866	0.8432
30.238	0.8588
30.614	0.8740
30.995	0.8889
31.381	0.9035
31.772	0.9177
32.167	0.9317
32.568	0.9456
32.973	0.9591
33.383	0.9726
33.799	0.9859
34.22	0.9991
34.646	1.0122
35.077	1.0253
35.514	1.0395
35.956	1.0532
36.403	1.0665
36.857	1.0791
37.315	1.0909
37.78	1.1019
38.25	1.1120
38.726	1.1213
39.209	1.1297
39.697	1.1374
40.191	1.1445
40.691	1.1513
41.198	1.1580
41.711	1.1648
42.23	1.1714
42.756	1.1778
43.288	1.1837
43.827	1.1890
44.372	1.1933
44.925	1.1966
45.484	1.1991
46.05	1.2005
46.623	1.2011
47.204	1.2011
47.791	1.2010
48.386	1.2013
48.989	1.2024
49.599	1.2045
50.216	1.2074
50.841	1.2109
51.474	1.2146
52.115	1.2183
52.764	1.2217
53.42	1.2247
54.085	1.2273
54.759	1.2294
55.44	1.2310
56.131	1.2321
56.829	1.2326
57.537	1.2325
58.253	1.2319
58.978	1.2306
59.712	1.2286
60.456	1.2260
61.208	1.2227
61.97	1.2186
62.742	1.2139
63.523	1.2087
64.314	1.2031
65.114	1.1970
65.925	1.1907
66.745	1.1840
67.576	1.1770
68.418	1.1695
69.269	1.1615
70.132	1.1534
71.005	1.1455
71.889	1.1381
72.784	1.1316
73.69	1.1263
74.607	1.1221
75.536	1.1193
76.476	1.1177
77.428	1.1172
78.392	1.1173
79.368	1.1175
80.356	1.1170
81.356	1.1153
82.369	1.1120
83.394	1.1073
84.433	1.1012
85.484	1.0939
86.548	1.0857
87.625	1.0770
88.716	1.0679
89.82	1.0585
90.939	1.0489
92.071	1.0392
93.217	1.0293
94.377	1.0193
95.552	1.0093
96.742	0.9994
97.946	0.9899
99.165	0.9809
100.4	0.9725
101.65	0.9650
102.915	0.9583
104.196	0.9524
105.493	0.9471
106.806	0.9422
108.136	0.9375
109.482	0.9330
110.845	0.9286
112.225	0.9241
113.622	0.9195
115.037	0.9146
116.469	0.9093
117.919	0.9035
119.386	0.8971
120.873	0.8900
122.377	0.8822
123.901	0.8736
125.443	0.8641
127.005	0.8538
128.586	0.8427
130.187	0.8308
131.807	0.8183
133.448	0.8055
135.109	0.7924
136.791	0.7794
138.494	0.7666
140.218	0.7543
141.964	0.7425
143.731	0.7313
145.52	0.7206
147.332	0.7105
149.166	0.7010
151.023	0.6922
152.903	0.6839
154.806	0.6762
156.734	0.6690
158.685	0.6623
160.66	0.6559
162.66	0.6498
164.685	0.6437
166.735	0.6374
168.811	0.6307
170.912	0.6233
173.04	0.6150
175.194	0.6058
177.375	0.5958
179.583	0.5852
181.819	0.5741
184.082	0.5630
186.374	0.5520
188.694	0.5413
191.043	0.5308
193.421	0.5208
195.829	0.5111
198.267	0.5021
200.735	0.4939
203.234	0.4864
205.764	0.4795
208.325	0.4731
210.919	0.4671
213.544	0.4614
216.203	0.4562
218.894	0.4515
221.619	0.4471
224.378	0.4428
227.171	0.4381
229.999	0.4327
232.862	0.4266
235.761	0.4196
238.696	0.4117
241.668	0.4030
244.676	0.3934
247.722	0.3831
250.806	0.3720
253.928	0.3602
257.089	0.3478
260.29	0.3349
263.53	0.3218
266.81	0.3084
270.132	0.2948
273.495	0.2810
276.899	0.2674
280.346	0.2541
283.836	0.2415
287.37	0.2299
290.947	0.2193
294.569	0.2098
298.236	0.2013
301.949	0.1932
305.708	0.1853
309.513	0.1772
313.366	0.1688
317.267	0.1601
321.217	0.1511
325.216	0.1420
329.264	0.1327
333.363	0.1232
337.513	0.1137
341.715	0.1044
345.969	0.0954
350.276	0.0867
354.636	0.0784
359.051	0.0699
363.521	0.0612
368.046	0.0522
372.628	0.0431
377.266	0.0342
381.963	0.0258
386.718	0.0179
391.532	0.0104
396.406	0.0032
401.341	-0.0033
406.337	-0.0079
411.395	-0.0108
416.517	-0.0122
421.702	-0.0124
426.951	-0.0116
432.266	-0.0100
437.648	-0.0080
443.096	-0.0056
448.612	-0.0030
454.196	-0.0003
459.851	0.0025
465.575	0.0054
471.371	0.0081
477.239	0.0107
483.18	0.0132
489.195	0.0156
495.285	0.0179
501.45	0.0203
507.693	0.0228
514.013	0.0252
520.412	0.0278
526.89	0.0304
533.449	0.0329
540.09	0.0353
546.814	0.0374
553.621	0.0391
560.513	0.0403
567.49	0.0410
574.555	0.0413
581.707	0.0412
588.949	0.0409
596.281	0.0406
603.703	0.0406
611.219	0.0408
618.828	0.0413
626.531	0.0419
634.331	0.0427
642.228	0.0438
650.222	0.0453
658.317	0.0475
666.512	0.0499
674.809	0.0511
683.21	0.0513
691.715	0.0508
700.326	0.0497
709.044	0.0483
717.871	0.0467
726.807	0.0450
735.855	0.0432
745.016	0.0415
754.29	0.0397
763.68	0.0379
773.187	0.0362
782.812	0.0345
792.557	0.0327
802.424	0.0309
812.413	0.0291
822.526	0.0272
832.766	0.0252
843.133	0.0231
853.629	0.0211
864.255	0.0191
875.014	0.0170
885.907	0.0150
896.935	0.0128
908.101	0.0107
919.406	0.0087
930.851	0.0068
942.439	0.0051
954.171	0.0035
966.049	0.0019
978.076	0.0004
990.251	-0.0009
1002.579	-0.0020
1015.06	-0.0029
1027.696	-0.0035
1040.489	-0.0039
1053.442	-0.0041
1066.556	-0.0043
1079.833	-0.0043
1093.276	-0.0042
1106.886	-0.0040
1120.665	-0.0035
1134.616	-0.0027
1148.741	-0.0016
1163.041	-0.0001
1177.519	0.0015
1192.178	0.0035
1207.019	0.0058
1222.045	0.0084
1237.258	0.0114
1252.66	0.0148
1268.254	0.0185
1284.042	0.0225
1300.027	0.0270
1316.211	0.0317
1332.596	0.0369
1349.185	0.0423
1365.981	0.0481
1382.985	0.0541
1400.202	0.0605
1417.633	0.0672
1435.28	0.0742
1453.148	0.0815
1471.238	0.0891
1489.553	0.0970
1508.096	0.1050
1526.87	0.1131
1545.877	0.1212
1565.121	0.1292
1584.605	0.1372
1604.332	0.1453
1624.303	0.1533
1644.524	0.1614
1664.996	0.1695
1685.723	0.1776
1706.708	0.1858
1727.955	0.1940
1749.466	0.2024
1771.244	0.2108
1793.294	0.2195
1815.618	0.2283
1838.221	0.2372
1861.104	0.2463
1884.272	0.2556
1907.729	0.2651
1931.478	0.2748
1955.523	0.2847
1979.866	0.2948
2004.513	0.3051
2029.467	0.3157
2054.731	0.3264
2080.31	0.3374
2106.207	0.3487
2132.427	0.3605
2158.973	0.3727
2185.849	0.3853
2213.06	0.3984
2240.61	0.4121
2268.503	0.4265
2296.743	0.4418
2325.334	0.4581
2354.282	0.4754
2383.59	0.4933
2413.262	0.5117
2443.305	0.5306
2473.721	0.5500
2504.515	0.5697
2535.693	0.5899
2567.26	0.6104
2599.219	0.6313
2631.576	0.6523
2664.335	0.6735
2697.503	0.6949
2731.084	0.7162
2765.082	0.7376
2799.504	0.7591
2834.354	0.7807
2869.638	0.8023
2905.362	0.8240
2941.53	0.8458
2978.148	0.8677
3015.222	0.8897
3052.758	0.9119
3090.761	0.9342
3129.237	0.9567
3168.192	0.9793
3207.632	1.0022
3247.563	1.0252
3287.991	1.0484
3328.923	1.0719
3370.364	1.0957
3412.32	1.1198
3454.799	1.1441
3497.807	1.1688
3541.351	1.1937
3585.436	1.2188
3630.07	1.2443
3675.26	1.2699
3721.012	1.2959
3767.334	1.3219
3814.233	1.3480
3861.715	1.3742
3909.789	1.4007
3958.46	1.4277
4007.738	1.4554
4057.63	1.4837
4108.142	1.5127
4159.283	1.5424
4211.061	1.5726
4263.483	1.6033
4316.559	1.6345
4370.294	1.6661
4424.699	1.6982
4479.781	1.7306
4535.548	1.7633
4592.01	1.7963
4649.175	1.8293
4707.051	1.8623
4765.648	1.8951
4824.975	1.9276
4885.039	1.9597
4945.852	1.9912
5007.421	2.0219
5069.757	2.0517
5132.87	2.0807
5196.768	2.1087
5261.46	2.1357
5326.959	2.1619
5393.273	2.1872
5460.413	2.2118
5528.388	2.2355
5597.209	2.2586
5666.887	2.2810
5737.433	2.3026
5808.857	2.3236
5881.169	2.3438
5954.383	2.3633
6028.507	2.3822
6103.555	2.4006
6179.536	2.4184
6256.464	2.4358
6334.349	2.4526
6413.204	2.4688
6493.04	2.4842
6573.87	2.4989
6655.706	2.5127
6738.562	2.5257
6822.448	2.5378
6907.379	2.5490
6993.367	2.5594
7080.426	2.5689
7168.568	2.5775
7257.808	2.5852
7348.158	2.5919
7439.633	2.5976
7532.248	2.6022
7626.015	2.6057
7720.949	2.6081
7817.065	2.6096
7914.377	2.6100
8012.901	2.6093
8112.652	2.6076
8213.645	2.6047
8315.894	2.6008
8419.416	2.5960
8524.228	2.5901
8630.343	2.5834
8737.78	2.5759
8846.555	2.5676
8956.683	2.5585
9068.182	2.5484
9181.069	2.5375
9295.362	2.5255
9411.078	2.5125
9528.233	2.4982
9646.849	2.4827
9766.939	2.4658
9888.525	2.4473
10011.625	2.4270
10136.257	2.4047
10262.44	2.3802
10390.195	2.3533
10519.54	2.3240
10650.495	2.2923
10783.08	2.2583
10917.316	2.2223
11053.223	2.1846
11190.821	2.1449
11330.133	2.1033
11471.179	2.0594
11613.98	2.0132
11758.561	1.9648
11904.939	1.9143
12053.141	1.8616
12203.188	1.8066
12355.102	1.7500
12508.907	1.6921
12664.627	1.6329
12822.286	1.5728
12981.907	1.5119
13143.516	1.4503
13307.136	1.3880
13472.793	1.3251
13640.512	1.2616
13810.319	1.1975
13982.24	1.1329
14156.302	1.0678
14332.529	1.0023
14510.951	0.9362
14691.595	0.8695
14874.486	0.8022
15059.655	0.7344
15247.129	0.6661
15436.937	0.5975
15629.106	0.5288
15823.669	0.4601
16020.654	0.3912
16220.091	0.3225
16422.01	0.2538
16626.443	0.1852
16833.422	0.1166
17042.977	0.0490
17255.141	-0.0173
17469.945	-0.0817
17687.424	-0.1436
17907.609	-0.1790
18130.537	-0.2148
18356.24	-0.2510
18584.752	-0.2876
18816.107	-0.3244
19050.346	-0.3611
19287.498	-0.3973
19527.604	-0.4332
19770.697	-0.4685
20016.816	-0.5029
