Sens Factor =8.1700dB, SERNO: 7007152
10.054	-4.8538
10.179	-4.6841
10.306	-4.5175
10.434	-4.3542
10.564	-4.1940
10.696	-4.0369
10.829	-3.8829
10.964	-3.7320
11.1	-3.5841
11.238	-3.4392
11.378	-3.2973
11.52	-3.1583
11.663	-3.0223
11.809	-2.8890
11.956	-2.7586
12.104	-2.6311
12.255	-2.5063
12.408	-2.3842
12.562	-2.2649
12.718	-2.1482
12.877	-2.0342
13.037	-1.9228
13.199	-1.8139
13.364	-1.7076
13.53	-1.6038
13.698	-1.5026
13.869	-1.4037
14.042	-1.3072
14.216	-1.2132
14.393	-1.1215
14.573	-1.0321
14.754	-0.9451
14.938	-0.8602
15.124	-0.7776
15.312	-0.6973
15.503	-0.6190
15.696	-0.5429
15.891	-0.4689
16.089	-0.3969
16.289	-0.3270
16.492	-0.2591
16.697	-0.1931
16.905	-0.1291
17.115	-0.0670
17.328	-0.0067
17.544	0.0517
17.763	0.1084
17.984	0.1632
18.208	0.2163
18.434	0.2677
18.664	0.3174
18.896	0.3655
19.131	0.4119
19.369	0.4568
19.611	0.5002
19.855	0.5420
20.102	0.5823
20.352	0.6212
20.605	0.6586
20.862	0.6947
21.122	0.7295
21.385	0.7629
21.651	0.7950
21.92	0.8258
22.193	0.8554
22.47	0.8839
22.749	0.9112
23.032	0.9373
23.319	0.9624
23.609	0.9863
23.903	1.0093
24.201	1.0313
24.502	1.0523
24.807	1.0723
25.116	1.0915
25.429	1.1098
25.745	1.1272
26.066	1.1438
26.39	1.1597
26.719	1.1748
27.051	1.1892
27.388	1.2030
27.729	1.2161
28.074	1.2285
28.424	1.2405
28.778	1.2518
29.136	1.2626
29.499	1.2730
29.866	1.2829
30.238	1.2924
30.614	1.3015
30.995	1.3102
31.381	1.3186
31.772	1.3268
32.167	1.3346
32.568	1.3423
32.973	1.3497
33.383	1.3570
33.799	1.3642
34.22	1.3712
34.646	1.3782
35.077	1.3852
35.514	1.3932
35.956	1.4007
36.403	1.4077
36.857	1.4142
37.315	1.4200
37.78	1.4251
38.25	1.4294
38.726	1.4325
39.209	1.4345
39.697	1.4350
40.191	1.4342
40.691	1.4321
41.198	1.4286
41.711	1.4243
42.23	1.4192
42.756	1.4138
43.288	1.4082
43.827	1.4024
44.372	1.3964
44.925	1.3901
45.484	1.3834
46.05	1.3764
46.623	1.3692
47.204	1.3619
47.791	1.3548
48.386	1.3482
48.989	1.3422
49.599	1.3367
50.216	1.3318
50.841	1.3273
51.474	1.3230
52.115	1.3189
52.764	1.3148
53.42	1.3106
54.085	1.3066
54.759	1.3027
55.44	1.2992
56.131	1.2963
56.829	1.2942
57.537	1.2928
58.253	1.2920
58.978	1.2918
59.712	1.2918
60.456	1.2920
61.208	1.2922
61.97	1.2925
62.742	1.2928
63.523	1.2934
64.314	1.2944
65.114	1.2960
65.925	1.2984
66.745	1.3018
67.576	1.3060
68.418	1.3109
69.269	1.3163
70.132	1.3217
71.005	1.3268
71.889	1.3312
72.784	1.3350
73.69	1.3382
74.607	1.3410
75.536	1.3435
76.476	1.3459
77.428	1.3483
78.392	1.3504
79.368	1.3521
80.356	1.3532
81.356	1.3533
82.369	1.3525
83.394	1.3506
84.433	1.3476
85.484	1.3435
86.548	1.3384
87.625	1.3325
88.716	1.3260
89.82	1.3190
90.939	1.3115
92.071	1.3037
93.217	1.2955
94.377	1.2870
95.552	1.2781
96.742	1.2690
97.946	1.2596
99.165	1.2502
100.4	1.2408
101.65	1.2314
102.915	1.2222
104.196	1.2129
105.493	1.2037
106.806	1.1945
108.136	1.1853
109.482	1.1760
110.845	1.1665
112.225	1.1569
113.622	1.1471
115.037	1.1371
116.469	1.1270
117.919	1.1168
119.386	1.1066
120.873	1.0963
122.377	1.0859
123.901	1.0754
125.443	1.0647
127.005	1.0539
128.586	1.0431
130.187	1.0325
131.807	1.0221
133.448	1.0121
135.109	1.0024
136.791	0.9929
138.494	0.9837
140.218	0.9748
141.964	0.9663
143.731	0.9582
145.52	0.9504
147.332	0.9427
149.166	0.9352
151.023	0.9277
152.903	0.9204
154.806	0.9132
156.734	0.9062
158.685	0.8992
160.66	0.8923
162.66	0.8854
164.685	0.8782
166.735	0.8706
168.811	0.8627
170.912	0.8544
173.04	0.8459
175.194	0.8372
177.375	0.8284
179.583	0.8194
181.819	0.8104
184.082	0.8014
186.374	0.7925
188.694	0.7837
191.043	0.7749
193.421	0.7664
195.829	0.7580
198.267	0.7501
200.735	0.7429
203.234	0.7367
205.764	0.7316
208.325	0.7276
210.919	0.7246
213.544	0.7224
216.203	0.7208
218.894	0.7195
221.619	0.7185
224.378	0.7175
227.171	0.7162
229.999	0.7145
232.862	0.7121
235.761	0.7087
238.696	0.7043
241.668	0.6988
244.676	0.6919
247.722	0.6836
250.806	0.6739
253.928	0.6628
257.089	0.6504
260.29	0.6369
263.53	0.6227
266.81	0.6080
270.132	0.5932
273.495	0.5787
276.899	0.5647
280.346	0.5511
283.836	0.5383
287.37	0.5261
290.947	0.5146
294.569	0.5036
298.236	0.4931
301.949	0.4830
305.708	0.4731
309.513	0.4632
313.366	0.4534
317.267	0.4435
321.217	0.4336
325.216	0.4235
329.264	0.4136
333.363	0.4036
337.513	0.3937
341.715	0.3838
345.969	0.3738
350.276	0.3636
354.636	0.3531
359.051	0.3417
363.521	0.3292
368.046	0.3156
372.628	0.3010
377.266	0.2862
381.963	0.2717
386.718	0.2586
391.532	0.2474
396.406	0.2385
401.341	0.2313
406.337	0.2248
411.395	0.2188
416.517	0.2136
421.702	0.2095
426.951	0.2062
432.266	0.2040
437.648	0.2024
443.096	0.2014
448.612	0.2007
454.196	0.2002
459.851	0.1996
465.575	0.1990
471.371	0.1981
477.239	0.1968
483.18	0.1952
489.195	0.1933
495.285	0.1911
501.45	0.1887
507.693	0.1863
514.013	0.1839
520.412	0.1816
526.89	0.1796
533.449	0.1777
540.09	0.1761
546.814	0.1744
553.621	0.1725
560.513	0.1702
567.49	0.1674
574.555	0.1641
581.707	0.1604
588.949	0.1567
596.281	0.1535
603.703	0.1510
611.219	0.1495
618.828	0.1493
626.531	0.1498
634.331	0.1506
642.228	0.1511
650.222	0.1509
658.317	0.1496
666.512	0.1478
674.809	0.1465
683.21	0.1457
691.715	0.1449
700.326	0.1440
709.044	0.1427
717.871	0.1409
726.807	0.1388
735.855	0.1364
745.016	0.1338
754.29	0.1311
763.68	0.1282
773.187	0.1253
782.812	0.1223
792.557	0.1192
802.424	0.1161
812.413	0.1128
822.526	0.1093
832.766	0.1058
843.133	0.1023
853.629	0.0987
864.255	0.0953
875.014	0.0919
885.907	0.0886
896.935	0.0853
908.101	0.0820
919.406	0.0786
930.851	0.0753
942.439	0.0720
954.171	0.0686
966.049	0.0652
978.076	0.0620
990.251	0.0589
1002.579	0.0559
1015.06	0.0530
1027.696	0.0504
1040.489	0.0479
1053.442	0.0457
1066.556	0.0436
1079.833	0.0416
1093.276	0.0400
1106.886	0.0386
1120.665	0.0377
1134.616	0.0375
1148.741	0.0381
1163.041	0.0394
1177.519	0.0415
1192.178	0.0443
1207.019	0.0475
1222.045	0.0512
1237.258	0.0551
1252.66	0.0593
1268.254	0.0637
1284.042	0.0684
1300.027	0.0732
1316.211	0.0783
1332.596	0.0836
1349.185	0.0892
1365.981	0.0950
1382.985	0.1010
1400.202	0.1072
1417.633	0.1134
1435.28	0.1197
1453.148	0.1259
1471.238	0.1320
1489.553	0.1380
1508.096	0.1439
1526.87	0.1498
1545.877	0.1556
1565.121	0.1614
1584.605	0.1674
1604.332	0.1736
1624.303	0.1799
1644.524	0.1863
1664.996	0.1928
1685.723	0.1993
1706.708	0.2060
1727.955	0.2126
1749.466	0.2193
1771.244	0.2260
1793.294	0.2328
1815.618	0.2398
1838.221	0.2469
1861.104	0.2542
1884.272	0.2617
1907.729	0.2695
1931.478	0.2775
1955.523	0.2857
1979.866	0.2942
2004.513	0.3029
2029.467	0.3119
2054.731	0.3210
2080.31	0.3302
2106.207	0.3398
2132.427	0.3496
2158.973	0.3599
2185.849	0.3706
2213.06	0.3817
2240.61	0.3933
2268.503	0.4054
2296.743	0.4179
2325.334	0.4307
2354.282	0.4439
2383.59	0.4577
2413.262	0.4720
2443.305	0.4868
2473.721	0.5022
2504.515	0.5181
2535.693	0.5344
2567.26	0.5511
2599.219	0.5680
2631.576	0.5851
2664.335	0.6020
2697.503	0.6189
2731.084	0.6359
2765.082	0.6528
2799.504	0.6700
2834.354	0.6872
2869.638	0.7047
2905.362	0.7223
2941.53	0.7402
2978.148	0.7582
3015.222	0.7763
3052.758	0.7946
3090.761	0.8130
3129.237	0.8315
3168.192	0.8502
3207.632	0.8691
3247.563	0.8881
3287.991	0.9074
3328.923	0.9271
3370.364	0.9470
3412.32	0.9673
3454.799	0.9882
3497.807	1.0094
3541.351	1.0310
3585.436	1.0527
3630.07	1.0748
3675.26	1.0970
3721.012	1.1196
3767.334	1.1425
3814.233	1.1657
3861.715	1.1894
3909.789	1.2133
3958.46	1.2373
4007.738	1.2615
4057.63	1.2859
4108.142	1.3107
4159.283	1.3358
4211.061	1.3612
4263.483	1.3870
4316.559	1.4131
4370.294	1.4397
4424.699	1.4667
4479.781	1.4941
4535.548	1.5218
4592.01	1.5497
4649.175	1.5776
4707.051	1.6055
4765.648	1.6333
4824.975	1.6608
4885.039	1.6879
4945.852	1.7147
5007.421	1.7409
5069.757	1.7662
5132.87	1.7907
5196.768	1.8141
5261.46	1.8364
5326.959	1.8573
5393.273	1.8770
5460.413	1.8954
5528.388	1.9124
5597.209	1.9280
5666.887	1.9425
5737.433	1.9561
5808.857	1.9688
5881.169	1.9808
5954.383	1.9922
6028.507	2.0031
6103.555	2.0136
6179.536	2.0238
6256.464	2.0337
6334.349	2.0432
6413.204	2.0525
6493.04	2.0616
6573.87	2.0705
6655.706	2.0790
6738.562	2.0871
6822.448	2.0948
6907.379	2.1020
6993.367	2.1086
7080.426	2.1146
7168.568	2.1197
7257.808	2.1238
7348.158	2.1269
7439.633	2.1288
7532.248	2.1293
7626.015	2.1282
7720.949	2.1255
7817.065	2.1212
7914.377	2.1154
8012.901	2.1078
8112.652	2.0987
8213.645	2.0882
8315.894	2.0765
8419.416	2.0637
8524.228	2.0497
8630.343	2.0347
8737.78	2.0189
8846.555	2.0024
8956.683	1.9854
9068.182	1.9679
9181.069	1.9499
9295.362	1.9315
9411.078	1.9124
9528.233	1.8923
9646.849	1.8712
9766.939	1.8489
9888.525	1.8251
10011.625	1.7997
10136.257	1.7725
10262.44	1.7433
10390.195	1.7121
10519.54	1.6787
10650.495	1.6432
10783.08	1.6058
10917.316	1.5664
11053.223	1.5252
11190.821	1.4823
11330.133	1.4376
11471.179	1.3911
11613.98	1.3428
11758.561	1.2927
11904.939	1.2409
12053.141	1.1876
12203.188	1.1327
12355.102	1.0767
12508.907	1.0199
12664.627	0.9625
12822.286	0.9047
12981.907	0.8464
13143.516	0.7876
13307.136	0.7284
13472.793	0.6686
13640.512	0.6081
13810.319	0.5470
13982.24	0.4856
14156.302	0.4237
14332.529	0.3616
14510.951	0.2992
14691.595	0.2363
14874.486	0.1729
15059.655	0.1089
15247.129	0.0445
15436.937	-0.0205
15629.106	-0.0860
15823.669	-0.1520
16020.654	-0.2184
16220.091	-0.2849
16422.01	-0.3512
16626.443	-0.4170
16833.422	-0.4823
17042.977	-0.5466
17255.141	-0.6099
17469.945	-0.6717
17687.424	-0.7315
17907.609	-0.7648
18130.537	-0.7985
18356.24	-0.8324
18584.752	-0.8669
18816.107	-0.9017
19050.346	-0.9369
19287.498	-0.9723
19527.604	-1.0077
19770.697	-1.0430
20016.816	-1.0782
