Sens Factor =1.3647dB, SERNO: 7007150
10.054	-4.2781
10.179	-4.1130
10.306	-3.9512
10.434	-3.7926
10.564	-3.6371
10.696	-3.4848
10.829	-3.3355
10.964	-3.1893
11.1	-3.0462
11.238	-2.9060
11.378	-2.7689
11.52	-2.6346
11.663	-2.5032
11.809	-2.3748
11.956	-2.2491
12.104	-2.1263
12.255	-2.0062
12.408	-1.8889
12.562	-1.7743
12.718	-1.6623
12.877	-1.5530
13.037	-1.4463
13.199	-1.3422
13.364	-1.2406
13.53	-1.1416
13.698	-1.0450
13.869	-0.9509
14.042	-0.8592
14.216	-0.7699
14.393	-0.6830
14.573	-0.5983
14.754	-0.5160
14.938	-0.4359
15.124	-0.3580
15.312	-0.2823
15.503	-0.2088
15.696	-0.1374
15.891	-0.0681
16.089	-0.0009
16.289	0.0643
16.492	0.1275
16.697	0.1887
16.905	0.2480
17.115	0.3054
17.328	0.3609
17.544	0.4146
17.763	0.4665
17.984	0.5166
18.208	0.5650
18.434	0.6117
18.664	0.6567
18.896	0.7000
19.131	0.7417
19.369	0.7819
19.611	0.8205
19.855	0.8576
20.102	0.8932
20.352	0.9273
20.605	0.9600
20.862	0.9914
21.122	1.0214
21.385	1.0501
21.651	1.0775
21.92	1.1036
22.193	1.1285
22.47	1.1522
22.749	1.1747
23.032	1.1961
23.319	1.2165
23.609	1.2357
23.903	1.2540
24.201	1.2712
24.502	1.2875
24.807	1.3028
25.116	1.3172
25.429	1.3308
25.745	1.3435
26.066	1.3554
26.39	1.3665
26.719	1.3769
27.051	1.3866
27.388	1.3956
27.729	1.4040
28.074	1.4117
28.424	1.4189
28.778	1.4255
29.136	1.4316
29.499	1.4372
29.866	1.4424
30.238	1.4472
30.614	1.4515
30.995	1.4555
31.381	1.4592
31.772	1.4626
32.167	1.4658
32.568	1.4687
32.973	1.4714
33.383	1.4740
33.799	1.4764
34.22	1.4787
34.646	1.4810
35.077	1.4832
35.514	1.4859
35.956	1.4884
36.403	1.4908
36.857	1.4928
37.315	1.4944
37.78	1.4957
38.25	1.4964
38.726	1.4968
39.209	1.4966
39.697	1.4959
40.191	1.4947
40.691	1.4930
41.198	1.4910
41.711	1.4888
42.23	1.4866
42.756	1.4843
43.288	1.4818
43.827	1.4788
44.372	1.4748
44.925	1.4700
45.484	1.4644
46.05	1.4583
46.623	1.4519
47.204	1.4458
47.791	1.4401
48.386	1.4351
48.989	1.4310
49.599	1.4279
50.216	1.4260
50.841	1.4253
51.474	1.4255
52.115	1.4265
52.764	1.4279
53.42	1.4294
54.085	1.4311
54.759	1.4329
55.44	1.4350
56.131	1.4375
56.829	1.4406
57.537	1.4443
58.253	1.4485
58.978	1.4530
59.712	1.4577
60.456	1.4625
61.208	1.4673
61.97	1.4718
62.742	1.4761
63.523	1.4800
64.314	1.4836
65.114	1.4869
65.925	1.4899
66.745	1.4926
67.576	1.4951
68.418	1.4971
69.269	1.4986
70.132	1.4993
71.005	1.4993
71.889	1.4985
72.784	1.4975
73.69	1.4964
74.607	1.4955
75.536	1.4948
76.476	1.4940
77.428	1.4931
78.392	1.4919
79.368	1.4902
80.356	1.4879
81.356	1.4851
82.369	1.4814
83.394	1.4768
84.433	1.4713
85.484	1.4650
86.548	1.4580
87.625	1.4503
88.716	1.4421
89.82	1.4333
90.939	1.4240
92.071	1.4141
93.217	1.4038
94.377	1.3932
95.552	1.3823
96.742	1.3712
97.946	1.3601
99.165	1.3490
100.4	1.3379
101.65	1.3267
102.915	1.3155
104.196	1.3044
105.493	1.2933
106.806	1.2822
108.136	1.2711
109.482	1.2600
110.845	1.2490
112.225	1.2380
113.622	1.2271
115.037	1.2162
116.469	1.2053
117.919	1.1945
119.386	1.1836
120.873	1.1726
122.377	1.1616
123.901	1.1505
125.443	1.1395
127.005	1.1286
128.586	1.1178
130.187	1.1072
131.807	1.0967
133.448	1.0864
135.109	1.0763
136.791	1.0662
138.494	1.0562
140.218	1.0462
141.964	1.0364
143.731	1.0265
145.52	1.0167
147.332	1.0073
149.166	0.9980
151.023	0.9891
152.903	0.9805
154.806	0.9722
156.734	0.9643
158.685	0.9567
160.66	0.9492
162.66	0.9416
164.685	0.9339
166.735	0.9259
168.811	0.9178
170.912	0.9096
173.04	0.9015
175.194	0.8936
177.375	0.8861
179.583	0.8788
181.819	0.8718
184.082	0.8649
186.374	0.8582
188.694	0.8517
191.043	0.8445
193.421	0.8375
195.829	0.8300
198.267	0.8225
200.735	0.8157
203.234	0.8097
205.764	0.8048
208.325	0.8010
210.919	0.7979
213.544	0.7951
216.203	0.7922
218.894	0.7893
221.619	0.7865
224.378	0.7834
227.171	0.7796
229.999	0.7754
232.862	0.7708
235.761	0.7652
238.696	0.7591
241.668	0.7520
244.676	0.7440
247.722	0.7354
250.806	0.7253
253.928	0.7134
257.089	0.6996
260.29	0.6839
263.53	0.6663
266.81	0.6477
270.132	0.6291
273.495	0.6106
276.899	0.5924
280.346	0.5748
283.836	0.5576
287.37	0.5410
290.947	0.5251
294.569	0.5100
298.236	0.4956
301.949	0.4818
305.708	0.4685
309.513	0.4555
313.366	0.4424
317.267	0.4299
321.217	0.4172
325.216	0.4050
329.264	0.3934
333.363	0.3818
337.513	0.3705
341.715	0.3596
345.969	0.3484
350.276	0.3371
354.636	0.3256
359.051	0.3141
363.521	0.3017
368.046	0.2878
372.628	0.2733
377.266	0.2592
381.963	0.2460
386.718	0.2341
391.532	0.2241
396.406	0.2154
401.341	0.2080
406.337	0.2003
411.395	0.1925
416.517	0.1856
421.702	0.1803
426.951	0.1764
432.266	0.1744
437.648	0.1743
443.096	0.1751
448.612	0.1763
454.196	0.1778
459.851	0.1794
465.575	0.1808
471.371	0.1821
477.239	0.1832
483.18	0.1835
489.195	0.1831
495.285	0.1820
501.45	0.1803
507.693	0.1781
514.013	0.1756
520.412	0.1731
526.89	0.1711
533.449	0.1694
540.09	0.1680
546.814	0.1665
553.621	0.1650
560.513	0.1627
567.49	0.1595
574.555	0.1560
581.707	0.1521
588.949	0.1485
596.281	0.1451
603.703	0.1429
611.219	0.1423
618.828	0.1427
626.531	0.1437
634.331	0.1444
642.228	0.1447
650.222	0.1443
658.317	0.1433
666.512	0.1423
674.809	0.1421
683.21	0.1425
691.715	0.1429
700.326	0.1429
709.044	0.1425
717.871	0.1416
726.807	0.1402
735.855	0.1383
745.016	0.1362
754.29	0.1339
763.68	0.1314
773.187	0.1287
782.812	0.1259
792.557	0.1230
802.424	0.1199
812.413	0.1166
822.526	0.1132
832.766	0.1096
843.133	0.1059
853.629	0.1021
864.255	0.0983
875.014	0.0945
885.907	0.0905
896.935	0.0866
908.101	0.0825
919.406	0.0784
930.851	0.0742
942.439	0.0700
954.171	0.0656
966.049	0.0613
978.076	0.0572
990.251	0.0531
1002.579	0.0492
1015.06	0.0455
1027.696	0.0419
1040.489	0.0385
1053.442	0.0352
1066.556	0.0322
1079.833	0.0294
1093.276	0.0268
1106.886	0.0247
1120.665	0.0231
1134.616	0.0221
1148.741	0.0218
1163.041	0.0224
1177.519	0.0236
1192.178	0.0256
1207.019	0.0282
1222.045	0.0312
1237.258	0.0346
1252.66	0.0384
1268.254	0.0425
1284.042	0.0469
1300.027	0.0515
1316.211	0.0564
1332.596	0.0616
1349.185	0.0671
1365.981	0.0728
1382.985	0.0788
1400.202	0.0851
1417.633	0.0914
1435.28	0.0979
1453.148	0.1044
1471.238	0.1109
1489.553	0.1173
1508.096	0.1237
1526.87	0.1300
1545.877	0.1364
1565.121	0.1428
1584.605	0.1494
1604.332	0.1562
1624.303	0.1631
1644.524	0.1701
1664.996	0.1772
1685.723	0.1844
1706.708	0.1916
1727.955	0.1989
1749.466	0.2062
1771.244	0.2136
1793.294	0.2211
1815.618	0.2286
1838.221	0.2363
1861.104	0.2440
1884.272	0.2519
1907.729	0.2601
1931.478	0.2684
1955.523	0.2769
1979.866	0.2856
2004.513	0.2945
2029.467	0.3035
2054.731	0.3126
2080.31	0.3218
2106.207	0.3312
2132.427	0.3409
2158.973	0.3510
2185.849	0.3615
2213.06	0.3724
2240.61	0.3837
2268.503	0.3955
2296.743	0.4075
2325.334	0.4199
2354.282	0.4325
2383.59	0.4456
2413.262	0.4593
2443.305	0.4735
2473.721	0.4882
2504.515	0.5034
2535.693	0.5191
2567.26	0.5353
2599.219	0.5516
2631.576	0.5682
2664.335	0.5848
2697.503	0.6012
2731.084	0.6173
2765.082	0.6333
2799.504	0.6493
2834.354	0.6653
2869.638	0.6815
2905.362	0.6979
2941.53	0.7144
2978.148	0.7311
3015.222	0.7480
3052.758	0.7650
3090.761	0.7821
3129.237	0.7994
3168.192	0.8169
3207.632	0.8346
3247.563	0.8525
3287.991	0.8707
3328.923	0.8892
3370.364	0.9081
3412.32	0.9275
3454.799	0.9476
3497.807	0.9682
3541.351	0.9894
3585.436	1.0110
3630.07	1.0329
3675.26	1.0552
3721.012	1.0777
3767.334	1.1005
3814.233	1.1237
3861.715	1.1473
3909.789	1.1711
3958.46	1.1948
4007.738	1.2185
4057.63	1.2423
4108.142	1.2663
4159.283	1.2905
4211.061	1.3148
4263.483	1.3394
4316.559	1.3642
4370.294	1.3892
4424.699	1.4146
4479.781	1.4405
4535.548	1.4668
4592.01	1.4935
4649.175	1.5204
4707.051	1.5474
4765.648	1.5741
4824.975	1.6007
4885.039	1.6268
4945.852	1.6524
5007.421	1.6774
5069.757	1.7015
5132.87	1.7245
5196.768	1.7462
5261.46	1.7666
5326.959	1.7854
5393.273	1.8026
5460.413	1.8181
5528.388	1.8317
5597.209	1.8434
5666.887	1.8535
5737.433	1.8623
5808.857	1.8697
5881.169	1.8761
5954.383	1.8816
6028.507	1.8864
6103.555	1.8907
6179.536	1.8948
6256.464	1.8985
6334.349	1.9019
6413.204	1.9052
6493.04	1.9083
6573.87	1.9114
6655.706	1.9144
6738.562	1.9171
6822.448	1.9195
6907.379	1.9217
6993.367	1.9235
7080.426	1.9248
7168.568	1.9253
7257.808	1.9250
7348.158	1.9236
7439.633	1.9210
7532.248	1.9169
7626.015	1.9112
7720.949	1.9035
7817.065	1.8939
7914.377	1.8822
8012.901	1.8681
8112.652	1.8521
8213.645	1.8342
8315.894	1.8147
8419.416	1.7937
8524.228	1.7709
8630.343	1.7467
8737.78	1.7212
8846.555	1.6950
8956.683	1.6680
9068.182	1.6407
9181.069	1.6131
9295.362	1.5853
9411.078	1.5571
9528.233	1.5281
9646.849	1.4982
9766.939	1.4671
9888.525	1.4344
10011.625	1.4001
10136.257	1.3639
10262.44	1.3255
10390.195	1.2849
10519.54	1.2420
10650.495	1.1969
10783.08	1.1495
10917.316	1.1001
11053.223	1.0488
11190.821	0.9956
11330.133	0.9404
11471.179	0.8830
11613.98	0.8235
11758.561	0.7618
11904.939	0.6980
12053.141	0.6325
12203.188	0.5657
12355.102	0.4980
12508.907	0.4298
12664.627	0.3612
12822.286	0.2923
12981.907	0.2232
13143.516	0.1540
13307.136	0.0850
13472.793	0.0160
13640.512	-0.0531
13810.319	-0.1223
13982.24	-0.1913
14156.302	-0.2600
14332.529	-0.3281
14510.951	-0.3960
14691.595	-0.4637
14874.486	-0.5314
15059.655	-0.5991
15247.129	-0.6668
15436.937	-0.7346
15629.106	-0.8025
15823.669	-0.8702
16020.654	-0.9378
16220.091	-1.0050
16422.01	-1.0714
16626.443	-1.1367
16833.422	-1.2005
17042.977	-1.2626
17255.141	-1.3222
17469.945	-1.3793
17687.424	-1.4335
17907.609	-1.4672
18130.537	-1.5011
18356.24	-1.5352
18584.752	-1.5696
18816.107	-1.6042
19050.346	-1.6387
19287.498	-1.6731
19527.604	-1.7071
19770.697	-1.7403
20016.816	-1.7730
