Sens Factor =-.6277dB, SERNO: 7007110
"Auto-generated 90-degree calibration file"
10.054	-5.8343
10.179	-5.6584
10.306	-5.4857
10.434	-5.3162
10.564	-5.1499
10.696	-4.9866
10.829	-4.8265
10.964	-4.6694
11.100	-4.5155
11.238	-4.3645
11.378	-4.2164
11.520	-4.0712
11.663	-3.9290
11.809	-3.7896
11.956	-3.6531
12.104	-3.5194
12.255	-3.3885
12.408	-3.2602
12.562	-3.1348
12.718	-3.0120
12.877	-2.8918
13.037	-2.7742
13.199	-2.6593
13.364	-2.5468
13.530	-2.4369
13.698	-2.3295
13.869	-2.2244
14.042	-2.1218
14.216	-2.0217
14.393	-1.9239
14.573	-1.8283
14.754	-1.7351
14.938	-1.6441
15.124	-1.5554
15.312	-1.4688
15.503	-1.3844
15.696	-1.3021
15.891	-1.2220
16.089	-1.1439
16.289	-1.0678
16.492	-0.9938
16.697	-0.9217
16.905	-0.8515
17.115	-0.7832
17.328	-0.7168
17.544	-0.6523
17.763	-0.5895
17.984	-0.5285
18.208	-0.4692
18.434	-0.4117
18.664	-0.3558
18.896	-0.3016
19.131	-0.2491
19.369	-0.1980
19.611	-0.1485
19.855	-0.1006
20.102	-0.0541
20.352	-0.0091
20.605	0.0345
20.862	0.0768
21.122	0.1177
21.385	0.1572
21.651	0.1954
21.920	0.2324
22.193	0.2682
22.470	0.3028
22.749	0.3362
23.032	0.3685
23.319	0.3997
23.609	0.4298
23.903	0.4589
24.201	0.4871
24.502	0.5142
24.807	0.5404
25.116	0.5657
25.429	0.5901
25.745	0.6137
26.066	0.6365
26.390	0.6585
26.719	0.6798
27.051	0.7003
27.388	0.7202
27.729	0.7394
28.074	0.7581
28.424	0.7761
28.778	0.7936
29.136	0.8106
29.499	0.8271
29.866	0.8432
30.238	0.8588
30.614	0.8740
30.995	0.8889
31.381	0.9035
31.772	0.9177
32.167	0.9317
32.568	0.9456
32.973	0.9591
33.383	0.9726
33.799	0.9859
34.220	0.9991
34.646	1.0122
35.077	1.0253
35.514	1.0395
35.956	1.0532
36.403	1.0665
36.857	1.0791
37.315	1.0909
37.780	1.1019
38.250	1.1120
38.726	1.1213
39.209	1.1297
39.697	1.1374
40.191	1.1445
40.691	1.1513
41.198	1.1580
41.711	1.1648
42.230	1.1714
42.756	1.1778
43.288	1.1837
43.827	1.1890
44.372	1.1933
44.925	1.1966
45.484	1.1991
46.050	1.2005
46.623	1.2011
47.204	1.2011
47.791	1.2010
48.386	1.2013
48.989	1.2024
49.599	1.2045
50.216	1.2074
50.841	1.2109
51.474	1.2146
52.115	1.2183
52.764	1.2217
53.420	1.2247
54.085	1.2273
54.759	1.2294
55.440	1.2310
56.131	1.2321
56.829	1.2326
57.537	1.2325
58.253	1.2319
58.978	1.2306
59.712	1.2286
60.456	1.2260
61.208	1.2227
61.970	1.2186
62.742	1.2139
63.523	1.2087
64.314	1.2031
65.114	1.1970
65.925	1.1907
66.745	1.1840
67.576	1.1770
68.418	1.1695
69.269	1.1615
70.132	1.1534
71.005	1.1455
71.889	1.1381
72.784	1.1316
73.690	1.1263
74.607	1.1221
75.536	1.1193
76.476	1.1177
77.428	1.1172
78.392	1.1173
79.368	1.1175
80.356	1.1170
81.356	1.1153
82.369	1.1120
83.394	1.1073
84.433	1.1012
85.484	1.0939
86.548	1.0857
87.625	1.0770
88.716	1.0679
89.820	1.0585
90.939	1.0489
92.071	1.0392
93.217	1.0293
94.377	1.0193
95.552	1.0093
96.742	0.9994
97.946	0.9899
99.165	0.9809
100.400	0.9725
101.650	0.9650
102.915	0.9583
104.196	0.9524
105.493	0.9471
106.806	0.9422
108.136	0.9375
109.482	0.9330
110.845	0.9286
112.225	0.9241
113.622	0.9195
115.037	0.9146
116.469	0.9093
117.919	0.9035
119.386	0.8971
120.873	0.8900
122.377	0.8822
123.901	0.8736
125.443	0.8641
127.005	0.8538
128.586	0.8427
130.187	0.8308
131.807	0.8183
133.448	0.8055
135.109	0.7924
136.791	0.7794
138.494	0.7666
140.218	0.7543
141.964	0.7425
143.731	0.7313
145.520	0.7206
147.332	0.7105
149.166	0.7010
151.023	0.6922
152.903	0.6839
154.806	0.6762
156.734	0.6690
158.685	0.6623
160.660	0.6559
162.660	0.6498
164.685	0.6437
166.735	0.6374
168.811	0.6307
170.912	0.6233
173.040	0.6150
175.194	0.6058
177.375	0.5958
179.583	0.5852
181.819	0.5741
184.082	0.5630
186.374	0.5520
188.694	0.5413
191.043	0.5308
193.421	0.5208
195.829	0.5111
198.267	0.5021
200.735	0.4939
203.234	0.4864
205.764	0.4795
208.325	0.4731
210.919	0.4671
213.544	0.4614
216.203	0.4562
218.894	0.4515
221.619	0.4471
224.378	0.4428
227.171	0.4381
229.999	0.4327
232.862	0.4266
235.761	0.4196
238.696	0.4117
241.668	0.4030
244.676	0.3934
247.722	0.3831
250.806	0.3720
253.928	0.3602
257.089	0.3478
260.290	0.3349
263.530	0.3218
266.810	0.3084
270.132	0.2948
273.495	0.2810
276.899	0.2674
280.346	0.2541
283.836	0.2415
287.370	0.2299
290.947	0.2193
294.569	0.2098
298.236	0.2013
301.949	0.1932
305.708	0.1853
309.513	0.1772
313.366	0.1688
317.267	0.1601
321.217	0.1511
325.216	0.1420
329.264	0.1327
333.363	0.1232
337.513	0.1137
341.715	0.1044
345.969	0.0954
350.276	0.0867
354.636	0.0784
359.051	0.0699
363.521	0.0612
368.046	0.0522
372.628	0.0431
377.266	0.0342
381.963	0.0258
386.718	0.0179
391.532	0.0104
396.406	0.0032
401.341	-0.0033
406.337	-0.0079
411.395	-0.0108
416.517	-0.0122
421.702	-0.0124
426.951	-0.0116
432.266	-0.0100
437.648	-0.0080
443.096	-0.0056
448.612	-0.0030
454.196	-0.0003
459.851	0.0025
465.575	0.0054
471.371	0.0081
477.239	0.0107
483.180	0.0132
489.195	0.0156
495.285	0.0179
501.450	0.0203
507.693	0.0228
514.013	0.0252
520.412	0.0278
526.890	0.0304
533.449	0.0329
540.090	0.0353
546.814	0.0374
553.621	0.0391
560.513	0.0403
567.490	0.0410
574.555	0.0413
581.707	0.0412
588.949	0.0409
596.281	0.0406
603.703	0.0406
611.219	0.0408
618.828	0.0413
626.531	0.0419
634.331	0.0427
642.228	0.0437
650.222	0.0450
658.317	0.0470
666.512	0.0492
674.809	0.0502
683.210	0.0502
691.715	0.0495
700.326	0.0481
709.044	0.0465
717.871	0.0447
726.807	0.0428
735.855	0.0408
745.016	0.0389
754.290	0.0369
763.680	0.0347
773.187	0.0321
782.812	0.0296
792.557	0.0269
802.424	0.0242
812.413	0.0215
822.526	0.0185
832.766	0.0154
843.133	0.0123
853.629	0.0092
864.255	0.0059
875.014	0.0026
885.907	-0.0007
896.935	-0.0042
908.101	-0.0077
919.406	-0.0112
930.851	-0.0145
942.439	-0.0178
954.171	-0.0209
966.049	-0.0241
978.076	-0.0273
990.251	-0.0303
1002.579	-0.0331
1015.060	-0.0358
1027.696	-0.0384
1040.489	-0.0410
1053.442	-0.0433
1066.556	-0.0457
1079.833	-0.0478
1093.276	-0.0498
1106.886	-0.0518
1120.665	-0.0534
1134.616	-0.0548
1148.741	-0.0558
1163.041	-0.0564
1177.519	-0.0570
1192.178	-0.0571
1207.019	-0.0570
1222.045	-0.0569
1237.258	-0.0565
1252.660	-0.0556
1268.254	-0.0545
1284.042	-0.0531
1300.027	-0.0512
1316.211	-0.0490
1332.596	-0.0464
1349.185	-0.0436
1365.981	-0.0409
1382.985	-0.0382
1400.202	-0.0352
1417.633	-0.0320
1435.280	-0.0285
1453.148	-0.0250
1471.238	-0.0212
1489.553	-0.0171
1508.096	-0.0130
1526.870	-0.0088
1545.877	-0.0045
1565.121	-0.0003
1584.605	0.0038
1604.332	0.0080
1624.303	0.0119
1644.524	0.0158
1664.996	0.0196
1685.723	0.0234
1706.708	0.0272
1727.955	0.0304
1749.466	0.0337
1771.244	0.0370
1793.294	0.0405
1815.618	0.0441
1838.221	0.0480
1861.104	0.0519
1884.272	0.0561
1907.729	0.0604
1931.478	0.0642
1955.523	0.0678
1979.866	0.0715
2004.513	0.0753
2029.467	0.0793
2054.731	0.0833
2080.310	0.0876
2106.207	0.0920
2132.427	0.0969
2158.973	0.1019
2185.849	0.1070
2213.060	0.1124
2240.610	0.1184
2268.503	0.1249
2296.743	0.1325
2325.334	0.1413
2354.282	0.1509
2383.590	0.1610
2413.262	0.1715
2443.305	0.1821
2473.721	0.1930
2504.515	0.2041
2535.693	0.2157
2567.260	0.2273
2599.219	0.2390
2631.576	0.2506
2664.335	0.2623
2697.503	0.2742
2731.084	0.2861
2765.082	0.2982
2799.504	0.3103
2834.354	0.3224
2869.638	0.3344
2905.362	0.3457
2941.530	0.3569
2978.148	0.3681
3015.222	0.3792
3052.758	0.3904
3090.761	0.4014
3129.237	0.4124
3168.192	0.4234
3207.632	0.4345
3247.563	0.4453
3287.991	0.4558
3328.923	0.4665
3370.364	0.4773
3412.320	0.4883
3454.799	0.4993
3497.807	0.5104
3541.351	0.5216
3585.436	0.5328
3630.070	0.5442
3675.260	0.5556
3721.012	0.5671
3767.334	0.5785
3814.233	0.5898
3861.715	0.6007
3909.789	0.6117
3958.460	0.6229
4007.738	0.6346
4057.630	0.6467
4108.142	0.6586
4159.283	0.6710
4211.061	0.6836
4263.483	0.6965
4316.559	0.7097
4370.294	0.7233
4424.699	0.7371
4479.781	0.7510
4535.548	0.7650
4592.010	0.7788
4649.175	0.7922
4707.051	0.8054
4765.648	0.8181
4824.975	0.8302
4885.039	0.8402
4945.852	0.8490
5007.421	0.8568
5069.757	0.8634
5132.870	0.8687
5196.768	0.8717
5261.460	0.8734
5326.959	0.8740
5393.273	0.8734
5460.413	0.8716
5528.388	0.8686
5597.209	0.8646
5666.887	0.8595
5737.433	0.8534
5808.857	0.8467
5881.169	0.8390
5954.383	0.8302
6028.507	0.8205
6103.555	0.8099
6179.536	0.7983
6256.464	0.7859
6334.349	0.7726
6413.204	0.7583
6493.040	0.7428
6573.870	0.7261
6655.706	0.7081
6738.562	0.6889
6822.448	0.6684
6907.379	0.6468
6993.367	0.6240
7080.426	0.5998
7168.568	0.5744
7257.808	0.5478
7348.158	0.5207
7439.633	0.4922
7532.248	0.4622
7626.015	0.4306
7720.949	0.3983
7817.065	0.3652
7914.377	0.3306
8012.901	0.2945
8112.652	0.2569
8213.645	0.2188
8315.894	0.1793
8419.416	0.1385
8524.228	0.0962
8630.343	0.0527
8737.780	0.0082
8846.555	-0.0374
8956.683	-0.0844
9068.182	-0.1328
9181.069	-0.1825
9295.362	-0.2337
9411.078	-0.2863
9528.233	-0.3408
9646.849	-0.3970
9766.939	-0.4559
9888.525	-0.5172
10011.625	-0.5807
10136.257	-0.6468
10262.440	-0.7154
10390.195	-0.7855
10519.540	-0.8586
10650.495	-0.9346
10783.080	-1.0134
10917.316	-1.0946
11053.223	-1.1778
11190.821	-1.2636
11330.133	-1.3518
11471.179	-1.4430
11613.980	-1.5365
11758.561	-1.6327
11904.939	-1.7316
12053.141	-1.8333
12203.188	-1.9378
12355.102	-2.0439
12508.907	-2.1519
12664.627	-2.2619
12822.286	-2.3734
12981.907	-2.4859
13143.516	-2.5993
13307.136	-2.7140
13472.793	-2.8301
13640.512	-2.9473
13810.319	-3.0651
13982.240	-3.1838
14156.302	-3.3038
14332.529	-3.4248
14510.951	-3.5469
14691.595	-3.6694
14874.486	-3.7932
15059.655	-3.9182
15247.129	-4.0444
15436.937	-4.1710
15629.106	-4.2979
15823.669	-4.4254
16020.654	-4.5539
16220.091	-4.6829
16422.010	-4.8123
16626.443	-4.9422
16833.422	-5.0729
17042.977	-5.2034
17255.141	-5.3333
17469.945	-5.4617
17687.424	-5.5884
17907.609	-5.6893
18130.537	-5.7915
18356.240	-5.8946
18584.752	-5.9986
18816.107	-6.1037
19050.346	-6.2095
19287.498	-6.3156
19527.604	-6.4225
19770.697	-6.5297
20016.816	-6.6369
