Sens Factor =-.5652dB, SERNO: 7007115
10.054	-5.5878
10.179	-5.4194
10.306	-5.2542
10.434	-5.0922
10.564	-4.9334
10.696	-4.7777
10.829	-4.6251
10.964	-4.4755
11.1	-4.3291
11.238	-4.1855
11.378	-4.0450
11.52	-3.9074
11.663	-3.7727
11.809	-3.6408
11.956	-3.5118
12.104	-3.3856
12.255	-3.2622
12.408	-3.1415
12.562	-3.0235
12.718	-2.9082
12.877	-2.7956
13.037	-2.6855
13.199	-2.5781
13.364	-2.4731
13.53	-2.3707
13.698	-2.2708
13.869	-2.1733
14.042	-2.0782
14.216	-1.9856
14.393	-1.8953
14.573	-1.8073
14.754	-1.7216
14.938	-1.6381
15.124	-1.5569
15.312	-1.4779
15.503	-1.4010
15.696	-1.3262
15.891	-1.2536
16.089	-1.1830
16.289	-1.1144
16.492	-1.0479
16.697	-0.9833
16.905	-0.9206
17.115	-0.8599
17.328	-0.8010
17.544	-0.7439
17.763	-0.6887
17.984	-0.6352
18.208	-0.5835
18.434	-0.5335
18.664	-0.4851
18.896	-0.4384
19.131	-0.3934
19.369	-0.3499
19.611	-0.3079
19.855	-0.2674
20.102	-0.2285
20.352	-0.1910
20.605	-0.1549
20.862	-0.1202
21.122	-0.0868
21.385	-0.0548
21.651	-0.0240
21.92	0.0054
22.193	0.0337
22.47	0.0608
22.749	0.0867
23.032	0.1114
23.319	0.1351
23.609	0.1577
23.903	0.1793
24.201	0.1999
24.502	0.2195
24.807	0.2382
25.116	0.2560
25.429	0.2729
25.745	0.2890
26.066	0.3043
26.39	0.3188
26.719	0.3325
27.051	0.3456
27.388	0.3579
27.729	0.3696
28.074	0.3808
28.424	0.3913
28.778	0.4013
29.136	0.4107
29.499	0.4197
29.866	0.4282
30.238	0.4364
30.614	0.4441
30.995	0.4514
31.381	0.4585
31.772	0.4653
32.167	0.4717
32.568	0.4780
32.973	0.4841
33.383	0.4900
33.799	0.4958
34.22	0.5015
34.646	0.5071
35.077	0.5127
35.514	0.5181
35.956	0.5237
36.403	0.5294
36.857	0.5351
37.315	0.5407
37.78	0.5462
38.25	0.5517
38.726	0.5572
39.209	0.5630
39.697	0.5692
40.191	0.5761
40.691	0.5839
41.198	0.5927
41.711	0.6025
42.23	0.6126
42.756	0.6225
43.288	0.6317
43.827	0.6398
44.372	0.6467
44.925	0.6522
45.484	0.6566
46.05	0.6598
46.623	0.6618
47.204	0.6632
47.791	0.6643
48.386	0.6658
48.989	0.6682
49.599	0.6717
50.216	0.6763
50.841	0.6819
51.474	0.6882
52.115	0.6948
52.764	0.7017
53.42	0.7088
54.085	0.7158
54.759	0.7227
55.44	0.7293
56.131	0.7353
56.829	0.7407
57.537	0.7452
58.253	0.7489
58.978	0.7519
59.712	0.7541
60.456	0.7555
61.208	0.7562
61.97	0.7560
62.742	0.7551
63.523	0.7533
64.314	0.7507
65.114	0.7472
65.925	0.7425
66.745	0.7366
67.576	0.7292
68.418	0.7204
69.269	0.7105
70.132	0.7000
71.005	0.6896
71.889	0.6801
72.784	0.6718
73.69	0.6650
74.607	0.6596
75.536	0.6556
76.476	0.6530
77.428	0.6515
78.392	0.6508
79.368	0.6501
80.356	0.6489
81.356	0.6465
82.369	0.6425
83.394	0.6370
84.433	0.6300
85.484	0.6217
86.548	0.6127
87.625	0.6030
88.716	0.5928
89.82	0.5824
90.939	0.5717
92.071	0.5609
93.217	0.5498
94.377	0.5386
95.552	0.5273
96.742	0.5161
97.946	0.5052
99.165	0.4947
100.4	0.4849
101.65	0.4758
102.915	0.4676
104.196	0.4601
105.493	0.4532
106.806	0.4467
108.136	0.4405
109.482	0.4345
110.845	0.4286
112.225	0.4227
113.622	0.4167
115.037	0.4105
116.469	0.4039
117.919	0.3968
119.386	0.3893
120.873	0.3812
122.377	0.3724
123.901	0.3630
125.443	0.3529
127.005	0.3422
128.586	0.3309
130.187	0.3191
131.807	0.3069
133.448	0.2944
135.109	0.2820
136.791	0.2698
138.494	0.2581
140.218	0.2469
141.964	0.2363
143.731	0.2264
145.52	0.2172
147.332	0.2087
149.166	0.2009
151.023	0.1938
152.903	0.1874
154.806	0.1817
156.734	0.1766
158.685	0.1719
160.66	0.1676
162.66	0.1636
164.685	0.1597
166.735	0.1558
168.811	0.1516
170.912	0.1469
173.04	0.1415
175.194	0.1354
177.375	0.1286
179.583	0.1214
181.819	0.1140
184.082	0.1068
186.374	0.0999
188.694	0.0934
191.043	0.0873
193.421	0.0816
195.829	0.0764
198.267	0.0719
200.735	0.0682
203.234	0.0654
205.764	0.0631
208.325	0.0611
210.919	0.0593
213.544	0.0575
216.203	0.0559
218.894	0.0545
221.619	0.0533
224.378	0.0522
227.171	0.0508
229.999	0.0489
232.862	0.0464
235.761	0.0432
238.696	0.0394
241.668	0.0349
244.676	0.0299
247.722	0.0244
250.806	0.0184
253.928	0.0119
257.089	0.0051
260.29	-0.0020
263.53	-0.0092
266.81	-0.0166
270.132	-0.0240
273.495	-0.0315
276.899	-0.0391
280.346	-0.0465
283.836	-0.0534
287.37	-0.0595
290.947	-0.0647
294.569	-0.0690
298.236	-0.0726
301.949	-0.0758
305.708	-0.0790
309.513	-0.0823
313.366	-0.0858
317.267	-0.0895
321.217	-0.0932
325.216	-0.0971
329.264	-0.1011
333.363	-0.1053
337.513	-0.1099
341.715	-0.1144
345.969	-0.1188
350.276	-0.1228
354.636	-0.1262
359.051	-0.1292
363.521	-0.1319
368.046	-0.1342
372.628	-0.1363
377.266	-0.1380
381.963	-0.1396
386.718	-0.1412
391.532	-0.1431
396.406	-0.1447
401.341	-0.1453
406.337	-0.1436
411.395	-0.1402
416.517	-0.1356
421.702	-0.1302
426.951	-0.1241
432.266	-0.1178
437.648	-0.1112
443.096	-0.1046
448.612	-0.0980
454.196	-0.0914
459.851	-0.0847
465.575	-0.0781
471.371	-0.0715
477.239	-0.0650
483.18	-0.0585
489.195	-0.0521
495.285	-0.0458
501.45	-0.0395
507.693	-0.0333
514.013	-0.0273
520.412	-0.0213
526.89	-0.0156
533.449	-0.0101
540.09	-0.0048
546.814	0.0001
553.621	0.0046
560.513	0.0089
567.49	0.0128
574.555	0.0165
581.707	0.0200
588.949	0.0233
596.281	0.0262
603.703	0.0289
611.219	0.0311
618.828	0.0330
626.531	0.0348
634.331	0.0367
642.228	0.0392
650.222	0.0423
658.317	0.0457
666.512	0.0485
674.809	0.0493
683.21	0.0487
691.715	0.0473
700.326	0.0453
709.044	0.0430
717.871	0.0408
726.807	0.0386
735.855	0.0365
745.016	0.0346
754.29	0.0327
763.68	0.0309
773.187	0.0292
782.812	0.0275
792.557	0.0258
802.424	0.0242
812.413	0.0225
822.526	0.0208
832.766	0.0192
843.133	0.0177
853.629	0.0162
864.255	0.0149
875.014	0.0137
885.907	0.0126
896.935	0.0115
908.101	0.0106
919.406	0.0098
930.851	0.0092
942.439	0.0089
954.171	0.0087
966.049	0.0086
978.076	0.0088
990.251	0.0091
1002.579	0.0097
1015.06	0.0106
1027.696	0.0118
1040.489	0.0133
1053.442	0.0149
1066.556	0.0167
1079.833	0.0187
1093.276	0.0208
1106.886	0.0231
1120.665	0.0258
1134.616	0.0287
1148.741	0.0319
1163.041	0.0354
1177.519	0.0391
1192.178	0.0429
1207.019	0.0470
1222.045	0.0513
1237.258	0.0557
1252.66	0.0605
1268.254	0.0654
1284.042	0.0707
1300.027	0.0762
1316.211	0.0819
1332.596	0.0879
1349.185	0.0941
1365.981	0.1005
1382.985	0.1071
1400.202	0.1138
1417.633	0.1207
1435.28	0.1277
1453.148	0.1349
1471.238	0.1422
1489.553	0.1497
1508.096	0.1573
1526.87	0.1649
1545.877	0.1723
1565.121	0.1798
1584.605	0.1871
1604.332	0.1945
1624.303	0.2020
1644.524	0.2094
1664.996	0.2168
1685.723	0.2241
1706.708	0.2315
1727.955	0.2389
1749.466	0.2465
1771.244	0.2541
1793.294	0.2619
1815.618	0.2698
1838.221	0.2778
1861.104	0.2859
1884.272	0.2941
1907.729	0.3026
1931.478	0.3111
1955.523	0.3198
1979.866	0.3286
2004.513	0.3375
2029.467	0.3465
2054.731	0.3558
2080.31	0.3654
2106.207	0.3754
2132.427	0.3859
2158.973	0.3969
2185.849	0.4086
2213.06	0.4208
2240.61	0.4337
2268.503	0.4474
2296.743	0.4620
2325.334	0.4778
2354.282	0.4946
2383.59	0.5121
2413.262	0.5303
2443.305	0.5490
2473.721	0.5681
2504.515	0.5877
2535.693	0.6076
2567.26	0.6280
2599.219	0.6487
2631.576	0.6697
2664.335	0.6911
2697.503	0.7130
2731.084	0.7352
2765.082	0.7578
2799.504	0.7807
2834.354	0.8038
2869.638	0.8271
2905.362	0.8506
2941.53	0.8743
2978.148	0.8982
3015.222	0.9222
3052.758	0.9466
3090.761	0.9711
3129.237	0.9960
3168.192	1.0211
3207.632	1.0465
3247.563	1.0722
3287.991	1.0983
3328.923	1.1247
3370.364	1.1515
3412.32	1.1785
3454.799	1.2057
3497.807	1.2330
3541.351	1.2602
3585.436	1.2874
3630.07	1.3145
3675.26	1.3417
3721.012	1.3689
3767.334	1.3961
3814.233	1.4232
3861.715	1.4503
3909.789	1.4774
3958.46	1.5049
4007.738	1.5331
4057.63	1.5620
4108.142	1.5916
4159.283	1.6218
4211.061	1.6526
4263.483	1.6838
4316.559	1.7155
4370.294	1.7474
4424.699	1.7795
4479.781	1.8115
4535.548	1.8435
4592.01	1.8755
4649.175	1.9072
4707.051	1.9388
4765.648	1.9700
4824.975	2.0008
4885.039	2.0311
4945.852	2.0606
5007.421	2.0892
5069.757	2.1169
5132.87	2.1437
5196.768	2.1695
5261.46	2.1944
5326.959	2.2186
5393.273	2.2420
5460.413	2.2648
5528.388	2.2870
5597.209	2.3088
5666.887	2.3300
5737.433	2.3508
5808.857	2.3712
5881.169	2.3911
5954.383	2.4106
6028.507	2.4296
6103.555	2.4483
6179.536	2.4666
6256.464	2.4845
6334.349	2.5020
6413.204	2.5189
6493.04	2.5352
6573.87	2.5508
6655.706	2.5655
6738.562	2.5794
6822.448	2.5924
6907.379	2.6046
6993.367	2.6159
7080.426	2.6263
7168.568	2.6359
7257.808	2.6446
7348.158	2.6526
7439.633	2.6597
7532.248	2.6660
7626.015	2.6716
7720.949	2.6765
7817.065	2.6807
7914.377	2.6841
8012.901	2.6868
8112.652	2.6886
8213.645	2.6896
8315.894	2.6900
8419.416	2.6896
8524.228	2.6885
8630.343	2.6868
8737.78	2.6845
8846.555	2.6814
8956.683	2.6776
9068.182	2.6729
9181.069	2.6673
9295.362	2.6606
9411.078	2.6528
9528.233	2.6437
9646.849	2.6333
9766.939	2.6214
9888.525	2.6079
10011.625	2.5927
10136.257	2.5754
10262.44	2.5559
10390.195	2.5340
10519.54	2.5099
10650.495	2.4833
10783.08	2.4544
10917.316	2.4232
11053.223	2.3902
11190.821	2.3550
11330.133	2.3175
11471.179	2.2776
11613.98	2.2353
11758.561	2.1908
11904.939	2.1442
12053.141	2.0955
12203.188	2.0445
12355.102	1.9916
12508.907	1.9370
12664.627	1.8808
12822.286	1.8231
12981.907	1.7644
13143.516	1.7047
13307.136	1.6440
13472.793	1.5825
13640.512	1.5203
13810.319	1.4574
13982.24	1.3937
14156.302	1.3295
14332.529	1.2645
14510.951	1.1987
14691.595	1.1320
14874.486	1.0646
15059.655	0.9964
15247.129	0.9274
15436.937	0.8579
15629.106	0.7881
15823.669	0.7182
16020.654	0.6481
16220.091	0.5781
16422.01	0.5083
16626.443	0.4385
16833.422	0.3686
17042.977	0.2995
17255.141	0.2312
17469.945	0.1642
17687.424	0.0991
17907.609	0.0628
18130.537	0.0262
18356.24	-0.0108
18584.752	-0.0479
18816.107	-0.0850
19050.346	-0.1217
19287.498	-0.1580
19527.604	-0.1938
19770.697	-0.2294
20016.816	-0.2643
