Sens Factor =.1326dB, SERNO: 7007146
"Auto-generated 90-degree calibration file"
10.054	-4.0706
10.179	-3.9127
10.306	-3.7581
10.434	-3.6066
10.564	-3.4583
10.696	-3.3132
10.829	-3.1711
10.964	-3.0321
11.100	-2.8961
11.238	-2.7631
11.378	-2.6331
11.520	-2.5061
11.663	-2.3819
11.809	-2.2606
11.956	-2.1421
12.104	-2.0264
12.255	-1.9135
12.408	-1.8034
12.562	-1.6959
12.718	-1.5911
12.877	-1.4890
13.037	-1.3895
13.199	-1.2926
13.364	-1.1982
13.530	-1.1063
13.698	-1.0169
13.869	-0.9300
14.042	-0.8454
14.216	-0.7633
14.393	-0.6835
14.573	-0.6060
14.754	-0.5309
14.938	-0.4580
15.124	-0.3873
15.312	-0.3187
15.503	-0.2524
15.696	-0.1882
15.891	-0.1261
16.089	-0.0660
16.289	-0.0080
16.492	0.0480
16.697	0.1021
16.905	0.1542
17.115	0.2045
17.328	0.2528
17.544	0.2993
17.763	0.3440
17.984	0.3870
18.208	0.4282
18.434	0.4677
18.664	0.5055
18.896	0.5416
19.131	0.5762
19.369	0.6092
19.611	0.6406
19.855	0.6705
20.102	0.6989
20.352	0.7259
20.605	0.7515
20.862	0.7757
21.122	0.7985
21.385	0.8200
21.651	0.8402
21.920	0.8592
22.193	0.8769
22.470	0.8934
22.749	0.9088
23.032	0.9231
23.319	0.9362
23.609	0.9483
23.903	0.9593
24.201	0.9694
24.502	0.9785
24.807	0.9866
25.116	0.9939
25.429	1.0003
25.745	1.0058
26.066	1.0105
26.390	1.0145
26.719	1.0177
27.051	1.0203
27.388	1.0221
27.729	1.0233
28.074	1.0239
28.424	1.0238
28.778	1.0233
29.136	1.0222
29.499	1.0207
29.866	1.0187
30.238	1.0163
30.614	1.0135
30.995	1.0103
31.381	1.0068
31.772	1.0030
32.167	0.9990
32.568	0.9947
32.973	0.9903
33.383	0.9857
33.799	0.9809
34.220	0.9761
34.646	0.9712
35.077	0.9663
35.514	0.9611
35.956	0.9561
36.403	0.9513
36.857	0.9464
37.315	0.9416
37.780	0.9366
38.250	0.9313
38.726	0.9257
39.209	0.9198
39.697	0.9135
40.191	0.9070
40.691	0.9005
41.198	0.8939
41.711	0.8874
42.230	0.8807
42.756	0.8735
43.288	0.8656
43.827	0.8568
44.372	0.8470
44.925	0.8364
45.484	0.8250
46.050	0.8133
46.623	0.8012
47.204	0.7893
47.791	0.7778
48.386	0.7669
48.989	0.7569
49.599	0.7479
50.216	0.7397
50.841	0.7324
51.474	0.7260
52.115	0.7206
52.764	0.7163
53.420	0.7131
54.085	0.7112
54.759	0.7104
55.440	0.7108
56.131	0.7123
56.829	0.7147
57.537	0.7179
58.253	0.7217
58.978	0.7260
59.712	0.7306
60.456	0.7354
61.208	0.7404
61.970	0.7454
62.742	0.7506
63.523	0.7558
64.314	0.7612
65.114	0.7667
65.925	0.7722
66.745	0.7776
67.576	0.7826
68.418	0.7873
69.269	0.7914
70.132	0.7952
71.005	0.7988
71.889	0.8024
72.784	0.8060
73.690	0.8098
74.607	0.8138
75.536	0.8179
76.476	0.8222
77.428	0.8267
78.392	0.8313
79.368	0.8358
80.356	0.8400
81.356	0.8438
82.369	0.8469
83.394	0.8494
84.433	0.8511
85.484	0.8519
86.548	0.8518
87.625	0.8507
88.716	0.8487
89.820	0.8459
90.939	0.8424
92.071	0.8383
93.217	0.8336
94.377	0.8284
95.552	0.8227
96.742	0.8167
97.946	0.8104
99.165	0.8040
100.400	0.7974
101.650	0.7909
102.915	0.7844
104.196	0.7781
105.493	0.7718
106.806	0.7655
108.136	0.7593
109.482	0.7530
110.845	0.7467
112.225	0.7404
113.622	0.7342
115.037	0.7281
116.469	0.7222
117.919	0.7166
119.386	0.7114
120.873	0.7065
122.377	0.7021
123.901	0.6981
125.443	0.6943
127.005	0.6908
128.586	0.6876
130.187	0.6845
131.807	0.6816
133.448	0.6790
135.109	0.6766
136.791	0.6743
138.494	0.6723
140.218	0.6707
141.964	0.6694
143.731	0.6686
145.520	0.6680
147.332	0.6676
149.166	0.6673
151.023	0.6671
152.903	0.6670
154.806	0.6671
156.734	0.6674
158.685	0.6681
160.660	0.6690
162.660	0.6703
164.685	0.6718
166.735	0.6733
168.811	0.6748
170.912	0.6763
173.040	0.6779
175.194	0.6797
177.375	0.6818
179.583	0.6843
181.819	0.6870
184.082	0.6900
186.374	0.6932
188.694	0.6963
191.043	0.6992
193.421	0.7018
195.829	0.7041
198.267	0.7060
200.735	0.7077
203.234	0.7094
205.764	0.7111
208.325	0.7130
210.919	0.7151
213.544	0.7171
216.203	0.7193
218.894	0.7214
221.619	0.7231
224.378	0.7243
227.171	0.7250
229.999	0.7251
232.862	0.7247
235.761	0.7238
238.696	0.7223
241.668	0.7203
244.676	0.7181
247.722	0.7154
250.806	0.7123
253.928	0.7087
257.089	0.7046
260.290	0.6997
263.530	0.6942
266.810	0.6881
270.132	0.6815
273.495	0.6746
276.899	0.6676
280.346	0.6606
283.836	0.6537
287.370	0.6468
290.947	0.6400
294.569	0.6331
298.236	0.6260
301.949	0.6189
305.708	0.6116
309.513	0.6041
313.366	0.5965
317.267	0.5889
321.217	0.5813
325.216	0.5737
329.264	0.5663
333.363	0.5592
337.513	0.5523
341.715	0.5458
345.969	0.5396
350.276	0.5338
354.636	0.5281
359.051	0.5222
363.521	0.5158
368.046	0.5089
372.628	0.5014
377.266	0.4934
381.963	0.4853
386.718	0.4778
391.532	0.4717
396.406	0.4677
401.341	0.4654
406.337	0.4630
411.395	0.4599
416.517	0.4563
421.702	0.4524
426.951	0.4484
432.266	0.4444
437.648	0.4405
443.096	0.4368
448.612	0.4333
454.196	0.4300
459.851	0.4268
465.575	0.4237
471.371	0.4205
477.239	0.4172
483.180	0.4138
489.195	0.4101
495.285	0.4063
501.450	0.4023
507.693	0.3982
514.013	0.3941
520.412	0.3901
526.890	0.3863
533.449	0.3826
540.090	0.3792
546.814	0.3757
553.621	0.3722
560.513	0.3683
567.490	0.3640
574.555	0.3591
581.707	0.3538
588.949	0.3483
596.281	0.3428
603.703	0.3379
611.219	0.3338
618.828	0.3309
626.531	0.3289
634.331	0.3274
642.228	0.3256
650.222	0.3227
658.317	0.3180
666.512	0.3119
674.809	0.3059
683.210	0.3004
691.715	0.2951
700.326	0.2896
709.044	0.2840
717.871	0.2780
726.807	0.2715
735.855	0.2646
745.016	0.2574
754.290	0.2499
763.680	0.2420
773.187	0.2334
782.812	0.2248
792.557	0.2159
802.424	0.2069
812.413	0.1978
822.526	0.1883
832.766	0.1788
843.133	0.1694
853.629	0.1599
864.255	0.1502
875.014	0.1406
885.907	0.1309
896.935	0.1212
908.101	0.1113
919.406	0.1014
930.851	0.0915
942.439	0.0814
954.171	0.0714
966.049	0.0614
978.076	0.0512
990.251	0.0411
1002.579	0.0309
1015.060	0.0207
1027.696	0.0103
1040.489	-0.0003
1053.442	-0.0105
1066.556	-0.0208
1079.833	-0.0307
1093.276	-0.0403
1106.886	-0.0496
1120.665	-0.0583
1134.616	-0.0664
1148.741	-0.0736
1163.041	-0.0799
1177.519	-0.0855
1192.178	-0.0902
1207.019	-0.0944
1222.045	-0.0984
1237.258	-0.1021
1252.660	-0.1054
1268.254	-0.1086
1284.042	-0.1115
1300.027	-0.1143
1316.211	-0.1168
1332.596	-0.1191
1349.185	-0.1212
1365.981	-0.1236
1382.985	-0.1259
1400.202	-0.1281
1417.633	-0.1302
1435.280	-0.1324
1453.148	-0.1347
1471.238	-0.1372
1489.553	-0.1396
1508.096	-0.1421
1526.870	-0.1447
1545.877	-0.1471
1565.121	-0.1495
1584.605	-0.1518
1604.332	-0.1539
1624.303	-0.1561
1644.524	-0.1582
1664.996	-0.1601
1685.723	-0.1618
1706.708	-0.1634
1727.955	-0.1655
1749.466	-0.1675
1771.244	-0.1694
1793.294	-0.1712
1815.618	-0.1729
1838.221	-0.1742
1861.104	-0.1755
1884.272	-0.1764
1907.729	-0.1772
1931.478	-0.1785
1955.523	-0.1800
1979.866	-0.1815
2004.513	-0.1828
2029.467	-0.1842
2054.731	-0.1855
2080.310	-0.1867
2106.207	-0.1879
2132.427	-0.1888
2158.973	-0.1897
2185.849	-0.1905
2213.060	-0.1912
2240.610	-0.1915
2268.503	-0.1917
2296.743	-0.1916
2325.334	-0.1912
2354.282	-0.1910
2383.590	-0.1904
2413.262	-0.1896
2443.305	-0.1887
2473.721	-0.1874
2504.515	-0.1858
2535.693	-0.1836
2567.260	-0.1814
2599.219	-0.1791
2631.576	-0.1768
2664.335	-0.1746
2697.503	-0.1724
2731.084	-0.1700
2765.082	-0.1674
2799.504	-0.1647
2834.354	-0.1620
2869.638	-0.1591
2905.362	-0.1569
2941.530	-0.1546
2978.148	-0.1523
3015.222	-0.1500
3052.758	-0.1476
3090.761	-0.1454
3129.237	-0.1433
3168.192	-0.1410
3207.632	-0.1386
3247.563	-0.1363
3287.991	-0.1342
3328.923	-0.1318
3370.364	-0.1292
3412.320	-0.1263
3454.799	-0.1230
3497.807	-0.1197
3541.351	-0.1162
3585.436	-0.1127
3630.070	-0.1091
3675.260	-0.1054
3721.012	-0.1017
3767.334	-0.0976
3814.233	-0.0933
3861.715	-0.0890
3909.789	-0.0845
3958.460	-0.0804
4007.738	-0.0765
4057.630	-0.0727
4108.142	-0.0697
4159.283	-0.0666
4211.061	-0.0637
4263.483	-0.0606
4316.559	-0.0575
4370.294	-0.0539
4424.699	-0.0502
4479.781	-0.0463
4535.548	-0.0422
4592.010	-0.0383
4649.175	-0.0348
4707.051	-0.0315
4765.648	-0.0286
4824.975	-0.0262
4885.039	-0.0258
4945.852	-0.0264
5007.421	-0.0277
5069.757	-0.0300
5132.870	-0.0336
5196.768	-0.0394
5261.460	-0.0466
5326.959	-0.0551
5393.273	-0.0650
5460.413	-0.0764
5528.388	-0.0892
5597.209	-0.1033
5666.887	-0.1185
5737.433	-0.1345
5808.857	-0.1508
5881.169	-0.1676
5954.383	-0.1848
6028.507	-0.2025
6103.555	-0.2205
6179.536	-0.2390
6256.464	-0.2579
6334.349	-0.2769
6413.204	-0.2962
6493.040	-0.3154
6573.870	-0.3347
6655.706	-0.3540
6738.562	-0.3734
6822.448	-0.3932
6907.379	-0.4131
6993.367	-0.4336
7080.426	-0.4547
7168.568	-0.4766
7257.808	-0.4992
7348.158	-0.5218
7439.633	-0.5456
7532.248	-0.5705
7626.015	-0.5969
7720.949	-0.6240
7817.065	-0.6520
7914.377	-0.6815
8012.901	-0.7123
8112.652	-0.7443
8213.645	-0.7760
8315.894	-0.8083
8419.416	-0.8411
8524.228	-0.8744
8630.343	-0.9081
8737.780	-0.9422
8846.555	-0.9767
8956.683	-1.0119
9068.182	-1.0476
9181.069	-1.0841
9295.362	-1.1212
9411.078	-1.1595
9528.233	-1.1992
9646.849	-1.2406
9766.939	-1.2845
9888.525	-1.3308
10011.625	-1.3790
10136.257	-1.4295
10262.440	-1.4821
10390.195	-1.5357
10519.540	-1.5918
10650.495	-1.6502
10783.080	-1.7110
10917.316	-1.7739
11053.223	-1.8390
11190.821	-1.9065
11330.133	-1.9760
11471.179	-2.0480
11613.980	-2.1215
11758.561	-2.1968
11904.939	-2.2738
12053.141	-2.3522
12203.188	-2.4313
12355.102	-2.5106
12508.907	-2.5909
12664.627	-2.6724
12822.286	-2.7554
12981.907	-2.8395
13143.516	-2.9247
13307.136	-3.0115
13472.793	-3.1004
13640.512	-3.1913
13810.319	-3.2837
13982.240	-3.3779
14156.302	-3.4742
14332.529	-3.5724
14510.951	-3.6721
14691.595	-3.7726
14874.486	-3.8747
15059.655	-3.9783
15247.129	-4.0835
15436.937	-4.1895
15629.106	-4.2963
15823.669	-4.4041
16020.654	-4.5132
16220.091	-4.6231
16422.010	-4.7330
16626.443	-4.8431
16833.422	-4.9531
17042.977	-5.0629
17255.141	-5.1716
17469.945	-5.2784
17687.424	-5.3836
17907.609	-5.4722
18130.537	-5.5620
18356.240	-5.6524
18584.752	-5.7436
18816.107	-5.8361
19050.346	-5.9295
19287.498	-6.0240
19527.604	-6.1200
19770.697	-6.2173
20016.816	-6.3164
