Sens Factor =-2.086dB, SERNO: 7007161
10.054	-6.9881
10.179	-6.8110
10.306	-6.6371
10.434	-6.4665
10.564	-6.2989
10.696	-6.1345
10.829	-5.9732
10.964	-5.8150
11.1	-5.6599
11.238	-5.5077
11.378	-5.3584
11.52	-5.2121
11.663	-5.0688
11.809	-4.9282
11.956	-4.7905
12.104	-4.6557
12.255	-4.5235
12.408	-4.3941
12.562	-4.2675
12.718	-4.1436
12.877	-4.0221
13.037	-3.9034
13.199	-3.7873
13.364	-3.6737
13.53	-3.5626
13.698	-3.4540
13.869	-3.3478
14.042	-3.2441
14.216	-3.1428
14.393	-3.0438
14.573	-2.9470
14.754	-2.8527
14.938	-2.7605
15.124	-2.6706
15.312	-2.5829
15.503	-2.4973
15.696	-2.4139
15.891	-2.3326
16.089	-2.2533
16.289	-2.1761
16.492	-2.1008
16.697	-2.0276
16.905	-1.9562
17.115	-1.8868
17.328	-1.8192
17.544	-1.7535
17.763	-1.6895
17.984	-1.6274
18.208	-1.5670
18.434	-1.5083
18.664	-1.4512
18.896	-1.3959
19.131	-1.3421
19.369	-1.2899
19.611	-1.2392
19.855	-1.1901
20.102	-1.1425
20.352	-1.0963
20.605	-1.0516
20.862	-1.0081
21.122	-0.9661
21.385	-0.9254
21.651	-0.8860
21.92	-0.8478
22.193	-0.8109
22.47	-0.7751
22.749	-0.7405
23.032	-0.7071
23.319	-0.6747
23.609	-0.6434
23.903	-0.6131
24.201	-0.5838
24.502	-0.5556
24.807	-0.5282
25.116	-0.5017
25.429	-0.4761
25.745	-0.4514
26.066	-0.4274
26.39	-0.4042
26.719	-0.3818
27.051	-0.3601
27.388	-0.3390
27.729	-0.3186
28.074	-0.2988
28.424	-0.2796
28.778	-0.2609
29.136	-0.2428
29.499	-0.2251
29.866	-0.2079
30.238	-0.1911
30.614	-0.1747
30.995	-0.1587
31.381	-0.1429
31.772	-0.1275
32.167	-0.1123
32.568	-0.0974
32.973	-0.0826
33.383	-0.0680
33.799	-0.0535
34.22	-0.0392
34.646	-0.0248
35.077	-0.0106
35.514	0.0047
35.956	0.0194
36.403	0.0336
36.857	0.0473
37.315	0.0608
37.78	0.0741
38.25	0.0872
38.726	0.1002
39.209	0.1130
39.697	0.1257
40.191	0.1384
40.691	0.1513
41.198	0.1647
41.711	0.1788
42.23	0.1940
42.756	0.2103
43.288	0.2276
43.827	0.2455
44.372	0.2637
44.925	0.2819
45.484	0.2997
46.05	0.3169
46.623	0.3334
47.204	0.3491
47.791	0.3639
48.386	0.3780
48.989	0.3914
49.599	0.4045
50.216	0.4175
50.841	0.4306
51.474	0.4440
52.115	0.4579
52.764	0.4722
53.42	0.4867
54.085	0.5014
54.759	0.5163
55.44	0.5314
56.131	0.5469
56.829	0.5628
57.537	0.5793
58.253	0.5961
58.978	0.6131
59.712	0.6304
60.456	0.6479
61.208	0.6654
61.97	0.6828
62.742	0.7002
63.523	0.7173
64.314	0.7341
65.114	0.7502
65.925	0.7655
66.745	0.7798
67.576	0.7927
68.418	0.8039
69.269	0.8130
70.132	0.8200
71.005	0.8246
71.889	0.8272
72.784	0.8280
73.69	0.8275
74.607	0.8261
75.536	0.8240
76.476	0.8216
77.428	0.8188
78.392	0.8158
79.368	0.8125
80.356	0.8090
81.356	0.8053
82.369	0.8016
83.394	0.7979
84.433	0.7940
85.484	0.7899
86.548	0.7853
87.625	0.7802
88.716	0.7747
89.82	0.7688
90.939	0.7627
92.071	0.7564
93.217	0.7498
94.377	0.7432
95.552	0.7365
96.742	0.7299
97.946	0.7234
99.165	0.7169
100.4	0.7104
101.65	0.7038
102.915	0.6971
104.196	0.6903
105.493	0.6834
106.806	0.6762
108.136	0.6691
109.482	0.6622
110.845	0.6555
112.225	0.6492
113.622	0.6432
115.037	0.6374
116.469	0.6317
117.919	0.6260
119.386	0.6203
120.873	0.6145
122.377	0.6085
123.901	0.6025
125.443	0.5965
127.005	0.5905
128.586	0.5847
130.187	0.5790
131.807	0.5737
133.448	0.5686
135.109	0.5638
136.791	0.5592
138.494	0.5545
140.218	0.5500
141.964	0.5455
143.731	0.5411
145.52	0.5369
147.332	0.5328
149.166	0.5289
151.023	0.5250
152.903	0.5213
154.806	0.5176
156.734	0.5138
158.685	0.5100
160.66	0.5060
162.66	0.5019
164.685	0.4978
166.735	0.4934
168.811	0.4887
170.912	0.4838
173.04	0.4788
175.194	0.4735
177.375	0.4682
179.583	0.4626
181.819	0.4569
184.082	0.4507
186.374	0.4441
188.694	0.4373
191.043	0.4303
193.421	0.4233
195.829	0.4165
198.267	0.4099
200.735	0.4035
203.234	0.3973
205.764	0.3911
208.325	0.3849
210.919	0.3787
213.544	0.3726
216.203	0.3666
218.894	0.3604
221.619	0.3538
224.378	0.3467
227.171	0.3393
229.999	0.3314
232.862	0.3234
235.761	0.3150
238.696	0.3065
241.668	0.2976
244.676	0.2886
247.722	0.2794
250.806	0.2702
253.928	0.2610
257.089	0.2519
260.29	0.2430
263.53	0.2341
266.81	0.2253
270.132	0.2166
273.495	0.2082
276.899	0.2000
280.346	0.1924
283.836	0.1853
287.37	0.1786
290.947	0.1725
294.569	0.1668
298.236	0.1614
301.949	0.1560
305.708	0.1505
309.513	0.1449
313.366	0.1392
317.267	0.1332
321.217	0.1270
325.216	0.1208
329.264	0.1149
333.363	0.1095
337.513	0.1050
341.715	0.1013
345.969	0.0986
350.276	0.0965
354.636	0.0947
359.051	0.0929
363.521	0.0907
368.046	0.0884
372.628	0.0859
377.266	0.0835
381.963	0.0815
386.718	0.0799
391.532	0.0784
396.406	0.0764
401.341	0.0738
406.337	0.0711
411.395	0.0688
416.517	0.0671
421.702	0.0662
426.951	0.0657
432.266	0.0659
437.648	0.0664
443.096	0.0674
448.612	0.0686
454.196	0.0699
459.851	0.0712
465.575	0.0724
471.371	0.0735
477.239	0.0744
483.18	0.0751
489.195	0.0758
495.285	0.0765
501.45	0.0775
507.693	0.0786
514.013	0.0801
520.412	0.0820
526.89	0.0843
533.449	0.0868
540.09	0.0893
546.814	0.0915
553.621	0.0933
560.513	0.0942
567.49	0.0944
574.555	0.0937
581.707	0.0924
588.949	0.0908
596.281	0.0893
603.703	0.0882
611.219	0.0877
618.828	0.0878
626.531	0.0883
634.331	0.0888
642.228	0.0893
650.222	0.0900
658.317	0.0915
666.512	0.0938
674.809	0.0963
683.21	0.0982
691.715	0.0991
700.326	0.0991
709.044	0.0983
717.871	0.0967
726.807	0.0945
735.855	0.0919
745.016	0.0892
754.29	0.0863
763.68	0.0833
773.187	0.0805
782.812	0.0777
792.557	0.0749
802.424	0.0722
812.413	0.0696
822.526	0.0669
832.766	0.0641
843.133	0.0615
853.629	0.0589
864.255	0.0565
875.014	0.0542
885.907	0.0522
896.935	0.0504
908.101	0.0488
919.406	0.0475
930.851	0.0464
942.439	0.0455
954.171	0.0447
966.049	0.0439
978.076	0.0433
990.251	0.0427
1002.579	0.0422
1015.06	0.0419
1027.696	0.0418
1040.489	0.0420
1053.442	0.0423
1066.556	0.0429
1079.833	0.0435
1093.276	0.0444
1106.886	0.0454
1120.665	0.0467
1134.616	0.0485
1148.741	0.0507
1163.041	0.0535
1177.519	0.0566
1192.178	0.0601
1207.019	0.0641
1222.045	0.0682
1237.258	0.0726
1252.66	0.0773
1268.254	0.0822
1284.042	0.0873
1300.027	0.0925
1316.211	0.0979
1332.596	0.1035
1349.185	0.1092
1365.981	0.1151
1382.985	0.1212
1400.202	0.1275
1417.633	0.1338
1435.28	0.1401
1453.148	0.1465
1471.238	0.1529
1489.553	0.1594
1508.096	0.1659
1526.87	0.1725
1545.877	0.1792
1565.121	0.1862
1584.605	0.1934
1604.332	0.2008
1624.303	0.2084
1644.524	0.2162
1664.996	0.2242
1685.723	0.2323
1706.708	0.2405
1727.955	0.2488
1749.466	0.2572
1771.244	0.2657
1793.294	0.2743
1815.618	0.2830
1838.221	0.2920
1861.104	0.3012
1884.272	0.3106
1907.729	0.3202
1931.478	0.3301
1955.523	0.3403
1979.866	0.3508
2004.513	0.3616
2029.467	0.3727
2054.731	0.3842
2080.31	0.3959
2106.207	0.4080
2132.427	0.4205
2158.973	0.4333
2185.849	0.4467
2213.06	0.4605
2240.61	0.4748
2268.503	0.4896
2296.743	0.5050
2325.334	0.5210
2354.282	0.5375
2383.59	0.5545
2413.262	0.5720
2443.305	0.5899
2473.721	0.6082
2504.515	0.6267
2535.693	0.6456
2567.26	0.6646
2599.219	0.6838
2631.576	0.7031
2664.335	0.7225
2697.503	0.7419
2731.084	0.7615
2765.082	0.7811
2799.504	0.8009
2834.354	0.8207
2869.638	0.8408
2905.362	0.8610
2941.53	0.8813
2978.148	0.9019
3015.222	0.9226
3052.758	0.9436
3090.761	0.9648
3129.237	0.9862
3168.192	1.0078
3207.632	1.0296
3247.563	1.0517
3287.991	1.0740
3328.923	1.0967
3370.364	1.1196
3412.32	1.1429
3454.799	1.1667
3497.807	1.1908
3541.351	1.2154
3585.436	1.2403
3630.07	1.2657
3675.26	1.2914
3721.012	1.3175
3767.334	1.3440
3814.233	1.3708
3861.715	1.3980
3909.789	1.4256
3958.46	1.4536
4007.738	1.4822
4057.63	1.5113
4108.142	1.5410
4159.283	1.5713
4211.061	1.6021
4263.483	1.6334
4316.559	1.6653
4370.294	1.6976
4424.699	1.7304
4479.781	1.7635
4535.548	1.7970
4592.01	1.8306
4649.175	1.8645
4707.051	1.8984
4765.648	1.9322
4824.975	1.9660
4885.039	1.9997
4945.852	2.0331
5007.421	2.0663
5069.757	2.0991
5132.87	2.1316
5196.768	2.1636
5261.46	2.1953
5326.959	2.2265
5393.273	2.2574
5460.413	2.2880
5528.388	2.3182
5597.209	2.3482
5666.887	2.3779
5737.433	2.4073
5808.857	2.4363
5881.169	2.4651
5954.383	2.4935
6028.507	2.5216
6103.555	2.5496
6179.536	2.5773
6256.464	2.6047
6334.349	2.6321
6413.204	2.6592
6493.04	2.6862
6573.87	2.7129
6655.706	2.7395
6738.562	2.7657
6822.448	2.7916
6907.379	2.8171
6993.367	2.8420
7080.426	2.8664
7168.568	2.8901
7257.808	2.9131
7348.158	2.9354
7439.633	2.9568
7532.248	2.9775
7626.015	2.9972
7720.949	3.0160
7817.065	3.0338
7914.377	3.0505
8012.901	3.0663
8112.652	3.0811
8213.645	3.0950
8315.894	3.1079
8419.416	3.1199
8524.228	3.1310
8630.343	3.1412
8737.78	3.1503
8846.555	3.1583
8956.683	3.1652
9068.182	3.1708
9181.069	3.1750
9295.362	3.1778
9411.078	3.1791
9528.233	3.1788
9646.849	3.1768
9766.939	3.1731
9888.525	3.1675
10011.625	3.1600
10136.257	3.1504
10262.44	3.1388
10390.195	3.1248
10519.54	3.1086
10650.495	3.0899
10783.08	3.0689
10917.316	3.0455
11053.223	3.0198
11190.821	2.9918
11330.133	2.9617
11471.179	2.9295
11613.98	2.8952
11758.561	2.8586
11904.939	2.8197
12053.141	2.7787
12203.188	2.7350
12355.102	2.6888
12508.907	2.6403
12664.627	2.5901
12822.286	2.5384
12981.907	2.4853
13143.516	2.4309
13307.136	2.3751
13472.793	2.3179
13640.512	2.2593
13810.319	2.1994
13982.24	2.1382
14156.302	2.0758
14332.529	2.0124
14510.951	1.9479
14691.595	1.8824
14874.486	1.8161
15059.655	1.7490
15247.129	1.6812
15436.937	1.6126
15629.106	1.5434
15823.669	1.4737
16020.654	1.4035
16220.091	1.3332
16422.01	1.2631
16626.443	1.1932
16833.422	1.1239
17042.977	1.0555
17255.141	0.9881
17469.945	0.9228
17687.424	0.8599
17907.609	0.8235
18130.537	0.7867
18356.24	0.7495
18584.752	0.7118
18816.107	0.6735
19050.346	0.6347
19287.498	0.5956
19527.604	0.5563
19770.697	0.5171
20016.816	0.4780
