Sens Factor =3.1999dB, SERNO: 7007167
10.054	-5.6731
10.179	-5.5047
10.306	-5.3395
10.434	-5.1775
10.564	-5.0187
10.696	-4.8630
10.829	-4.7104
10.964	-4.5609
11.1	-4.4144
11.238	-4.2709
11.378	-4.1303
11.52	-3.9927
11.663	-3.8580
11.809	-3.7261
11.956	-3.5971
12.104	-3.4710
12.255	-3.3475
12.408	-3.2268
12.562	-3.1089
12.718	-2.9936
12.877	-2.8809
13.037	-2.7709
13.199	-2.6634
13.364	-2.5585
13.53	-2.4561
13.698	-2.3562
13.869	-2.2587
14.042	-2.1636
14.216	-2.0710
14.393	-1.9807
14.573	-1.8927
14.754	-1.8070
14.938	-1.7235
15.124	-1.6423
15.312	-1.5633
15.503	-1.4864
15.696	-1.4117
15.891	-1.3390
16.089	-1.2684
16.289	-1.1999
16.492	-1.1333
16.697	-1.0688
16.905	-1.0061
17.115	-0.9454
17.328	-0.8865
17.544	-0.8294
17.763	-0.7742
17.984	-0.7207
18.208	-0.6690
18.434	-0.6190
18.664	-0.5706
18.896	-0.5239
19.131	-0.4789
19.369	-0.4354
19.611	-0.3934
19.855	-0.3530
20.102	-0.3140
20.352	-0.2765
20.605	-0.2404
20.862	-0.2057
21.122	-0.1723
21.385	-0.1403
21.651	-0.1096
21.92	-0.0801
22.193	-0.0519
22.47	-0.0248
22.749	0.0011
23.032	0.0259
23.319	0.0496
23.609	0.0722
23.903	0.0938
24.201	0.1143
24.502	0.1340
24.807	0.1526
25.116	0.1704
25.429	0.1873
25.745	0.2034
26.066	0.2187
26.39	0.2331
26.719	0.2469
27.051	0.2599
27.388	0.2723
27.729	0.2840
28.074	0.2951
28.424	0.3056
28.778	0.3156
29.136	0.3251
29.499	0.3341
29.866	0.3426
30.238	0.3507
30.614	0.3584
30.995	0.3658
31.381	0.3728
31.772	0.3796
32.167	0.3861
32.568	0.3923
32.973	0.3984
33.383	0.4043
33.799	0.4101
34.22	0.4158
34.646	0.4214
35.077	0.4270
35.514	0.4325
35.956	0.4380
36.403	0.4434
36.857	0.4491
37.315	0.4550
37.78	0.4613
38.25	0.4684
38.726	0.4764
39.209	0.4856
39.697	0.4964
40.191	0.5090
40.691	0.5235
41.198	0.5397
41.711	0.5571
42.23	0.5747
42.756	0.5915
43.288	0.6064
43.827	0.6187
44.372	0.6281
44.925	0.6347
45.484	0.6387
46.05	0.6402
46.623	0.6395
47.204	0.6373
47.791	0.6348
48.386	0.6335
48.989	0.6344
49.599	0.6384
50.216	0.6454
50.841	0.6551
51.474	0.6671
52.115	0.6807
52.764	0.6953
53.42	0.7103
54.085	0.7252
54.759	0.7396
55.44	0.7532
56.131	0.7657
56.829	0.7769
57.537	0.7866
58.253	0.7946
58.978	0.8009
59.712	0.8056
60.456	0.8084
61.208	0.8094
61.97	0.8085
62.742	0.8057
63.523	0.8007
64.314	0.7936
65.114	0.7842
65.925	0.7723
66.745	0.7577
67.576	0.7405
68.418	0.7211
69.269	0.7001
70.132	0.6786
71.005	0.6576
71.889	0.6382
72.784	0.6208
73.69	0.6058
74.607	0.5931
75.536	0.5826
76.476	0.5741
77.428	0.5671
78.392	0.5610
79.368	0.5546
80.356	0.5467
81.356	0.5363
82.369	0.5230
83.394	0.5072
84.433	0.4890
85.484	0.4691
86.548	0.4481
87.625	0.4266
88.716	0.4051
89.82	0.3842
90.939	0.3641
92.071	0.3450
93.217	0.3270
94.377	0.3101
95.552	0.2944
96.742	0.2799
97.946	0.2668
99.165	0.2551
100.4	0.2448
101.65	0.2361
102.915	0.2288
104.196	0.2228
105.493	0.2180
106.806	0.2142
108.136	0.2111
109.482	0.2089
110.845	0.2073
112.225	0.2063
113.622	0.2057
115.037	0.2053
116.469	0.2048
117.919	0.2042
119.386	0.2033
120.873	0.2021
122.377	0.2005
123.901	0.1986
125.443	0.1964
127.005	0.1939
128.586	0.1914
130.187	0.1887
131.807	0.1861
133.448	0.1834
135.109	0.1806
136.791	0.1777
138.494	0.1745
140.218	0.1712
141.964	0.1680
143.731	0.1649
145.52	0.1622
147.332	0.1600
149.166	0.1582
151.023	0.1565
152.903	0.1548
154.806	0.1527
156.734	0.1502
158.685	0.1470
160.66	0.1432
162.66	0.1389
164.685	0.1341
166.735	0.1289
168.811	0.1233
170.912	0.1173
173.04	0.1110
175.194	0.1046
177.375	0.0983
179.583	0.0922
181.819	0.0864
184.082	0.0809
186.374	0.0759
188.694	0.0713
191.043	0.0672
193.421	0.0639
195.829	0.0615
198.267	0.0600
200.735	0.0595
203.234	0.0599
205.764	0.0611
208.325	0.0628
210.919	0.0650
213.544	0.0677
216.203	0.0707
218.894	0.0739
221.619	0.0767
224.378	0.0791
227.171	0.0808
229.999	0.0818
232.862	0.0818
235.761	0.0808
238.696	0.0787
241.668	0.0753
244.676	0.0707
247.722	0.0648
250.806	0.0578
253.928	0.0500
257.089	0.0418
260.29	0.0335
263.53	0.0255
266.81	0.0178
270.132	0.0107
273.495	0.0043
276.899	-0.0015
280.346	-0.0064
283.836	-0.0106
287.37	-0.0139
290.947	-0.0165
294.569	-0.0184
298.236	-0.0200
301.949	-0.0215
305.708	-0.0229
309.513	-0.0245
313.366	-0.0263
317.267	-0.0283
321.217	-0.0308
325.216	-0.0338
329.264	-0.0375
333.363	-0.0417
337.513	-0.0465
341.715	-0.0518
345.969	-0.0575
350.276	-0.0638
354.636	-0.0706
359.051	-0.0778
363.521	-0.0852
368.046	-0.0923
372.628	-0.0988
377.266	-0.1046
381.963	-0.1097
386.718	-0.1141
391.532	-0.1175
396.406	-0.1197
401.341	-0.1203
406.337	-0.1189
411.395	-0.1156
416.517	-0.1107
421.702	-0.1045
426.951	-0.0973
432.266	-0.0894
437.648	-0.0813
443.096	-0.0731
448.612	-0.0651
454.196	-0.0573
459.851	-0.0497
465.575	-0.0425
471.371	-0.0354
477.239	-0.0287
483.18	-0.0222
489.195	-0.0160
495.285	-0.0100
501.45	-0.0042
507.693	0.0014
514.013	0.0068
520.412	0.0120
526.89	0.0170
533.449	0.0218
540.09	0.0264
546.814	0.0308
553.621	0.0352
560.513	0.0397
567.49	0.0442
574.555	0.0488
581.707	0.0535
588.949	0.0584
596.281	0.0633
603.703	0.0682
611.219	0.0730
618.828	0.0777
626.531	0.0823
634.331	0.0869
642.228	0.0917
650.222	0.0964
658.317	0.1009
666.512	0.1048
674.809	0.1077
683.21	0.1093
691.715	0.1100
700.326	0.1097
709.044	0.1087
717.871	0.1071
726.807	0.1052
735.855	0.1030
745.016	0.1008
754.29	0.0985
763.68	0.0962
773.187	0.0941
782.812	0.0919
792.557	0.0898
802.424	0.0876
812.413	0.0855
822.526	0.0833
832.766	0.0810
843.133	0.0788
853.629	0.0767
864.255	0.0747
875.014	0.0728
885.907	0.0712
896.935	0.0696
908.101	0.0681
919.406	0.0666
930.851	0.0652
942.439	0.0637
954.171	0.0621
966.049	0.0606
978.076	0.0592
990.251	0.0577
1002.579	0.0564
1015.06	0.0552
1027.696	0.0542
1040.489	0.0535
1053.442	0.0531
1066.556	0.0528
1079.833	0.0527
1093.276	0.0529
1106.886	0.0533
1120.665	0.0542
1134.616	0.0556
1148.741	0.0576
1163.041	0.0605
1177.519	0.0640
1192.178	0.0683
1207.019	0.0732
1222.045	0.0787
1237.258	0.0845
1252.66	0.0906
1268.254	0.0970
1284.042	0.1037
1300.027	0.1107
1316.211	0.1178
1332.596	0.1252
1349.185	0.1328
1365.981	0.1407
1382.985	0.1488
1400.202	0.1571
1417.633	0.1655
1435.28	0.1741
1453.148	0.1826
1471.238	0.1911
1489.553	0.1997
1508.096	0.2082
1526.87	0.2167
1545.877	0.2253
1565.121	0.2339
1584.605	0.2425
1604.332	0.2511
1624.303	0.2597
1644.524	0.2685
1664.996	0.2773
1685.723	0.2861
1706.708	0.2949
1727.955	0.3036
1749.466	0.3124
1771.244	0.3212
1793.294	0.3300
1815.618	0.3390
1838.221	0.3482
1861.104	0.3576
1884.272	0.3671
1907.729	0.3769
1931.478	0.3870
1955.523	0.3974
1979.866	0.4080
2004.513	0.4190
2029.467	0.4302
2054.731	0.4418
2080.31	0.4535
2106.207	0.4655
2132.427	0.4778
2158.973	0.4904
2185.849	0.5034
2213.06	0.5168
2240.61	0.5307
2268.503	0.5451
2296.743	0.5601
2325.334	0.5758
2354.282	0.5922
2383.59	0.6093
2413.262	0.6269
2443.305	0.6450
2473.721	0.6635
2504.515	0.6824
2535.693	0.7017
2567.26	0.7213
2599.219	0.7410
2631.576	0.7610
2664.335	0.7810
2697.503	0.8011
2731.084	0.8213
2765.082	0.8415
2799.504	0.8619
2834.354	0.8823
2869.638	0.9028
2905.362	0.9235
2941.53	0.9443
2978.148	0.9653
3015.222	0.9864
3052.758	1.0076
3090.761	1.0290
3129.237	1.0505
3168.192	1.0722
3207.632	1.0941
3247.563	1.1161
3287.991	1.1383
3328.923	1.1606
3370.364	1.1833
3412.32	1.2062
3454.799	1.2295
3497.807	1.2533
3541.351	1.2775
3585.436	1.3020
3630.07	1.3269
3675.26	1.3522
3721.012	1.3778
3767.334	1.4038
3814.233	1.4299
3861.715	1.4562
3909.789	1.4826
3958.46	1.5091
4007.738	1.5359
4057.63	1.5630
4108.142	1.5906
4159.283	1.6185
4211.061	1.6470
4263.483	1.6759
4316.559	1.7052
4370.294	1.7350
4424.699	1.7653
4479.781	1.7960
4535.548	1.8269
4592.01	1.8581
4649.175	1.8894
4707.051	1.9207
4765.648	1.9519
4824.975	1.9829
4885.039	2.0137
4945.852	2.0442
5007.421	2.0741
5069.757	2.1035
5132.87	2.1322
5196.768	2.1600
5261.46	2.1870
5326.959	2.2131
5393.273	2.2383
5460.413	2.2625
5528.388	2.2859
5597.209	2.3083
5666.887	2.3298
5737.433	2.3505
5808.857	2.3703
5881.169	2.3892
5954.383	2.4074
6028.507	2.4249
6103.555	2.4419
6179.536	2.4583
6256.464	2.4743
6334.349	2.4898
6413.204	2.5049
6493.04	2.5197
6573.87	2.5339
6655.706	2.5475
6738.562	2.5606
6822.448	2.5729
6907.379	2.5844
6993.367	2.5951
7080.426	2.6048
7168.568	2.6136
7257.808	2.6213
7348.158	2.6278
7439.633	2.6331
7532.248	2.6369
7626.015	2.6392
7720.949	2.6400
7817.065	2.6395
7914.377	2.6377
8012.901	2.6346
8112.652	2.6301
8213.645	2.6241
8315.894	2.6167
8419.416	2.6080
8524.228	2.5980
8630.343	2.5869
8737.78	2.5748
8846.555	2.5618
8956.683	2.5478
9068.182	2.5329
9181.069	2.5169
9295.362	2.5000
9411.078	2.4820
9528.233	2.4628
9646.849	2.4423
9766.939	2.4205
9888.525	2.3972
10011.625	2.3722
10136.257	2.3454
10262.44	2.3166
10390.195	2.2858
10519.54	2.2528
10650.495	2.2177
10783.08	2.1805
10917.316	2.1413
11053.223	2.1003
11190.821	2.0576
11330.133	2.0131
11471.179	1.9669
11613.98	1.9189
11758.561	1.8690
11904.939	1.8172
12053.141	1.7636
12203.188	1.7080
12355.102	1.6506
12508.907	1.5919
12664.627	1.5322
12822.286	1.4716
12981.907	1.4100
13143.516	1.3476
13307.136	1.2844
13472.793	1.2205
13640.512	1.1560
13810.319	1.0912
13982.24	1.0259
14156.302	0.9603
14332.529	0.8944
14510.951	0.8280
14691.595	0.7611
14874.486	0.6938
15059.655	0.6262
15247.129	0.5583
15436.937	0.4902
15629.106	0.4221
15823.669	0.3539
16020.654	0.2859
16220.091	0.2182
16422.01	0.1509
16626.443	0.0839
16833.422	0.0178
17042.977	-0.0474
17255.141	-0.1113
17469.945	-0.1731
17687.424	-0.2324
17907.609	-0.2675
18130.537	-0.3030
18356.24	-0.3388
18584.752	-0.3750
18816.107	-0.4116
19050.346	-0.4486
19287.498	-0.4857
19527.604	-0.5226
19770.697	-0.5592
20016.816	-0.5955
