Sens Factor =-.9868dB, SERNO: 7007104
"Auto-generated 90-degree calibration file"
10.054	-5.7482
10.179	-5.5746
10.306	-5.4042
10.434	-5.2371
10.564	-5.0731
10.696	-4.9121
10.829	-4.7544
10.964	-4.5996
11.100	-4.4480
11.238	-4.2993
11.378	-4.1536
11.520	-4.0108
11.663	-3.8709
11.809	-3.7338
11.956	-3.5996
12.104	-3.4683
12.255	-3.3397
12.408	-3.2138
12.562	-3.0907
12.718	-2.9702
12.877	-2.8523
13.037	-2.7371
13.199	-2.6245
13.364	-2.5143
13.530	-2.4068
13.698	-2.3017
13.869	-2.1990
14.042	-2.0988
14.216	-2.0010
14.393	-1.9055
14.573	-1.8122
14.754	-1.7214
14.938	-1.6327
15.124	-1.5463
15.312	-1.4621
15.503	-1.3800
15.696	-1.3001
15.891	-1.2223
16.089	-1.1465
16.289	-1.0728
16.492	-1.0011
16.697	-0.9313
16.905	-0.8635
17.115	-0.7976
17.328	-0.7335
17.544	-0.6712
17.763	-0.6108
17.984	-0.5522
18.208	-0.4952
18.434	-0.4401
18.664	-0.3865
18.896	-0.3347
19.131	-0.2844
19.369	-0.2357
19.611	-0.1885
19.855	-0.1429
20.102	-0.0988
20.352	-0.0561
20.605	-0.0149
20.862	0.0251
21.122	0.0636
21.385	0.1008
21.651	0.1367
21.920	0.1714
22.193	0.2048
22.470	0.2371
22.749	0.2681
23.032	0.2981
23.319	0.3270
23.609	0.3548
23.903	0.3815
24.201	0.4073
24.502	0.4321
24.807	0.4560
25.116	0.4789
25.429	0.5010
25.745	0.5223
26.066	0.5427
26.390	0.5624
26.719	0.5813
27.051	0.5995
27.388	0.6171
27.729	0.6340
28.074	0.6503
28.424	0.6660
28.778	0.6812
29.136	0.6958
29.499	0.7100
29.866	0.7237
30.238	0.7370
30.614	0.7499
30.995	0.7624
31.381	0.7746
31.772	0.7866
32.167	0.7982
32.568	0.8097
32.973	0.8210
33.383	0.8320
33.799	0.8430
34.220	0.8539
34.646	0.8647
35.077	0.8755
35.514	0.8849
35.956	0.8952
36.403	0.9062
36.857	0.9176
37.315	0.9293
37.780	0.9413
38.250	0.9534
38.726	0.9658
39.209	0.9787
39.697	0.9923
40.191	1.0068
40.691	1.0221
41.198	1.0381
41.711	1.0541
42.230	1.0691
42.756	1.0825
43.288	1.0939
43.827	1.1033
44.372	1.1110
44.925	1.1178
45.484	1.1239
46.050	1.1298
46.623	1.1354
47.204	1.1409
47.791	1.1463
48.386	1.1516
48.989	1.1568
49.599	1.1618
50.216	1.1666
50.841	1.1710
51.474	1.1751
52.115	1.1790
52.764	1.1828
53.420	1.1867
54.085	1.1908
54.759	1.1947
55.440	1.1981
56.131	1.2008
56.829	1.2022
57.537	1.2022
58.253	1.2008
58.978	1.1982
59.712	1.1945
60.456	1.1899
61.208	1.1846
61.970	1.1785
62.742	1.1717
63.523	1.1641
64.314	1.1556
65.114	1.1461
65.925	1.1351
66.745	1.1227
67.576	1.1086
68.418	1.0934
69.269	1.0775
70.132	1.0620
71.005	1.0477
71.889	1.0351
72.784	1.0241
73.690	1.0144
74.607	1.0055
75.536	0.9969
76.476	0.9884
77.428	0.9798
78.392	0.9711
79.368	0.9623
80.356	0.9532
81.356	0.9438
82.369	0.9342
83.394	0.9245
84.433	0.9148
85.484	0.9050
86.548	0.8953
87.625	0.8856
88.716	0.8759
89.820	0.8661
90.939	0.8562
92.071	0.8463
93.217	0.8363
94.377	0.8262
95.552	0.8161
96.742	0.8060
97.946	0.7960
99.165	0.7860
100.400	0.7761
101.650	0.7663
102.915	0.7567
104.196	0.7472
105.493	0.7379
106.806	0.7285
108.136	0.7193
109.482	0.7101
110.845	0.7010
112.225	0.6920
113.622	0.6832
115.037	0.6746
116.469	0.6660
117.919	0.6576
119.386	0.6493
120.873	0.6410
122.377	0.6328
123.901	0.6246
125.443	0.6164
127.005	0.6083
128.586	0.6002
130.187	0.5920
131.807	0.5838
133.448	0.5757
135.109	0.5675
136.791	0.5595
138.494	0.5516
140.218	0.5438
141.964	0.5362
143.731	0.5286
145.520	0.5212
147.332	0.5139
149.166	0.5067
151.023	0.4996
152.903	0.4927
154.806	0.4861
156.734	0.4796
158.685	0.4731
160.660	0.4667
162.660	0.4603
164.685	0.4538
166.735	0.4472
168.811	0.4405
170.912	0.4336
173.040	0.4263
175.194	0.4186
177.375	0.4105
179.583	0.4021
181.819	0.3934
184.082	0.3845
186.374	0.3755
188.694	0.3664
191.043	0.3571
193.421	0.3477
195.829	0.3382
198.267	0.3287
200.735	0.3192
203.234	0.3099
205.764	0.3008
208.325	0.2915
210.919	0.2822
213.544	0.2727
216.203	0.2630
218.894	0.2533
221.619	0.2435
224.378	0.2337
227.171	0.2240
229.999	0.2142
232.862	0.2046
235.761	0.1950
238.696	0.1856
241.668	0.1766
244.676	0.1679
247.722	0.1597
250.806	0.1519
253.928	0.1445
257.089	0.1374
260.290	0.1306
263.530	0.1242
266.810	0.1180
270.132	0.1120
273.495	0.1061
276.899	0.1002
280.346	0.0944
283.836	0.0888
287.370	0.0835
290.947	0.0786
294.569	0.0739
298.236	0.0695
301.949	0.0651
305.708	0.0607
309.513	0.0562
313.366	0.0515
317.267	0.0466
321.217	0.0417
325.216	0.0368
329.264	0.0321
333.363	0.0275
337.513	0.0230
341.715	0.0188
345.969	0.0149
350.276	0.0115
354.636	0.0086
359.051	0.0061
363.521	0.0040
368.046	0.0022
372.628	0.0009
377.266	0.0001
381.963	-0.0003
386.718	-0.0002
391.532	0.0000
396.406	-0.0002
401.341	-0.0007
406.337	-0.0011
411.395	-0.0013
416.517	-0.0015
421.702	-0.0017
426.951	-0.0018
432.266	-0.0020
437.648	-0.0022
443.096	-0.0025
448.612	-0.0027
454.196	-0.0027
459.851	-0.0027
465.575	-0.0025
471.371	-0.0023
477.239	-0.0020
483.180	-0.0014
489.195	-0.0007
495.285	0.0004
501.450	0.0018
507.693	0.0035
514.013	0.0056
520.412	0.0081
526.890	0.0108
533.449	0.0138
540.090	0.0169
546.814	0.0200
553.621	0.0230
560.513	0.0259
567.490	0.0287
574.555	0.0314
581.707	0.0340
588.949	0.0365
596.281	0.0389
603.703	0.0413
611.219	0.0436
618.828	0.0457
626.531	0.0474
634.331	0.0487
642.228	0.0496
650.222	0.0503
658.317	0.0513
666.512	0.0526
674.809	0.0534
683.210	0.0537
691.715	0.0536
700.326	0.0529
709.044	0.0520
717.871	0.0508
726.807	0.0494
735.855	0.0478
745.016	0.0462
754.290	0.0444
763.680	0.0424
773.187	0.0399
782.812	0.0374
792.557	0.0348
802.424	0.0322
812.413	0.0295
822.526	0.0264
832.766	0.0233
843.133	0.0202
853.629	0.0170
864.255	0.0135
875.014	0.0100
885.907	0.0064
896.935	0.0028
908.101	-0.0009
919.406	-0.0047
930.851	-0.0083
942.439	-0.0119
954.171	-0.0153
966.049	-0.0187
978.076	-0.0222
990.251	-0.0255
1002.579	-0.0285
1015.060	-0.0314
1027.696	-0.0342
1040.489	-0.0370
1053.442	-0.0394
1066.556	-0.0418
1079.833	-0.0439
1093.276	-0.0459
1106.886	-0.0479
1120.665	-0.0496
1134.616	-0.0511
1148.741	-0.0522
1163.041	-0.0531
1177.519	-0.0539
1192.178	-0.0542
1207.019	-0.0544
1222.045	-0.0545
1237.258	-0.0544
1252.660	-0.0538
1268.254	-0.0531
1284.042	-0.0520
1300.027	-0.0507
1316.211	-0.0490
1332.596	-0.0471
1349.185	-0.0450
1365.981	-0.0431
1382.985	-0.0411
1400.202	-0.0389
1417.633	-0.0366
1435.280	-0.0340
1453.148	-0.0315
1471.238	-0.0287
1489.553	-0.0256
1508.096	-0.0225
1526.870	-0.0193
1545.877	-0.0159
1565.121	-0.0125
1584.605	-0.0092
1604.332	-0.0058
1624.303	-0.0025
1644.524	0.0007
1664.996	0.0039
1685.723	0.0070
1706.708	0.0101
1727.955	0.0126
1749.466	0.0151
1771.244	0.0178
1793.294	0.0205
1815.618	0.0233
1838.221	0.0264
1861.104	0.0295
1884.272	0.0328
1907.729	0.0363
1931.478	0.0392
1955.523	0.0419
1979.866	0.0447
2004.513	0.0476
2029.467	0.0506
2054.731	0.0537
2080.310	0.0570
2106.207	0.0605
2132.427	0.0644
2158.973	0.0684
2185.849	0.0725
2213.060	0.0769
2240.610	0.0817
2268.503	0.0869
2296.743	0.0930
2325.334	0.0999
2354.282	0.1072
2383.590	0.1150
2413.262	0.1231
2443.305	0.1313
2473.721	0.1396
2504.515	0.1482
2535.693	0.1571
2567.260	0.1661
2599.219	0.1750
2631.576	0.1838
2664.335	0.1926
2697.503	0.2015
2731.084	0.2105
2765.082	0.2196
2799.504	0.2287
2834.354	0.2378
2869.638	0.2468
2905.362	0.2550
2941.530	0.2632
2978.148	0.2714
3015.222	0.2796
3052.758	0.2878
3090.761	0.2958
3129.237	0.3039
3168.192	0.3121
3207.632	0.3204
3247.563	0.3285
3287.991	0.3364
3328.923	0.3445
3370.364	0.3527
3412.320	0.3612
3454.799	0.3698
3497.807	0.3784
3541.351	0.3872
3585.436	0.3960
3630.070	0.4050
3675.260	0.4141
3721.012	0.4232
3767.334	0.4325
3814.233	0.4418
3861.715	0.4507
3909.789	0.4597
3958.460	0.4687
4007.738	0.4779
4057.630	0.4872
4108.142	0.4959
4159.283	0.5049
4211.061	0.5139
4263.483	0.5231
4316.559	0.5324
4370.294	0.5420
4424.699	0.5517
4479.781	0.5616
4535.548	0.5715
4592.010	0.5812
4649.175	0.5905
4707.051	0.5996
4765.648	0.6082
4824.975	0.6163
4885.039	0.6223
4945.852	0.6271
5007.421	0.6310
5069.757	0.6337
5132.870	0.6351
5196.768	0.6342
5261.460	0.6320
5326.959	0.6285
5393.273	0.6236
5460.413	0.6172
5528.388	0.6095
5597.209	0.6004
5666.887	0.5899
5737.433	0.5785
5808.857	0.5661
5881.169	0.5528
5954.383	0.5383
6028.507	0.5228
6103.555	0.5064
6179.536	0.4892
6256.464	0.4711
6334.349	0.4523
6413.204	0.4328
6493.040	0.4124
6573.870	0.3910
6655.706	0.3688
6738.562	0.3456
6822.448	0.3213
6907.379	0.2963
6993.367	0.2701
7080.426	0.2426
7168.568	0.2139
7257.808	0.1840
7348.158	0.1535
7439.633	0.1214
7532.248	0.0875
7626.015	0.0518
7720.949	0.0151
7817.065	-0.0227
7914.377	-0.0621
8012.901	-0.1031
8112.652	-0.1458
8213.645	-0.1889
8315.894	-0.2334
8419.416	-0.2793
8524.228	-0.3266
8630.343	-0.3751
8737.780	-0.4245
8846.555	-0.4748
8956.683	-0.5264
9068.182	-0.5791
9181.069	-0.6330
9295.362	-0.6881
9411.078	-0.7445
9528.233	-0.8026
9646.849	-0.8622
9766.939	-0.9243
9888.525	-0.9887
10011.625	-1.0551
10136.257	-1.1240
10262.440	-1.1952
10390.195	-1.2677
10519.540	-1.3431
10650.495	-1.4213
10783.080	-1.5021
10917.316	-1.5853
11053.223	-1.6706
11190.821	-1.7580
11330.133	-1.8476
11471.179	-1.9397
11613.980	-2.0334
11758.561	-2.1292
11904.939	-2.2271
12053.141	-2.3271
12203.188	-2.4289
12355.102	-2.5314
12508.907	-2.6350
12664.627	-2.7397
12822.286	-2.8453
12981.907	-2.9514
13143.516	-3.0582
13307.136	-3.1660
13472.793	-3.2751
13640.512	-3.3853
13810.319	-3.4961
13982.240	-3.6078
14156.302	-3.7207
14332.529	-3.8346
14510.951	-3.9496
14691.595	-4.0649
14874.486	-4.1815
15059.655	-4.2991
15247.129	-4.4178
15436.937	-4.5369
15629.106	-4.6564
15823.669	-4.7767
16020.654	-4.8981
16220.091	-5.0202
16422.010	-5.1427
16626.443	-5.2654
16833.422	-5.3885
17042.977	-5.5112
17255.141	-5.6328
17469.945	-5.7525
17687.424	-5.8706
17907.609	-5.9663
18130.537	-6.0629
18356.240	-6.1602
18584.752	-6.2582
18816.107	-6.3572
19050.346	-6.4571
19287.498	-6.5576
19527.604	-6.6592
19770.697	-6.7614
20016.816	-6.8642
