Sens Factor =-.3809dB, SERNO: 7007175
"Auto-generated 90-degree calibration file"
10.054	-5.6542
10.179	-5.4810
10.306	-5.3111
10.434	-5.1443
10.564	-4.9807
10.696	-4.8202
10.829	-4.6629
10.964	-4.5086
11.100	-4.3574
11.238	-4.2091
11.378	-4.0638
11.520	-3.9214
11.663	-3.7819
11.809	-3.6453
11.956	-3.5115
12.104	-3.3806
12.255	-3.2524
12.408	-3.1269
12.562	-3.0042
12.718	-2.8842
12.877	-2.7667
13.037	-2.6519
13.199	-2.5397
13.364	-2.4300
13.530	-2.3228
13.698	-2.2182
13.869	-2.1159
14.042	-2.0161
14.216	-1.9187
14.393	-1.8236
14.573	-1.7308
14.754	-1.6404
14.938	-1.5521
15.124	-1.4661
15.312	-1.3824
15.503	-1.3007
15.696	-1.2212
15.891	-1.1438
16.089	-1.0685
16.289	-0.9952
16.492	-0.9238
16.697	-0.8545
16.905	-0.7871
17.115	-0.7216
17.328	-0.6579
17.544	-0.5961
17.763	-0.5361
17.984	-0.4778
18.208	-0.4213
18.434	-0.3666
18.664	-0.3135
18.896	-0.2620
19.131	-0.2122
19.369	-0.1639
19.611	-0.1172
19.855	-0.0720
20.102	-0.0282
20.352	0.0140
20.605	0.0549
20.862	0.0943
21.122	0.1325
21.385	0.1693
21.651	0.2048
21.920	0.2390
22.193	0.2720
22.470	0.3039
22.749	0.3345
23.032	0.3640
23.319	0.3925
23.609	0.4199
23.903	0.4462
24.201	0.4716
24.502	0.4959
24.807	0.5194
25.116	0.5419
25.429	0.5636
25.745	0.5844
26.066	0.6045
26.390	0.6237
26.719	0.6422
27.051	0.6600
27.388	0.6772
27.729	0.6936
28.074	0.7095
28.424	0.7248
28.778	0.7396
29.136	0.7538
29.499	0.7675
29.866	0.7808
30.238	0.7937
30.614	0.8062
30.995	0.8183
31.381	0.8301
31.772	0.8416
32.167	0.8529
32.568	0.8639
32.973	0.8748
33.383	0.8854
33.799	0.8960
34.220	0.9064
34.646	0.9168
35.077	0.9272
35.514	0.9395
35.956	0.9508
36.403	0.9611
36.857	0.9705
37.315	0.9790
37.780	0.9867
38.250	0.9939
38.726	1.0007
39.209	1.0072
39.697	1.0136
40.191	1.0200
40.691	1.0267
41.198	1.0341
41.711	1.0427
42.230	1.0528
42.756	1.0647
43.288	1.0784
43.827	1.0933
44.372	1.1088
44.925	1.1242
45.484	1.1390
46.050	1.1525
46.623	1.1645
47.204	1.1749
47.791	1.1839
48.386	1.1922
48.989	1.2003
49.599	1.2089
50.216	1.2189
50.841	1.2307
51.474	1.2444
52.115	1.2599
52.764	1.2765
53.420	1.2938
54.085	1.3110
54.759	1.3279
55.440	1.3446
56.131	1.3612
56.829	1.3778
57.537	1.3945
58.253	1.4114
58.978	1.4285
59.712	1.4456
60.456	1.4626
61.208	1.4794
61.970	1.4959
62.742	1.5118
63.523	1.5270
64.314	1.5414
65.114	1.5546
65.925	1.5666
66.745	1.5774
67.576	1.5866
68.418	1.5942
69.269	1.5998
70.132	1.6030
71.005	1.6038
71.889	1.6022
72.784	1.5989
73.690	1.5944
74.607	1.5892
75.536	1.5839
76.476	1.5788
77.428	1.5739
78.392	1.5690
79.368	1.5639
80.356	1.5581
81.356	1.5515
82.369	1.5435
83.394	1.5340
84.433	1.5227
85.484	1.5096
86.548	1.4949
87.625	1.4791
88.716	1.4625
89.820	1.4456
90.939	1.4288
92.071	1.4121
93.217	1.3957
94.377	1.3798
95.552	1.3644
96.742	1.3497
97.946	1.3357
99.165	1.3224
100.400	1.3099
101.650	1.2979
102.915	1.2865
104.196	1.2756
105.493	1.2650
106.806	1.2548
108.136	1.2449
109.482	1.2355
110.845	1.2266
112.225	1.2182
113.622	1.2102
115.037	1.2024
116.469	1.1949
117.919	1.1874
119.386	1.1801
120.873	1.1730
122.377	1.1661
123.901	1.1594
125.443	1.1530
127.005	1.1469
128.586	1.1413
130.187	1.1363
131.807	1.1320
133.448	1.1283
135.109	1.1251
136.791	1.1223
138.494	1.1195
140.218	1.1166
141.964	1.1136
143.731	1.1105
145.520	1.1074
147.332	1.1044
149.166	1.1016
151.023	1.0987
152.903	1.0956
154.806	1.0921
156.734	1.0878
158.685	1.0827
160.660	1.0765
162.660	1.0694
164.685	1.0612
166.735	1.0521
168.811	1.0422
170.912	1.0318
173.040	1.0210
175.194	1.0101
177.375	0.9992
179.583	0.9884
181.819	0.9776
184.082	0.9667
186.374	0.9558
188.694	0.9448
191.043	0.9339
193.421	0.9234
195.829	0.9134
198.267	0.9040
200.735	0.8951
203.234	0.8865
205.764	0.8783
208.325	0.8703
210.919	0.8626
213.544	0.8551
216.203	0.8479
218.894	0.8406
221.619	0.8329
224.378	0.8249
227.171	0.8166
229.999	0.8080
232.862	0.7992
235.761	0.7900
238.696	0.7804
241.668	0.7703
244.676	0.7594
247.722	0.7477
250.806	0.7351
253.928	0.7217
257.089	0.7078
260.290	0.6936
263.530	0.6794
266.810	0.6652
270.132	0.6515
273.495	0.6382
276.899	0.6254
280.346	0.6133
283.836	0.6016
287.370	0.5903
290.947	0.5794
294.569	0.5688
298.236	0.5584
301.949	0.5481
305.708	0.5379
309.513	0.5278
313.366	0.5178
317.267	0.5077
321.217	0.4973
325.216	0.4866
329.264	0.4755
333.363	0.4642
337.513	0.4527
341.715	0.4413
345.969	0.4300
350.276	0.4188
354.636	0.4076
359.051	0.3962
363.521	0.3847
368.046	0.3734
372.628	0.3623
377.266	0.3515
381.963	0.3410
386.718	0.3309
391.532	0.3212
396.406	0.3117
401.341	0.3025
406.337	0.2939
411.395	0.2865
416.517	0.2804
421.702	0.2756
426.951	0.2719
432.266	0.2693
437.648	0.2675
443.096	0.2662
448.612	0.2652
454.196	0.2644
459.851	0.2639
465.575	0.2633
471.371	0.2629
477.239	0.2625
483.180	0.2621
489.195	0.2618
495.285	0.2614
501.450	0.2612
507.693	0.2611
514.013	0.2610
520.412	0.2610
526.890	0.2611
533.449	0.2611
540.090	0.2611
546.814	0.2611
553.621	0.2610
560.513	0.2607
567.490	0.2602
574.555	0.2595
581.707	0.2585
588.949	0.2574
596.281	0.2562
603.703	0.2550
611.219	0.2540
618.828	0.2530
626.531	0.2521
634.331	0.2511
642.228	0.2500
650.222	0.2490
658.317	0.2481
666.512	0.2475
674.809	0.2467
683.210	0.2450
691.715	0.2423
700.326	0.2385
709.044	0.2338
717.871	0.2283
726.807	0.2222
735.855	0.2156
745.016	0.2088
754.290	0.2019
763.680	0.1947
773.187	0.1870
782.812	0.1795
792.557	0.1719
802.424	0.1642
812.413	0.1565
822.526	0.1484
832.766	0.1403
843.133	0.1323
853.629	0.1242
864.255	0.1160
875.014	0.1081
885.907	0.1003
896.935	0.0927
908.101	0.0852
919.406	0.0777
930.851	0.0705
942.439	0.0633
954.171	0.0562
966.049	0.0491
978.076	0.0420
990.251	0.0349
1002.579	0.0279
1015.060	0.0210
1027.696	0.0143
1040.489	0.0077
1053.442	0.0015
1066.556	-0.0044
1079.833	-0.0100
1093.276	-0.0154
1106.886	-0.0205
1120.665	-0.0251
1134.616	-0.0291
1148.741	-0.0323
1163.041	-0.0346
1177.519	-0.0361
1192.178	-0.0368
1207.019	-0.0369
1222.045	-0.0368
1237.258	-0.0363
1252.660	-0.0354
1268.254	-0.0343
1284.042	-0.0329
1300.027	-0.0314
1316.211	-0.0296
1332.596	-0.0277
1349.185	-0.0256
1365.981	-0.0237
1382.985	-0.0218
1400.202	-0.0197
1417.633	-0.0176
1435.280	-0.0154
1453.148	-0.0134
1471.238	-0.0116
1489.553	-0.0097
1508.096	-0.0079
1526.870	-0.0062
1545.877	-0.0044
1565.121	-0.0027
1584.605	-0.0009
1604.332	0.0009
1624.303	0.0027
1644.524	0.0046
1664.996	0.0066
1685.723	0.0086
1706.708	0.0106
1727.955	0.0118
1749.466	0.0129
1771.244	0.0141
1793.294	0.0151
1815.618	0.0163
1838.221	0.0177
1861.104	0.0191
1884.272	0.0207
1907.729	0.0224
1931.478	0.0235
1955.523	0.0244
1979.866	0.0253
2004.513	0.0262
2029.467	0.0272
2054.731	0.0281
2080.310	0.0291
2106.207	0.0301
2132.427	0.0315
2158.973	0.0328
2185.849	0.0343
2213.060	0.0359
2240.610	0.0380
2268.503	0.0405
2296.743	0.0435
2325.334	0.0473
2354.282	0.0514
2383.590	0.0561
2413.262	0.0612
2443.305	0.0665
2473.721	0.0720
2504.515	0.0780
2535.693	0.0843
2567.260	0.0907
2599.219	0.0971
2631.576	0.1036
2664.335	0.1102
2697.503	0.1171
2731.084	0.1243
2765.082	0.1318
2799.504	0.1395
2834.354	0.1473
2869.638	0.1552
2905.362	0.1625
2941.530	0.1698
2978.148	0.1772
3015.222	0.1845
3052.758	0.1919
3090.761	0.1991
3129.237	0.2064
3168.192	0.2138
3207.632	0.2212
3247.563	0.2285
3287.991	0.2357
3328.923	0.2432
3370.364	0.2508
3412.320	0.2587
3454.799	0.2666
3497.807	0.2745
3541.351	0.2823
3585.436	0.2900
3630.070	0.2976
3675.260	0.3052
3721.012	0.3126
3767.334	0.3201
3814.233	0.3274
3861.715	0.3340
3909.789	0.3401
3958.460	0.3456
4007.738	0.3506
4057.630	0.3553
4108.142	0.3593
4159.283	0.3633
4211.061	0.3673
4263.483	0.3714
4316.559	0.3755
4370.294	0.3799
4424.699	0.3842
4479.781	0.3883
4535.548	0.3922
4592.010	0.3956
4649.175	0.3985
4707.051	0.4011
4765.648	0.4031
4824.975	0.4046
4885.039	0.4041
4945.852	0.4023
5007.421	0.3998
5069.757	0.3960
5132.870	0.3907
5196.768	0.3828
5261.460	0.3732
5326.959	0.3619
5393.273	0.3489
5460.413	0.3341
5528.388	0.3175
5597.209	0.2992
5666.887	0.2795
5737.433	0.2588
5808.857	0.2373
5881.169	0.2149
5954.383	0.1918
6028.507	0.1678
6103.555	0.1432
6179.536	0.1180
6256.464	0.0921
6334.349	0.0658
6413.204	0.0392
6493.040	0.0124
6573.870	-0.0147
6655.706	-0.0423
6738.562	-0.0705
6822.448	-0.0995
6907.379	-0.1292
6993.367	-0.1600
7080.426	-0.1920
7168.568	-0.2253
7257.808	-0.2597
7348.158	-0.2947
7439.633	-0.3312
7532.248	-0.3694
7626.015	-0.4095
7720.949	-0.4505
7817.065	-0.4928
7914.377	-0.5368
8012.901	-0.5823
8112.652	-0.6295
8213.645	-0.6771
8315.894	-0.7260
8419.416	-0.7761
8524.228	-0.8274
8630.343	-0.8796
8737.780	-0.9324
8846.555	-0.9858
8956.683	-1.0402
9068.182	-1.0954
9181.069	-1.1515
9295.362	-1.2084
9411.078	-1.2665
9528.233	-1.3261
9646.849	-1.3870
9766.939	-1.4504
9888.525	-1.5159
10011.625	-1.5833
10136.257	-1.6530
10262.440	-1.7248
10390.195	-1.7977
10519.540	-1.8732
10650.495	-1.9513
10783.080	-2.0320
10917.316	-2.1149
11053.223	-2.1999
11190.821	-2.2871
11330.133	-2.3762
11471.179	-2.4675
11613.980	-2.5603
11758.561	-2.6551
11904.939	-2.7516
12053.141	-2.8495
12203.188	-2.9487
12355.102	-3.0487
12508.907	-3.1499
12664.627	-3.2523
12822.286	-3.3560
12981.907	-3.4607
13143.516	-3.5664
13307.136	-3.6733
13472.793	-3.7818
13640.512	-3.8914
13810.319	-4.0017
13982.240	-4.1128
14156.302	-4.2252
14332.529	-4.3386
14510.951	-4.4528
14691.595	-4.5674
14874.486	-4.6829
15059.655	-4.7994
15247.129	-4.9168
15436.937	-5.0342
15629.106	-5.1518
15823.669	-5.2697
16020.654	-5.3881
16220.091	-5.5068
16422.010	-5.6255
16626.443	-5.7443
16833.422	-5.8629
17042.977	-5.9811
17255.141	-6.0983
17469.945	-6.2136
17687.424	-6.3269
17907.609	-6.4213
18130.537	-6.5165
18356.240	-6.6124
18584.752	-6.7089
18816.107	-6.8066
19050.346	-6.9053
19287.498	-7.0048
19527.604	-7.1053
19770.697	-7.2068
20016.816	-7.3096
