Sens Factor =-2.086dB, SERNO: 7007161
"Auto-generated 90-degree calibration file"
10.054	-6.9881
10.179	-6.8110
10.306	-6.6371
10.434	-6.4665
10.564	-6.2989
10.696	-6.1345
10.829	-5.9732
10.964	-5.8150
11.100	-5.6599
11.238	-5.5077
11.378	-5.3584
11.520	-5.2121
11.663	-5.0688
11.809	-4.9282
11.956	-4.7905
12.104	-4.6557
12.255	-4.5235
12.408	-4.3941
12.562	-4.2675
12.718	-4.1436
12.877	-4.0221
13.037	-3.9034
13.199	-3.7873
13.364	-3.6737
13.530	-3.5626
13.698	-3.4540
13.869	-3.3478
14.042	-3.2441
14.216	-3.1428
14.393	-3.0438
14.573	-2.9470
14.754	-2.8527
14.938	-2.7605
15.124	-2.6706
15.312	-2.5829
15.503	-2.4973
15.696	-2.4139
15.891	-2.3326
16.089	-2.2533
16.289	-2.1761
16.492	-2.1008
16.697	-2.0276
16.905	-1.9562
17.115	-1.8868
17.328	-1.8192
17.544	-1.7535
17.763	-1.6895
17.984	-1.6274
18.208	-1.5670
18.434	-1.5083
18.664	-1.4512
18.896	-1.3959
19.131	-1.3421
19.369	-1.2899
19.611	-1.2392
19.855	-1.1901
20.102	-1.1425
20.352	-1.0963
20.605	-1.0516
20.862	-1.0081
21.122	-0.9661
21.385	-0.9254
21.651	-0.8860
21.920	-0.8478
22.193	-0.8109
22.470	-0.7751
22.749	-0.7405
23.032	-0.7071
23.319	-0.6747
23.609	-0.6434
23.903	-0.6131
24.201	-0.5838
24.502	-0.5556
24.807	-0.5282
25.116	-0.5017
25.429	-0.4761
25.745	-0.4514
26.066	-0.4274
26.390	-0.4042
26.719	-0.3818
27.051	-0.3601
27.388	-0.3390
27.729	-0.3186
28.074	-0.2988
28.424	-0.2796
28.778	-0.2609
29.136	-0.2428
29.499	-0.2251
29.866	-0.2079
30.238	-0.1911
30.614	-0.1747
30.995	-0.1587
31.381	-0.1429
31.772	-0.1275
32.167	-0.1123
32.568	-0.0974
32.973	-0.0826
33.383	-0.0680
33.799	-0.0535
34.220	-0.0392
34.646	-0.0248
35.077	-0.0106
35.514	0.0047
35.956	0.0194
36.403	0.0336
36.857	0.0473
37.315	0.0608
37.780	0.0741
38.250	0.0872
38.726	0.1002
39.209	0.1130
39.697	0.1257
40.191	0.1384
40.691	0.1513
41.198	0.1647
41.711	0.1788
42.230	0.1940
42.756	0.2103
43.288	0.2276
43.827	0.2455
44.372	0.2637
44.925	0.2819
45.484	0.2997
46.050	0.3169
46.623	0.3334
47.204	0.3491
47.791	0.3639
48.386	0.3780
48.989	0.3914
49.599	0.4045
50.216	0.4175
50.841	0.4306
51.474	0.4440
52.115	0.4579
52.764	0.4722
53.420	0.4867
54.085	0.5014
54.759	0.5163
55.440	0.5314
56.131	0.5469
56.829	0.5628
57.537	0.5793
58.253	0.5961
58.978	0.6131
59.712	0.6304
60.456	0.6479
61.208	0.6654
61.970	0.6828
62.742	0.7002
63.523	0.7173
64.314	0.7341
65.114	0.7502
65.925	0.7655
66.745	0.7798
67.576	0.7927
68.418	0.8039
69.269	0.8130
70.132	0.8200
71.005	0.8246
71.889	0.8272
72.784	0.8280
73.690	0.8275
74.607	0.8261
75.536	0.8240
76.476	0.8216
77.428	0.8188
78.392	0.8158
79.368	0.8125
80.356	0.8090
81.356	0.8053
82.369	0.8016
83.394	0.7979
84.433	0.7940
85.484	0.7899
86.548	0.7853
87.625	0.7802
88.716	0.7747
89.820	0.7688
90.939	0.7627
92.071	0.7564
93.217	0.7498
94.377	0.7432
95.552	0.7365
96.742	0.7299
97.946	0.7234
99.165	0.7169
100.400	0.7104
101.650	0.7038
102.915	0.6971
104.196	0.6903
105.493	0.6834
106.806	0.6762
108.136	0.6691
109.482	0.6622
110.845	0.6555
112.225	0.6492
113.622	0.6432
115.037	0.6374
116.469	0.6317
117.919	0.6260
119.386	0.6203
120.873	0.6145
122.377	0.6085
123.901	0.6025
125.443	0.5965
127.005	0.5905
128.586	0.5847
130.187	0.5790
131.807	0.5737
133.448	0.5686
135.109	0.5638
136.791	0.5592
138.494	0.5545
140.218	0.5500
141.964	0.5455
143.731	0.5411
145.520	0.5369
147.332	0.5328
149.166	0.5289
151.023	0.5250
152.903	0.5213
154.806	0.5176
156.734	0.5138
158.685	0.5100
160.660	0.5060
162.660	0.5019
164.685	0.4978
166.735	0.4934
168.811	0.4887
170.912	0.4838
173.040	0.4788
175.194	0.4735
177.375	0.4682
179.583	0.4626
181.819	0.4569
184.082	0.4507
186.374	0.4441
188.694	0.4373
191.043	0.4303
193.421	0.4233
195.829	0.4165
198.267	0.4099
200.735	0.4035
203.234	0.3973
205.764	0.3911
208.325	0.3849
210.919	0.3787
213.544	0.3726
216.203	0.3666
218.894	0.3604
221.619	0.3538
224.378	0.3467
227.171	0.3393
229.999	0.3314
232.862	0.3234
235.761	0.3150
238.696	0.3065
241.668	0.2976
244.676	0.2886
247.722	0.2794
250.806	0.2702
253.928	0.2610
257.089	0.2519
260.290	0.2430
263.530	0.2341
266.810	0.2253
270.132	0.2166
273.495	0.2082
276.899	0.2000
280.346	0.1924
283.836	0.1853
287.370	0.1786
290.947	0.1725
294.569	0.1668
298.236	0.1614
301.949	0.1560
305.708	0.1505
309.513	0.1449
313.366	0.1392
317.267	0.1332
321.217	0.1270
325.216	0.1208
329.264	0.1149
333.363	0.1095
337.513	0.1050
341.715	0.1013
345.969	0.0986
350.276	0.0965
354.636	0.0947
359.051	0.0929
363.521	0.0907
368.046	0.0884
372.628	0.0859
377.266	0.0835
381.963	0.0815
386.718	0.0799
391.532	0.0784
396.406	0.0764
401.341	0.0738
406.337	0.0711
411.395	0.0688
416.517	0.0671
421.702	0.0662
426.951	0.0657
432.266	0.0659
437.648	0.0664
443.096	0.0674
448.612	0.0686
454.196	0.0699
459.851	0.0712
465.575	0.0724
471.371	0.0735
477.239	0.0744
483.180	0.0751
489.195	0.0758
495.285	0.0765
501.450	0.0775
507.693	0.0786
514.013	0.0801
520.412	0.0820
526.890	0.0843
533.449	0.0868
540.090	0.0893
546.814	0.0915
553.621	0.0933
560.513	0.0942
567.490	0.0944
574.555	0.0937
581.707	0.0924
588.949	0.0908
596.281	0.0893
603.703	0.0882
611.219	0.0877
618.828	0.0878
626.531	0.0883
634.331	0.0888
642.228	0.0892
650.222	0.0897
658.317	0.0910
666.512	0.0931
674.809	0.0954
683.210	0.0971
691.715	0.0978
700.326	0.0975
709.044	0.0965
717.871	0.0947
726.807	0.0923
735.855	0.0895
745.016	0.0866
754.290	0.0835
763.680	0.0801
773.187	0.0764
782.812	0.0728
792.557	0.0691
802.424	0.0655
812.413	0.0620
822.526	0.0582
832.766	0.0543
843.133	0.0507
853.629	0.0470
864.255	0.0433
875.014	0.0398
885.907	0.0365
896.935	0.0334
908.101	0.0304
919.406	0.0276
930.851	0.0251
942.439	0.0226
954.171	0.0203
966.049	0.0179
978.076	0.0156
990.251	0.0133
1002.579	0.0111
1015.060	0.0090
1027.696	0.0069
1040.489	0.0049
1053.442	0.0031
1066.556	0.0015
1079.833	-0.0000
1093.276	-0.0012
1106.886	-0.0024
1120.665	-0.0032
1134.616	-0.0036
1148.741	-0.0035
1163.041	-0.0028
1177.519	-0.0019
1192.178	-0.0005
1207.019	0.0013
1222.045	0.0029
1237.258	0.0047
1252.660	0.0069
1268.254	0.0092
1284.042	0.0117
1300.027	0.0143
1316.211	0.0172
1332.596	0.0202
1349.185	0.0233
1365.981	0.0261
1382.985	0.0289
1400.202	0.0318
1417.633	0.0346
1435.280	0.0374
1453.148	0.0400
1471.238	0.0426
1489.553	0.0453
1508.096	0.0479
1526.870	0.0506
1545.877	0.0535
1565.121	0.0567
1584.605	0.0600
1604.332	0.0635
1624.303	0.0670
1644.524	0.0706
1664.996	0.0743
1685.723	0.0781
1706.708	0.0819
1727.955	0.0852
1749.466	0.0885
1771.244	0.0919
1793.294	0.0953
1815.618	0.0988
1838.221	0.1028
1861.104	0.1068
1884.272	0.1111
1907.729	0.1155
1931.478	0.1195
1955.523	0.1234
1979.866	0.1275
2004.513	0.1318
2029.467	0.1363
2054.731	0.1411
2080.310	0.1461
2106.207	0.1513
2132.427	0.1569
2158.973	0.1625
2185.849	0.1684
2213.060	0.1745
2240.610	0.1811
2268.503	0.1880
2296.743	0.1957
2325.334	0.2042
2354.282	0.2130
2383.590	0.2222
2413.262	0.2318
2443.305	0.2414
2473.721	0.2512
2504.515	0.2611
2535.693	0.2714
2567.260	0.2815
2599.219	0.2915
2631.576	0.3014
2664.335	0.3113
2697.503	0.3212
2731.084	0.3314
2765.082	0.3417
2799.504	0.3521
2834.354	0.3624
2869.638	0.3729
2905.362	0.3827
2941.530	0.3924
2978.148	0.4023
3015.222	0.4121
3052.758	0.4221
3090.761	0.4320
3129.237	0.4419
3168.192	0.4519
3207.632	0.4619
3247.563	0.4718
3287.991	0.4814
3328.923	0.4913
3370.364	0.5012
3412.320	0.5114
3454.799	0.5219
3497.807	0.5324
3541.351	0.5433
3585.436	0.5543
3630.070	0.5656
3675.260	0.5771
3721.012	0.5887
3767.334	0.6006
3814.233	0.6126
3861.715	0.6245
3909.789	0.6366
3958.460	0.6488
4007.738	0.6614
4057.630	0.6743
4108.142	0.6869
4159.283	0.6999
4211.061	0.7131
4263.483	0.7266
4316.559	0.7405
4370.294	0.7548
4424.699	0.7693
4479.781	0.7839
4535.548	0.7987
4592.010	0.8131
4649.175	0.8274
4707.051	0.8415
4765.648	0.8552
4824.975	0.8686
4885.039	0.8802
4945.852	0.8909
5007.421	0.9012
5069.757	0.9108
5132.870	0.9196
5196.768	0.9266
5261.460	0.9330
5326.959	0.9386
5393.273	0.9436
5460.413	0.9478
5528.388	0.9513
5597.209	0.9542
5666.887	0.9564
5737.433	0.9581
5808.857	0.9594
5881.169	0.9603
5954.383	0.9604
6028.507	0.9599
6103.555	0.9589
6179.536	0.9572
6256.464	0.9548
6334.349	0.9521
6413.204	0.9487
6493.040	0.9448
6573.870	0.9401
6655.706	0.9349
6738.562	0.9289
6822.448	0.9222
6907.379	0.9149
6993.367	0.9066
7080.426	0.8973
7168.568	0.8870
7257.808	0.8757
7348.158	0.8642
7439.633	0.8514
7532.248	0.8375
7626.015	0.8221
7720.949	0.8062
7817.065	0.7894
7914.377	0.7711
8012.901	0.7515
8112.652	0.7304
8213.645	0.7091
8315.894	0.6864
8419.416	0.6624
8524.228	0.6371
8630.343	0.6105
8737.780	0.5826
8846.555	0.5533
8956.683	0.5223
9068.182	0.4896
9181.069	0.4550
9295.362	0.4186
9411.078	0.3803
9528.233	0.3398
9646.849	0.2971
9766.939	0.2514
9888.525	0.2030
10011.625	0.1523
10136.257	0.0989
10262.440	0.0432
10390.195	-0.0140
10519.540	-0.0740
10650.495	-0.1370
10783.080	-0.2028
10917.316	-0.2714
11053.223	-0.3426
11190.821	-0.4167
11330.133	-0.4934
11471.179	-0.5729
11613.980	-0.6545
11758.561	-0.7389
11904.939	-0.8262
12053.141	-0.9162
12203.188	-1.0094
12355.102	-1.1051
12508.907	-1.2037
12664.627	-1.3047
12822.286	-1.4078
12981.907	-1.5125
13143.516	-1.6187
13307.136	-1.7269
13472.793	-1.8373
13640.512	-1.9496
13810.319	-2.0632
13982.240	-2.1785
14156.302	-2.2958
14332.529	-2.4147
14510.951	-2.5352
14691.595	-2.6565
14874.486	-2.7793
15059.655	-2.9036
15247.129	-3.0293
15436.937	-3.1559
15629.106	-3.2833
15823.669	-3.4118
16020.654	-3.5416
16220.091	-3.6722
16422.010	-3.8030
16626.443	-3.9342
16833.422	-4.0656
17042.977	-4.1969
17255.141	-4.3279
17469.945	-4.4572
17687.424	-4.5849
17907.609	-4.6868
18130.537	-4.7900
18356.240	-4.8941
18584.752	-4.9992
18816.107	-5.1058
19050.346	-5.2137
19287.498	-5.3227
19527.604	-5.4330
19770.697	-5.5441
20016.816	-5.6560
