Sens Factor =-.6787dB, SERNO: 7007183
10.054	-5.0254
10.179	-4.8590
10.306	-4.6959
10.434	-4.5360
10.564	-4.3793
10.696	-4.2256
10.829	-4.0751
10.964	-3.9276
11.1	-3.7832
11.238	-3.6418
11.378	-3.5033
11.52	-3.3678
11.663	-3.2352
11.809	-3.1054
11.956	-2.9784
12.104	-2.8543
12.255	-2.7330
12.408	-2.6144
12.562	-2.4985
12.718	-2.3853
12.877	-2.2747
13.037	-2.1667
13.199	-2.0613
13.364	-1.9585
13.53	-1.8581
13.698	-1.7603
13.869	-1.6649
14.042	-1.5719
14.216	-1.4813
14.393	-1.3931
14.573	-1.3071
14.754	-1.2235
14.938	-1.1421
15.124	-1.0630
15.312	-0.9860
15.503	-0.9112
15.696	-0.8386
15.891	-0.7680
16.089	-0.6995
16.289	-0.6330
16.492	-0.5685
16.697	-0.5060
16.905	-0.4454
17.115	-0.3868
17.328	-0.3300
17.544	-0.2750
17.763	-0.2218
17.984	-0.1704
18.208	-0.1208
18.434	-0.0728
18.664	-0.0265
18.896	0.0181
19.131	0.0611
19.369	0.1025
19.611	0.1424
19.855	0.1808
20.102	0.2177
20.352	0.2531
20.605	0.2871
20.862	0.3197
21.122	0.3510
21.385	0.3810
21.651	0.4096
21.92	0.4370
22.193	0.4632
22.47	0.4882
22.749	0.5120
23.032	0.5347
23.319	0.5563
23.609	0.5769
23.903	0.5964
24.201	0.6149
24.502	0.6324
24.807	0.6491
25.116	0.6648
25.429	0.6796
25.745	0.6936
26.066	0.7068
26.39	0.7192
26.719	0.7309
27.051	0.7418
27.388	0.7521
27.729	0.7618
28.074	0.7708
28.424	0.7793
28.778	0.7872
29.136	0.7946
29.499	0.8015
29.866	0.8079
30.238	0.8139
30.614	0.8196
30.995	0.8249
31.381	0.8299
31.772	0.8345
32.167	0.8390
32.568	0.8432
32.973	0.8472
33.383	0.8510
33.799	0.8547
34.22	0.8583
34.646	0.8619
35.077	0.8654
35.514	0.8707
35.956	0.8750
36.403	0.8784
36.857	0.8810
37.315	0.8830
37.78	0.8844
38.25	0.8854
38.726	0.8860
39.209	0.8863
39.697	0.8864
40.191	0.8864
40.691	0.8864
41.198	0.8867
41.711	0.8875
42.23	0.8892
42.756	0.8920
43.288	0.8958
43.827	0.9005
44.372	0.9060
44.925	0.9120
45.484	0.9183
46.05	0.9248
46.623	0.9314
47.204	0.9379
47.791	0.9443
48.386	0.9503
48.989	0.9559
49.599	0.9610
50.216	0.9654
50.841	0.9693
51.474	0.9726
52.115	0.9755
52.764	0.9781
53.42	0.9802
54.085	0.9820
54.759	0.9836
55.44	0.9851
56.131	0.9867
56.829	0.9886
57.537	0.9907
58.253	0.9932
58.978	0.9959
59.712	0.9989
60.456	1.0021
61.208	1.0056
61.97	1.0092
62.742	1.0128
63.523	1.0165
64.314	1.0199
65.114	1.0230
65.925	1.0257
66.745	1.0277
67.576	1.0290
68.418	1.0292
69.269	1.0282
70.132	1.0258
71.005	1.0218
71.889	1.0163
72.784	1.0095
73.69	1.0015
74.607	0.9927
75.536	0.9833
76.476	0.9733
77.428	0.9629
78.392	0.9521
79.368	0.9410
80.356	0.9299
81.356	0.9189
82.369	0.9083
83.394	0.8983
84.433	0.8888
85.484	0.8797
86.548	0.8709
87.625	0.8623
88.716	0.8538
89.82	0.8453
90.939	0.8368
92.071	0.8283
93.217	0.8198
94.377	0.8113
95.552	0.8027
96.742	0.7941
97.946	0.7853
99.165	0.7764
100.4	0.7674
101.65	0.7580
102.915	0.7484
104.196	0.7384
105.493	0.7279
106.806	0.7169
108.136	0.7054
109.482	0.6934
110.845	0.6810
112.225	0.6683
113.622	0.6553
115.037	0.6419
116.469	0.6282
117.919	0.6144
119.386	0.6005
120.873	0.5866
122.377	0.5729
123.901	0.5593
125.443	0.5460
127.005	0.5330
128.586	0.5205
130.187	0.5086
131.807	0.4972
133.448	0.4863
135.109	0.4759
136.791	0.4659
138.494	0.4561
140.218	0.4464
141.964	0.4369
143.731	0.4277
145.52	0.4188
147.332	0.4102
149.166	0.4019
151.023	0.3936
152.903	0.3853
154.806	0.3766
156.734	0.3676
158.685	0.3583
160.66	0.3487
162.66	0.3391
164.685	0.3294
166.735	0.3196
168.811	0.3097
170.912	0.2996
173.04	0.2893
175.194	0.2790
177.375	0.2688
179.583	0.2587
181.819	0.2491
184.082	0.2398
186.374	0.2309
188.694	0.2225
191.043	0.2148
193.421	0.2078
195.829	0.2015
198.267	0.1959
200.735	0.1907
203.234	0.1858
205.764	0.1812
208.325	0.1767
210.919	0.1723
213.544	0.1680
216.203	0.1639
218.894	0.1599
221.619	0.1557
224.378	0.1513
227.171	0.1469
229.999	0.1423
232.862	0.1377
235.761	0.1329
238.696	0.1276
241.668	0.1217
244.676	0.1152
247.722	0.1081
250.806	0.1003
253.928	0.0920
257.089	0.0836
260.29	0.0751
263.53	0.0667
266.81	0.0585
270.132	0.0504
273.495	0.0426
276.899	0.0351
280.346	0.0281
283.836	0.0216
287.37	0.0157
290.947	0.0104
294.569	0.0057
298.236	0.0014
301.949	-0.0027
305.708	-0.0066
309.513	-0.0103
313.366	-0.0137
317.267	-0.0171
321.217	-0.0204
325.216	-0.0236
329.264	-0.0266
333.363	-0.0294
337.513	-0.0320
341.715	-0.0342
345.969	-0.0361
350.276	-0.0378
354.636	-0.0395
359.051	-0.0414
363.521	-0.0433
368.046	-0.0448
372.628	-0.0461
377.266	-0.0470
381.963	-0.0475
386.718	-0.0481
391.532	-0.0490
396.406	-0.0506
401.341	-0.0527
406.337	-0.0544
411.395	-0.0552
416.517	-0.0543
421.702	-0.0517
426.951	-0.0477
432.266	-0.0427
437.648	-0.0369
443.096	-0.0305
448.612	-0.0240
454.196	-0.0174
459.851	-0.0108
465.575	-0.0043
471.371	0.0021
477.239	0.0082
483.18	0.0142
489.195	0.0200
495.285	0.0256
501.45	0.0312
507.693	0.0367
514.013	0.0422
520.412	0.0474
526.89	0.0524
533.449	0.0570
540.09	0.0609
546.814	0.0644
553.621	0.0673
560.513	0.0698
567.49	0.0718
574.555	0.0734
581.707	0.0748
588.949	0.0760
596.281	0.0770
603.703	0.0780
611.219	0.0788
618.828	0.0794
626.531	0.0797
634.331	0.0798
642.228	0.0803
650.222	0.0815
658.317	0.0838
666.512	0.0871
674.809	0.0905
683.21	0.0931
691.715	0.0945
700.326	0.0945
709.044	0.0934
717.871	0.0915
726.807	0.0891
735.855	0.0863
745.016	0.0834
754.29	0.0804
763.68	0.0774
773.187	0.0746
782.812	0.0718
792.557	0.0692
802.424	0.0666
812.413	0.0640
822.526	0.0615
832.766	0.0590
843.133	0.0566
853.629	0.0543
864.255	0.0522
875.014	0.0503
885.907	0.0487
896.935	0.0475
908.101	0.0465
919.406	0.0457
930.851	0.0452
942.439	0.0449
954.171	0.0447
966.049	0.0445
978.076	0.0444
990.251	0.0443
1002.579	0.0442
1015.06	0.0442
1027.696	0.0445
1040.489	0.0449
1053.442	0.0456
1066.556	0.0464
1079.833	0.0475
1093.276	0.0487
1106.886	0.0501
1120.665	0.0518
1134.616	0.0539
1148.741	0.0565
1163.041	0.0596
1177.519	0.0632
1192.178	0.0674
1207.019	0.0719
1222.045	0.0768
1237.258	0.0819
1252.66	0.0873
1268.254	0.0929
1284.042	0.0988
1300.027	0.1048
1316.211	0.1110
1332.596	0.1174
1349.185	0.1240
1365.981	0.1308
1382.985	0.1378
1400.202	0.1450
1417.633	0.1522
1435.28	0.1596
1453.148	0.1669
1471.238	0.1743
1489.553	0.1817
1508.096	0.1892
1526.87	0.1967
1545.877	0.2043
1565.121	0.2121
1584.605	0.2200
1604.332	0.2281
1624.303	0.2364
1644.524	0.2450
1664.996	0.2537
1685.723	0.2626
1706.708	0.2716
1727.955	0.2806
1749.466	0.2897
1771.244	0.2988
1793.294	0.3081
1815.618	0.3175
1838.221	0.3272
1861.104	0.3371
1884.272	0.3472
1907.729	0.3577
1931.478	0.3685
1955.523	0.3796
1979.866	0.3910
2004.513	0.4028
2029.467	0.4149
2054.731	0.4273
2080.31	0.4399
2106.207	0.4528
2132.427	0.4661
2158.973	0.4798
2185.849	0.4940
2213.06	0.5087
2240.61	0.5239
2268.503	0.5397
2296.743	0.5561
2325.334	0.5732
2354.282	0.5910
2383.59	0.6095
2413.262	0.6286
2443.305	0.6482
2473.721	0.6682
2504.515	0.6886
2535.693	0.7092
2567.26	0.7302
2599.219	0.7513
2631.576	0.7725
2664.335	0.7938
2697.503	0.8153
2731.084	0.8369
2765.082	0.8587
2799.504	0.8806
2834.354	0.9027
2869.638	0.9250
2905.362	0.9475
2941.53	0.9702
2978.148	0.9931
3015.222	1.0162
3052.758	1.0394
3090.761	1.0628
3129.237	1.0864
3168.192	1.1102
3207.632	1.1341
3247.563	1.1583
3287.991	1.1826
3328.923	1.2072
3370.364	1.2322
3412.32	1.2575
3454.799	1.2832
3497.807	1.3094
3541.351	1.3360
3585.436	1.3629
3630.07	1.3902
3675.26	1.4178
3721.012	1.4457
3767.334	1.4740
3814.233	1.5026
3861.715	1.5315
3909.789	1.5607
3958.46	1.5904
4007.738	1.6206
4057.63	1.6514
4108.142	1.6827
4159.283	1.7146
4211.061	1.7471
4263.483	1.7802
4316.559	1.8139
4370.294	1.8481
4424.699	1.8827
4479.781	1.9177
4535.548	1.9528
4592.01	1.9882
4649.175	2.0237
4707.051	2.0591
4765.648	2.0945
4824.975	2.1298
4885.039	2.1649
4945.852	2.1997
5007.421	2.2341
5069.757	2.2682
5132.87	2.3017
5196.768	2.3348
5261.46	2.3673
5326.959	2.3993
5393.273	2.4309
5460.413	2.4621
5528.388	2.4928
5597.209	2.5232
5666.887	2.5531
5737.433	2.5824
5808.857	2.6112
5881.169	2.6393
5954.383	2.6668
6028.507	2.6938
6103.555	2.7203
6179.536	2.7463
6256.464	2.7719
6334.349	2.7971
6413.204	2.8218
6493.04	2.8459
6573.87	2.8694
6655.706	2.8923
6738.562	2.9143
6822.448	2.9356
6907.379	2.9560
6993.367	2.9754
7080.426	2.9939
7168.568	3.0113
7257.808	3.0277
7348.158	3.0430
7439.633	3.0571
7532.248	3.0700
7626.015	3.0816
7720.949	3.0919
7817.065	3.1008
7914.377	3.1086
8012.901	3.1151
8112.652	3.1203
8213.645	3.1239
8315.894	3.1259
8419.416	3.1262
8524.228	3.1248
8630.343	3.1216
8737.78	3.1168
8846.555	3.1105
8956.683	3.1027
9068.182	3.0931
9181.069	3.0818
9295.362	3.0687
9411.078	3.0539
9528.233	3.0374
9646.849	3.0193
9766.939	2.9993
9888.525	2.9775
10011.625	2.9537
10136.257	2.9278
10262.44	2.8995
10390.195	2.8687
10519.54	2.8355
10650.495	2.7997
10783.08	2.7613
10917.316	2.7204
11053.223	2.6773
11190.821	2.6322
11330.133	2.5851
11471.179	2.5362
11613.98	2.4852
11758.561	2.4319
11904.939	2.3762
12053.141	2.3181
12203.188	2.2570
12355.102	2.1930
12508.907	2.1268
12664.627	2.0591
12822.286	1.9901
12981.907	1.9198
13143.516	1.8483
13307.136	1.7757
13472.793	1.7022
13640.512	1.6280
13810.319	1.5534
13982.24	1.4784
14156.302	1.4033
14332.529	1.3280
14510.951	1.2525
14691.595	1.1766
14874.486	1.1004
15059.655	1.0240
15247.129	0.9474
15436.937	0.8708
15629.106	0.7942
15823.669	0.7178
16020.654	0.6415
16220.091	0.5657
16422.01	0.4903
16626.443	0.4156
16833.422	0.3420
17042.977	0.2699
17255.141	0.1997
17469.945	0.1323
17687.424	0.0683
17907.609	0.0288
18130.537	-0.0110
18356.24	-0.0511
18584.752	-0.0917
18816.107	-0.1329
19050.346	-0.1746
19287.498	-0.2165
19527.604	-0.2582
19770.697	-0.2994
20016.816	-0.3399
