Sens Factor =-.9868dB, SERNO: 7007104
10.054	-5.7482
10.179	-5.5746
10.306	-5.4042
10.434	-5.2371
10.564	-5.0731
10.696	-4.9121
10.829	-4.7544
10.964	-4.5996
11.1	-4.4480
11.238	-4.2993
11.378	-4.1536
11.52	-4.0108
11.663	-3.8709
11.809	-3.7338
11.956	-3.5996
12.104	-3.4683
12.255	-3.3397
12.408	-3.2138
12.562	-3.0907
12.718	-2.9702
12.877	-2.8523
13.037	-2.7371
13.199	-2.6245
13.364	-2.5143
13.53	-2.4068
13.698	-2.3017
13.869	-2.1990
14.042	-2.0988
14.216	-2.0010
14.393	-1.9055
14.573	-1.8122
14.754	-1.7214
14.938	-1.6327
15.124	-1.5463
15.312	-1.4621
15.503	-1.3800
15.696	-1.3001
15.891	-1.2223
16.089	-1.1465
16.289	-1.0728
16.492	-1.0011
16.697	-0.9313
16.905	-0.8635
17.115	-0.7976
17.328	-0.7335
17.544	-0.6712
17.763	-0.6108
17.984	-0.5522
18.208	-0.4952
18.434	-0.4401
18.664	-0.3865
18.896	-0.3347
19.131	-0.2844
19.369	-0.2357
19.611	-0.1885
19.855	-0.1429
20.102	-0.0988
20.352	-0.0561
20.605	-0.0149
20.862	0.0251
21.122	0.0636
21.385	0.1008
21.651	0.1367
21.92	0.1714
22.193	0.2048
22.47	0.2371
22.749	0.2681
23.032	0.2981
23.319	0.3270
23.609	0.3548
23.903	0.3815
24.201	0.4073
24.502	0.4321
24.807	0.4560
25.116	0.4789
25.429	0.5010
25.745	0.5223
26.066	0.5427
26.39	0.5624
26.719	0.5813
27.051	0.5995
27.388	0.6171
27.729	0.6340
28.074	0.6503
28.424	0.6660
28.778	0.6812
29.136	0.6958
29.499	0.7100
29.866	0.7237
30.238	0.7370
30.614	0.7499
30.995	0.7624
31.381	0.7746
31.772	0.7866
32.167	0.7982
32.568	0.8097
32.973	0.8210
33.383	0.8320
33.799	0.8430
34.22	0.8539
34.646	0.8647
35.077	0.8755
35.514	0.8849
35.956	0.8952
36.403	0.9062
36.857	0.9176
37.315	0.9293
37.78	0.9413
38.25	0.9534
38.726	0.9658
39.209	0.9787
39.697	0.9923
40.191	1.0068
40.691	1.0221
41.198	1.0381
41.711	1.0541
42.23	1.0691
42.756	1.0825
43.288	1.0939
43.827	1.1033
44.372	1.1110
44.925	1.1178
45.484	1.1239
46.05	1.1298
46.623	1.1354
47.204	1.1409
47.791	1.1463
48.386	1.1516
48.989	1.1568
49.599	1.1618
50.216	1.1666
50.841	1.1710
51.474	1.1751
52.115	1.1790
52.764	1.1828
53.42	1.1867
54.085	1.1908
54.759	1.1947
55.44	1.1981
56.131	1.2008
56.829	1.2022
57.537	1.2022
58.253	1.2008
58.978	1.1982
59.712	1.1945
60.456	1.1899
61.208	1.1846
61.97	1.1785
62.742	1.1717
63.523	1.1641
64.314	1.1556
65.114	1.1461
65.925	1.1351
66.745	1.1227
67.576	1.1086
68.418	1.0934
69.269	1.0775
70.132	1.0620
71.005	1.0477
71.889	1.0351
72.784	1.0241
73.69	1.0144
74.607	1.0055
75.536	0.9969
76.476	0.9884
77.428	0.9798
78.392	0.9711
79.368	0.9623
80.356	0.9532
81.356	0.9438
82.369	0.9342
83.394	0.9245
84.433	0.9148
85.484	0.9050
86.548	0.8953
87.625	0.8856
88.716	0.8759
89.82	0.8661
90.939	0.8562
92.071	0.8463
93.217	0.8363
94.377	0.8262
95.552	0.8161
96.742	0.8060
97.946	0.7960
99.165	0.7860
100.4	0.7761
101.65	0.7663
102.915	0.7567
104.196	0.7472
105.493	0.7379
106.806	0.7285
108.136	0.7193
109.482	0.7101
110.845	0.7010
112.225	0.6920
113.622	0.6832
115.037	0.6746
116.469	0.6660
117.919	0.6576
119.386	0.6493
120.873	0.6410
122.377	0.6328
123.901	0.6246
125.443	0.6164
127.005	0.6083
128.586	0.6002
130.187	0.5920
131.807	0.5838
133.448	0.5757
135.109	0.5675
136.791	0.5595
138.494	0.5516
140.218	0.5438
141.964	0.5362
143.731	0.5286
145.52	0.5212
147.332	0.5139
149.166	0.5067
151.023	0.4996
152.903	0.4927
154.806	0.4861
156.734	0.4796
158.685	0.4731
160.66	0.4667
162.66	0.4603
164.685	0.4538
166.735	0.4472
168.811	0.4405
170.912	0.4336
173.04	0.4263
175.194	0.4186
177.375	0.4105
179.583	0.4021
181.819	0.3934
184.082	0.3845
186.374	0.3755
188.694	0.3664
191.043	0.3571
193.421	0.3477
195.829	0.3382
198.267	0.3287
200.735	0.3192
203.234	0.3099
205.764	0.3008
208.325	0.2915
210.919	0.2822
213.544	0.2727
216.203	0.2630
218.894	0.2533
221.619	0.2435
224.378	0.2337
227.171	0.2240
229.999	0.2142
232.862	0.2046
235.761	0.1950
238.696	0.1856
241.668	0.1766
244.676	0.1679
247.722	0.1597
250.806	0.1519
253.928	0.1445
257.089	0.1374
260.29	0.1306
263.53	0.1242
266.81	0.1180
270.132	0.1120
273.495	0.1061
276.899	0.1002
280.346	0.0944
283.836	0.0888
287.37	0.0835
290.947	0.0786
294.569	0.0739
298.236	0.0695
301.949	0.0651
305.708	0.0607
309.513	0.0562
313.366	0.0515
317.267	0.0466
321.217	0.0417
325.216	0.0368
329.264	0.0321
333.363	0.0275
337.513	0.0230
341.715	0.0188
345.969	0.0149
350.276	0.0115
354.636	0.0086
359.051	0.0061
363.521	0.0040
368.046	0.0022
372.628	0.0009
377.266	0.0001
381.963	-0.0003
386.718	-0.0002
391.532	0.0000
396.406	-0.0002
401.341	-0.0007
406.337	-0.0011
411.395	-0.0013
416.517	-0.0015
421.702	-0.0017
426.951	-0.0018
432.266	-0.0020
437.648	-0.0022
443.096	-0.0025
448.612	-0.0027
454.196	-0.0027
459.851	-0.0027
465.575	-0.0025
471.371	-0.0023
477.239	-0.0020
483.18	-0.0014
489.195	-0.0007
495.285	0.0004
501.45	0.0018
507.693	0.0035
514.013	0.0056
520.412	0.0081
526.89	0.0108
533.449	0.0138
540.09	0.0169
546.814	0.0200
553.621	0.0230
560.513	0.0259
567.49	0.0287
574.555	0.0314
581.707	0.0340
588.949	0.0365
596.281	0.0389
603.703	0.0413
611.219	0.0436
618.828	0.0457
626.531	0.0474
634.331	0.0487
642.228	0.0497
650.222	0.0506
658.317	0.0518
666.512	0.0533
674.809	0.0543
683.21	0.0548
691.715	0.0549
700.326	0.0545
709.044	0.0538
717.871	0.0528
726.807	0.0516
735.855	0.0502
745.016	0.0488
754.29	0.0472
763.68	0.0456
773.187	0.0440
782.812	0.0423
792.557	0.0406
802.424	0.0389
812.413	0.0371
822.526	0.0351
832.766	0.0331
843.133	0.0310
853.629	0.0289
864.255	0.0267
875.014	0.0244
885.907	0.0221
896.935	0.0198
908.101	0.0175
919.406	0.0152
930.851	0.0130
942.439	0.0110
954.171	0.0091
966.049	0.0073
978.076	0.0055
990.251	0.0039
1002.579	0.0026
1015.06	0.0015
1027.696	0.0007
1040.489	0.0001
1053.442	-0.0002
1066.556	-0.0004
1079.833	-0.0004
1093.276	-0.0003
1106.886	-0.0001
1120.665	0.0003
1134.616	0.0010
1148.741	0.0020
1163.041	0.0032
1177.519	0.0046
1192.178	0.0064
1207.019	0.0084
1222.045	0.0108
1237.258	0.0135
1252.66	0.0166
1268.254	0.0199
1284.042	0.0236
1300.027	0.0275
1316.211	0.0317
1332.596	0.0362
1349.185	0.0409
1365.981	0.0459
1382.985	0.0512
1400.202	0.0568
1417.633	0.0626
1435.28	0.0687
1453.148	0.0750
1471.238	0.0816
1489.553	0.0885
1508.096	0.0955
1526.87	0.1026
1545.877	0.1098
1565.121	0.1170
1584.605	0.1242
1604.332	0.1315
1624.303	0.1389
1644.524	0.1463
1664.996	0.1538
1685.723	0.1612
1706.708	0.1687
1727.955	0.1762
1749.466	0.1838
1771.244	0.1916
1793.294	0.1995
1815.618	0.2075
1838.221	0.2156
1861.104	0.2239
1884.272	0.2323
1907.729	0.2410
1931.478	0.2498
1955.523	0.2588
1979.866	0.2680
2004.513	0.2774
2029.467	0.2870
2054.731	0.2968
2080.31	0.3068
2106.207	0.3172
2132.427	0.3280
2158.973	0.3392
2185.849	0.3508
2213.06	0.3629
2240.61	0.3754
2268.503	0.3885
2296.743	0.4023
2325.334	0.4167
2354.282	0.4317
2383.59	0.4473
2413.262	0.4633
2443.305	0.4798
2473.721	0.4966
2504.515	0.5138
2535.693	0.5313
2567.26	0.5492
2599.219	0.5673
2631.576	0.5855
2664.335	0.6038
2697.503	0.6222
2731.084	0.6406
2765.082	0.6590
2799.504	0.6775
2834.354	0.6961
2869.638	0.7147
2905.362	0.7333
2941.53	0.7521
2978.148	0.7710
3015.222	0.7901
3052.758	0.8093
3090.761	0.8286
3129.237	0.8482
3168.192	0.8680
3207.632	0.8881
3247.563	0.9084
3287.991	0.9290
3328.923	0.9499
3370.364	0.9711
3412.32	0.9927
3454.799	1.0146
3497.807	1.0368
3541.351	1.0593
3585.436	1.0820
3630.07	1.1051
3675.26	1.1284
3721.012	1.1520
3767.334	1.1759
3814.233	1.2000
3861.715	1.2242
3909.789	1.2487
3958.46	1.2735
4007.738	1.2987
4057.63	1.3242
4108.142	1.3500
4159.283	1.3763
4211.061	1.4029
4263.483	1.4299
4316.559	1.4572
4370.294	1.4848
4424.699	1.5128
4479.781	1.5412
4535.548	1.5698
4592.01	1.5987
4649.175	1.6276
4707.051	1.6565
4765.648	1.6852
4824.975	1.7137
4885.039	1.7418
4945.852	1.7693
5007.421	1.7961
5069.757	1.8220
5132.87	1.8471
5196.768	1.8712
5261.46	1.8943
5326.959	1.9164
5393.273	1.9374
5460.413	1.9574
5528.388	1.9764
5597.209	1.9944
5666.887	2.0114
5737.433	2.0277
5808.857	2.0430
5881.169	2.0576
5954.383	2.0714
6028.507	2.0845
6103.555	2.0971
6179.536	2.1093
6256.464	2.1210
6334.349	2.1323
6413.204	2.1433
6493.04	2.1538
6573.87	2.1638
6655.706	2.1734
6738.562	2.1824
6822.448	2.1907
6907.379	2.1985
6993.367	2.2055
7080.426	2.2117
7168.568	2.2170
7257.808	2.2214
7348.158	2.2247
7439.633	2.2268
7532.248	2.2275
7626.015	2.2269
7720.949	2.2249
7817.065	2.2217
7914.377	2.2173
8012.901	2.2117
8112.652	2.2049
8213.645	2.1970
8315.894	2.1881
8419.416	2.1782
8524.228	2.1673
8630.343	2.1556
8737.78	2.1432
8846.555	2.1302
8956.683	2.1165
9068.182	2.1021
9181.069	2.0870
9295.362	2.0711
9411.078	2.0543
9528.233	2.0364
9646.849	2.0175
9766.939	1.9974
9888.525	1.9758
10011.625	1.9526
10136.257	1.9275
10262.44	1.9004
10390.195	1.8711
10519.54	1.8395
10650.495	1.8056
10783.08	1.7696
10917.316	1.7316
11053.223	1.6918
11190.821	1.6505
11330.133	1.6075
11471.179	1.5627
11613.98	1.5163
11758.561	1.4683
11904.939	1.4188
12053.141	1.3678
12203.188	1.3155
12355.102	1.2625
12508.907	1.2090
12664.627	1.1551
12822.286	1.1009
12981.907	1.0464
13143.516	0.9914
13307.136	0.9360
13472.793	0.8801
13640.512	0.8236
13810.319	0.7665
13982.24	0.7089
14156.302	0.6509
14332.529	0.5925
14510.951	0.5335
14691.595	0.4740
14874.486	0.4139
15059.655	0.3535
15247.129	0.2927
15436.937	0.2316
15629.106	0.1703
15823.669	0.1088
16020.654	0.0470
16220.091	-0.0148
16422.01	-0.0766
16626.443	-0.1380
16833.422	-0.1990
17042.977	-0.2588
17255.141	-0.3168
17469.945	-0.3725
17687.424	-0.4258
17907.609	-0.4560
18130.537	-0.4862
18356.24	-0.5166
18584.752	-0.5472
18816.107	-0.5779
19050.346	-0.6087
19287.498	-0.6393
19527.604	-0.6699
19770.697	-0.7002
20016.816	-0.7302
