Sens Factor =-.1811dB, SERNO: 7007166
10.054	-4.9881
10.179	-4.8193
10.306	-4.6538
10.434	-4.4914
10.564	-4.3322
10.696	-4.1761
10.829	-4.0231
10.964	-3.8732
11.1	-3.7264
11.238	-3.5825
11.378	-3.4416
11.52	-3.3036
11.663	-3.1685
11.809	-3.0363
11.956	-2.9069
12.104	-2.7803
12.255	-2.6565
12.408	-2.5355
12.562	-2.4171
12.718	-2.3015
12.877	-2.1884
13.037	-2.0780
13.199	-1.9702
13.364	-1.8648
13.53	-1.7621
13.698	-1.6618
13.869	-1.5639
14.042	-1.4685
14.216	-1.3755
14.393	-1.2848
14.573	-1.1964
14.754	-1.1103
14.938	-1.0265
15.124	-0.9449
15.312	-0.8655
15.503	-0.7882
15.696	-0.7131
15.891	-0.6401
16.089	-0.5691
16.289	-0.5002
16.492	-0.4333
16.697	-0.3683
16.905	-0.3053
17.115	-0.2442
17.328	-0.1849
17.544	-0.1275
17.763	-0.0718
17.984	-0.0180
18.208	0.0341
18.434	0.0845
18.664	0.1332
18.896	0.1803
19.131	0.2257
19.369	0.2696
19.611	0.3120
19.855	0.3528
20.102	0.3921
20.352	0.4300
20.605	0.4664
20.862	0.5015
21.122	0.5353
21.385	0.5677
21.651	0.5988
21.92	0.6286
22.193	0.6573
22.47	0.6847
22.749	0.7110
23.032	0.7361
23.319	0.7602
23.609	0.7832
23.903	0.8051
24.201	0.8261
24.502	0.8461
24.807	0.8651
25.116	0.8833
25.429	0.9006
25.745	0.9170
26.066	0.9327
26.39	0.9475
26.719	0.9617
27.051	0.9751
27.388	0.9878
27.729	0.9999
28.074	1.0114
28.424	1.0223
28.778	1.0327
29.136	1.0425
29.499	1.0518
29.866	1.0607
30.238	1.0692
30.614	1.0773
30.995	1.0851
31.381	1.0925
31.772	1.0996
32.167	1.1065
32.568	1.1131
32.973	1.1196
33.383	1.1259
33.799	1.1320
34.22	1.1381
34.646	1.1441
35.077	1.1501
35.514	1.1575
35.956	1.1640
36.403	1.1698
36.857	1.1751
37.315	1.1799
37.78	1.1844
38.25	1.1888
38.726	1.1932
39.209	1.1977
39.697	1.2025
40.191	1.2077
40.691	1.2135
41.198	1.2198
41.711	1.2264
42.23	1.2331
42.756	1.2396
43.288	1.2454
43.827	1.2505
44.372	1.2548
44.925	1.2583
45.484	1.2610
46.05	1.2628
46.623	1.2639
47.204	1.2642
47.791	1.2639
48.386	1.2631
48.989	1.2621
49.599	1.2613
50.216	1.2608
50.841	1.2609
51.474	1.2618
52.115	1.2634
52.764	1.2659
53.42	1.2689
54.085	1.2724
54.759	1.2760
55.44	1.2797
56.131	1.2834
56.829	1.2869
57.537	1.2901
58.253	1.2931
58.978	1.2959
59.712	1.2984
60.456	1.3007
61.208	1.3027
61.97	1.3045
62.742	1.3059
63.523	1.3068
64.314	1.3070
65.114	1.3063
65.925	1.3043
66.745	1.3010
67.576	1.2961
68.418	1.2897
69.269	1.2820
70.132	1.2732
71.005	1.2637
71.889	1.2538
72.784	1.2438
73.69	1.2337
74.607	1.2236
75.536	1.2136
76.476	1.2036
77.428	1.1936
78.392	1.1836
79.368	1.1734
80.356	1.1630
81.356	1.1525
82.369	1.1418
83.394	1.1308
84.433	1.1195
85.484	1.1079
86.548	1.0960
87.625	1.0837
88.716	1.0712
89.82	1.0585
90.939	1.0458
92.071	1.0331
93.217	1.0202
94.377	1.0074
95.552	0.9944
96.742	0.9816
97.946	0.9688
99.165	0.9561
100.4	0.9436
101.65	0.9311
102.915	0.9186
104.196	0.9060
105.493	0.8933
106.806	0.8805
108.136	0.8677
109.482	0.8551
110.845	0.8427
112.225	0.8307
113.622	0.8189
115.037	0.8073
116.469	0.7959
117.919	0.7846
119.386	0.7735
120.873	0.7623
122.377	0.7512
123.901	0.7401
125.443	0.7289
127.005	0.7177
128.586	0.7066
130.187	0.6958
131.807	0.6855
133.448	0.6758
135.109	0.6667
136.791	0.6580
138.494	0.6498
140.218	0.6419
141.964	0.6342
143.731	0.6269
145.52	0.6200
147.332	0.6136
149.166	0.6075
151.023	0.6018
152.903	0.5963
154.806	0.5909
156.734	0.5856
158.685	0.5803
160.66	0.5750
162.66	0.5696
164.685	0.5640
166.735	0.5581
168.811	0.5517
170.912	0.5451
173.04	0.5381
175.194	0.5310
177.375	0.5238
179.583	0.5165
181.819	0.5091
184.082	0.5016
186.374	0.4939
188.694	0.4860
191.043	0.4780
193.421	0.4700
195.829	0.4621
198.267	0.4543
200.735	0.4465
203.234	0.4389
205.764	0.4312
208.325	0.4235
210.919	0.4157
213.544	0.4079
216.203	0.4000
218.894	0.3919
221.619	0.3832
224.378	0.3739
227.171	0.3640
229.999	0.3538
232.862	0.3435
235.761	0.3330
238.696	0.3225
241.668	0.3118
244.676	0.3010
247.722	0.2903
250.806	0.2796
253.928	0.2690
257.089	0.2588
260.29	0.2489
263.53	0.2393
266.81	0.2300
270.132	0.2210
273.495	0.2123
276.899	0.2041
280.346	0.1965
283.836	0.1895
287.37	0.1829
290.947	0.1768
294.569	0.1710
298.236	0.1654
301.949	0.1598
305.708	0.1540
309.513	0.1481
313.366	0.1421
317.267	0.1359
321.217	0.1296
325.216	0.1233
329.264	0.1170
333.363	0.1108
337.513	0.1049
341.715	0.0993
345.969	0.0942
350.276	0.0895
354.636	0.0852
359.051	0.0810
363.521	0.0771
368.046	0.0739
372.628	0.0712
377.266	0.0691
381.963	0.0673
386.718	0.0653
391.532	0.0629
396.406	0.0602
401.341	0.0578
406.337	0.0563
411.395	0.0559
416.517	0.0561
421.702	0.0569
426.951	0.0579
432.266	0.0590
437.648	0.0602
443.096	0.0615
448.612	0.0628
454.196	0.0641
459.851	0.0653
465.575	0.0664
471.371	0.0675
477.239	0.0686
483.18	0.0697
489.195	0.0709
495.285	0.0722
501.45	0.0736
507.693	0.0753
514.013	0.0771
520.412	0.0792
526.89	0.0814
533.449	0.0838
540.09	0.0862
546.814	0.0886
553.621	0.0910
560.513	0.0932
567.49	0.0954
574.555	0.0975
581.707	0.0996
588.949	0.1016
596.281	0.1036
603.703	0.1056
611.219	0.1075
618.828	0.1094
626.531	0.1111
634.331	0.1130
642.228	0.1154
650.222	0.1184
658.317	0.1220
666.512	0.1255
674.809	0.1278
683.21	0.1289
691.715	0.1289
700.326	0.1280
709.044	0.1262
717.871	0.1239
726.807	0.1211
735.855	0.1180
745.016	0.1147
754.29	0.1113
763.68	0.1079
773.187	0.1045
782.812	0.1012
792.557	0.0978
802.424	0.0945
812.413	0.0911
822.526	0.0876
832.766	0.0840
843.133	0.0803
853.629	0.0767
864.255	0.0731
875.014	0.0697
885.907	0.0663
896.935	0.0632
908.101	0.0602
919.406	0.0573
930.851	0.0546
942.439	0.0519
954.171	0.0492
966.049	0.0467
978.076	0.0441
990.251	0.0416
1002.579	0.0392
1015.06	0.0369
1027.696	0.0349
1040.489	0.0331
1053.442	0.0316
1066.556	0.0304
1079.833	0.0294
1093.276	0.0285
1106.886	0.0279
1120.665	0.0275
1134.616	0.0276
1148.741	0.0281
1163.041	0.0292
1177.519	0.0308
1192.178	0.0330
1207.019	0.0358
1222.045	0.0389
1237.258	0.0425
1252.66	0.0464
1268.254	0.0506
1284.042	0.0550
1300.027	0.0597
1316.211	0.0645
1332.596	0.0696
1349.185	0.0749
1365.981	0.0805
1382.985	0.0863
1400.202	0.0924
1417.633	0.0986
1435.28	0.1050
1453.148	0.1115
1471.238	0.1180
1489.553	0.1246
1508.096	0.1312
1526.87	0.1378
1545.877	0.1445
1565.121	0.1512
1584.605	0.1580
1604.332	0.1648
1624.303	0.1717
1644.524	0.1788
1664.996	0.1861
1685.723	0.1933
1706.708	0.2006
1727.955	0.2079
1749.466	0.2151
1771.244	0.2224
1793.294	0.2297
1815.618	0.2371
1838.221	0.2447
1861.104	0.2525
1884.272	0.2604
1907.729	0.2685
1931.478	0.2768
1955.523	0.2854
1979.866	0.2941
2004.513	0.3030
2029.467	0.3122
2054.731	0.3215
2080.31	0.3309
2106.207	0.3406
2132.427	0.3506
2158.973	0.3609
2185.849	0.3717
2213.06	0.3829
2240.61	0.3945
2268.503	0.4066
2296.743	0.4191
2325.334	0.4322
2354.282	0.4456
2383.59	0.4596
2413.262	0.4739
2443.305	0.4886
2473.721	0.5037
2504.515	0.5192
2535.693	0.5350
2567.26	0.5510
2599.219	0.5672
2631.576	0.5836
2664.335	0.5999
2697.503	0.6162
2731.084	0.6324
2765.082	0.6486
2799.504	0.6648
2834.354	0.6811
2869.638	0.6974
2905.362	0.7139
2941.53	0.7304
2978.148	0.7471
3015.222	0.7639
3052.758	0.7808
3090.761	0.7979
3129.237	0.8151
3168.192	0.8325
3207.632	0.8501
3247.563	0.8679
3287.991	0.8860
3328.923	0.9043
3370.364	0.9230
3412.32	0.9420
3454.799	0.9614
3497.807	0.9811
3541.351	1.0010
3585.436	1.0212
3630.07	1.0418
3675.26	1.0625
3721.012	1.0836
3767.334	1.1049
3814.233	1.1264
3861.715	1.1480
3909.789	1.1696
3958.46	1.1913
4007.738	1.2130
4057.63	1.2348
4108.142	1.2569
4159.283	1.2791
4211.061	1.3016
4263.483	1.3244
4316.559	1.3475
4370.294	1.3710
4424.699	1.3948
4479.781	1.4190
4535.548	1.4435
4592.01	1.4682
4649.175	1.4930
4707.051	1.5178
4765.648	1.5425
4824.975	1.5670
4885.039	1.5911
4945.852	1.6148
5007.421	1.6378
5069.757	1.6600
5132.87	1.6814
5196.768	1.7016
5261.46	1.7206
5326.959	1.7383
5393.273	1.7547
5460.413	1.7698
5528.388	1.7835
5597.209	1.7959
5666.887	1.8071
5737.433	1.8173
5808.857	1.8265
5881.169	1.8348
5954.383	1.8423
6028.507	1.8490
6103.555	1.8552
6179.536	1.8609
6256.464	1.8662
6334.349	1.8711
6413.204	1.8759
6493.04	1.8804
6573.87	1.8848
6655.706	1.8888
6738.562	1.8924
6822.448	1.8956
6907.379	1.8982
6993.367	1.9000
7080.426	1.9011
7168.568	1.9012
7257.808	1.9003
7348.158	1.8983
7439.633	1.8950
7532.248	1.8902
7626.015	1.8839
7720.949	1.8761
7817.065	1.8670
7914.377	1.8565
8012.901	1.8448
8112.652	1.8317
8213.645	1.8173
8315.894	1.8016
8419.416	1.7847
8524.228	1.7668
8630.343	1.7479
8737.78	1.7285
8846.555	1.7085
8956.683	1.6880
9068.182	1.6671
9181.069	1.6456
9295.362	1.6237
9411.078	1.6011
9528.233	1.5776
9646.849	1.5532
9766.939	1.5278
9888.525	1.5011
10011.625	1.4729
10136.257	1.4431
10262.44	1.4114
10390.195	1.3777
10519.54	1.3420
10650.495	1.3043
10783.08	1.2646
10917.316	1.2230
11053.223	1.1797
11190.821	1.1348
11330.133	1.0883
11471.179	1.0403
11613.98	0.9907
11758.561	0.9395
11904.939	0.8871
12053.141	0.8336
12203.188	0.7789
12355.102	0.7232
12508.907	0.6668
12664.627	0.6099
12822.286	0.5523
12981.907	0.4941
13143.516	0.4352
13307.136	0.3757
13472.793	0.3157
13640.512	0.2553
13810.319	0.1947
13982.24	0.1338
14156.302	0.0728
14332.529	0.0116
14510.951	-0.0499
14691.595	-0.1117
14874.486	-0.1738
15059.655	-0.2360
15247.129	-0.2982
15436.937	-0.3604
15629.106	-0.4225
15823.669	-0.4842
16020.654	-0.5456
16220.091	-0.6065
16422.01	-0.6667
16626.443	-0.7260
16833.422	-0.7839
17042.977	-0.8402
17255.141	-0.8939
17469.945	-0.9444
17687.424	-0.9911
17907.609	-1.0217
18130.537	-1.0523
18356.24	-1.0831
18584.752	-1.1140
18816.107	-1.1451
19050.346	-1.1762
19287.498	-1.2073
19527.604	-1.2382
19770.697	-1.2691
20016.816	-1.3000
