Sens Factor =-1.543dB, SERNO: 7007124
10.054	-6.9015
10.179	-6.7212
10.306	-6.5439
10.434	-6.3700
10.564	-6.1992
10.696	-6.0314
10.829	-5.8668
10.964	-5.7053
11.1	-5.5468
11.238	-5.3913
11.378	-5.2388
11.52	-5.0891
11.663	-4.9424
11.809	-4.7985
11.956	-4.6575
12.104	-4.5194
12.255	-4.3839
12.408	-4.2512
12.562	-4.1213
12.718	-3.9940
12.877	-3.8693
13.037	-3.7473
13.199	-3.6278
13.364	-3.5108
13.53	-3.3965
13.698	-3.2846
13.869	-3.1751
14.042	-3.0680
14.216	-2.9634
14.393	-2.8611
14.573	-2.7610
14.754	-2.6633
14.938	-2.5678
15.124	-2.4746
15.312	-2.3836
15.503	-2.2947
15.696	-2.2079
15.891	-2.1233
16.089	-2.0407
16.289	-1.9602
16.492	-1.8816
16.697	-1.8050
16.905	-1.7304
17.115	-1.6577
17.328	-1.5868
17.544	-1.5177
17.763	-1.4504
17.984	-1.3849
18.208	-1.3212
18.434	-1.2592
18.664	-1.1989
18.896	-1.1402
19.131	-1.0831
19.369	-1.0276
19.611	-0.9736
19.855	-0.9212
20.102	-0.8702
20.352	-0.8207
20.605	-0.7726
20.862	-0.7259
21.122	-0.6805
21.385	-0.6365
21.651	-0.5938
21.92	-0.5523
22.193	-0.5121
22.47	-0.4729
22.749	-0.4351
23.032	-0.3983
23.319	-0.3626
23.609	-0.3280
23.903	-0.2944
24.201	-0.2618
24.502	-0.2302
24.807	-0.1995
25.116	-0.1697
25.429	-0.1408
25.745	-0.1128
26.066	-0.0855
26.39	-0.0590
26.719	-0.0332
27.051	-0.0082
27.388	0.0162
27.729	0.0399
28.074	0.0630
28.424	0.0856
28.778	0.1075
29.136	0.1290
29.499	0.1500
29.866	0.1705
30.238	0.1906
30.614	0.2103
30.995	0.2297
31.381	0.2487
31.772	0.2675
32.167	0.2860
32.568	0.3043
32.973	0.3224
33.383	0.3403
33.799	0.3581
34.22	0.3758
34.646	0.3934
35.077	0.4110
35.514	0.4275
35.956	0.4446
36.403	0.4623
36.857	0.4804
37.315	0.4989
37.78	0.5180
38.25	0.5374
38.726	0.5571
39.209	0.5766
39.697	0.5955
40.191	0.6135
40.691	0.6304
41.198	0.6467
41.711	0.6627
42.23	0.6786
42.756	0.6947
43.288	0.7109
43.827	0.7270
44.372	0.7431
44.925	0.7590
45.484	0.7747
46.05	0.7900
46.623	0.8050
47.204	0.8196
47.791	0.8339
48.386	0.8479
48.989	0.8615
49.599	0.8746
50.216	0.8874
50.841	0.8996
51.474	0.9115
52.115	0.9229
52.764	0.9340
53.42	0.9447
54.085	0.9548
54.759	0.9641
55.44	0.9722
56.131	0.9789
56.829	0.9840
57.537	0.9879
58.253	0.9906
58.978	0.9924
59.712	0.9933
60.456	0.9935
61.208	0.9931
61.97	0.9923
62.742	0.9908
63.523	0.9888
64.314	0.9862
65.114	0.9831
65.925	0.9795
66.745	0.9756
67.576	0.9712
68.418	0.9664
69.269	0.9611
70.132	0.9553
71.005	0.9490
71.889	0.9424
72.784	0.9354
73.69	0.9282
74.607	0.9208
75.536	0.9133
76.476	0.9058
77.428	0.8982
78.392	0.8906
79.368	0.8829
80.356	0.8752
81.356	0.8675
82.369	0.8598
83.394	0.8522
84.433	0.8446
85.484	0.8370
86.548	0.8295
87.625	0.8220
88.716	0.8145
89.82	0.8072
90.939	0.7999
92.071	0.7929
93.217	0.7859
94.377	0.7791
95.552	0.7726
96.742	0.7664
97.946	0.7604
99.165	0.7546
100.4	0.7491
101.65	0.7437
102.915	0.7387
104.196	0.7340
105.493	0.7296
106.806	0.7254
108.136	0.7216
109.482	0.7181
110.845	0.7149
112.225	0.7121
113.622	0.7094
115.037	0.7070
116.469	0.7046
117.919	0.7022
119.386	0.7000
120.873	0.6978
122.377	0.6958
123.901	0.6939
125.443	0.6919
127.005	0.6900
128.586	0.6881
130.187	0.6863
131.807	0.6848
133.448	0.6836
135.109	0.6825
136.791	0.6814
138.494	0.6802
140.218	0.6789
141.964	0.6776
143.731	0.6762
145.52	0.6745
147.332	0.6726
149.166	0.6705
151.023	0.6682
152.903	0.6656
154.806	0.6626
156.734	0.6592
158.685	0.6551
160.66	0.6505
162.66	0.6454
164.685	0.6398
166.735	0.6340
168.811	0.6276
170.912	0.6205
173.04	0.6128
175.194	0.6049
177.375	0.5969
179.583	0.5882
181.819	0.5794
184.082	0.5707
186.374	0.5611
188.694	0.5509
191.043	0.5403
193.421	0.5295
195.829	0.5185
198.267	0.5073
200.735	0.4964
203.234	0.4858
205.764	0.4751
208.325	0.4645
210.919	0.4542
213.544	0.4437
216.203	0.4331
218.894	0.4225
221.619	0.4117
224.378	0.4010
227.171	0.3907
229.999	0.3801
232.862	0.3696
235.761	0.3588
238.696	0.3479
241.668	0.3374
244.676	0.3270
247.722	0.3171
250.806	0.3074
253.928	0.2982
257.089	0.2896
260.29	0.2815
263.53	0.2744
266.81	0.2679
270.132	0.2619
273.495	0.2563
276.899	0.2507
280.346	0.2454
283.836	0.2406
287.37	0.2360
290.947	0.2312
294.569	0.2262
298.236	0.2214
301.949	0.2165
305.708	0.2111
309.513	0.2060
313.366	0.2014
317.267	0.1973
321.217	0.1932
325.216	0.1894
329.264	0.1860
333.363	0.1825
337.513	0.1790
341.715	0.1758
345.969	0.1728
350.276	0.1699
354.636	0.1673
359.051	0.1647
363.521	0.1622
368.046	0.1595
372.628	0.1569
377.266	0.1539
381.963	0.1513
386.718	0.1490
391.532	0.1472
396.406	0.1459
401.341	0.1447
406.337	0.1438
411.395	0.1427
416.517	0.1416
421.702	0.1403
426.951	0.1386
432.266	0.1369
437.648	0.1345
443.096	0.1320
448.612	0.1293
454.196	0.1265
459.851	0.1238
465.575	0.1212
471.371	0.1185
477.239	0.1159
483.18	0.1137
489.195	0.1115
495.285	0.1097
501.45	0.1079
507.693	0.1064
514.013	0.1052
520.412	0.1041
526.89	0.1029
533.449	0.1022
540.09	0.1014
546.814	0.1006
553.621	0.0997
560.513	0.0987
567.49	0.0973
574.555	0.0959
581.707	0.0943
588.949	0.0926
596.281	0.0909
603.703	0.0891
611.219	0.0875
618.828	0.0859
626.531	0.0843
634.331	0.0828
642.228	0.0812
650.222	0.0795
658.317	0.0778
666.512	0.0759
674.809	0.0740
683.21	0.0720
691.715	0.0700
700.326	0.0679
709.044	0.0659
717.871	0.0637
726.807	0.0615
735.855	0.0593
745.016	0.0570
754.29	0.0547
763.68	0.0525
773.187	0.0502
782.812	0.0480
792.557	0.0458
802.424	0.0436
812.413	0.0412
822.526	0.0389
832.766	0.0364
843.133	0.0340
853.629	0.0315
864.255	0.0291
875.014	0.0268
885.907	0.0244
896.935	0.0221
908.101	0.0199
919.406	0.0177
930.851	0.0156
942.439	0.0135
954.171	0.0117
966.049	0.0100
978.076	0.0084
990.251	0.0070
1002.579	0.0057
1015.06	0.0046
1027.696	0.0037
1040.489	0.0029
1053.442	0.0024
1066.556	0.0020
1079.833	0.0017
1093.276	0.0017
1106.886	0.0018
1120.665	0.0022
1134.616	0.0027
1148.741	0.0035
1163.041	0.0045
1177.519	0.0058
1192.178	0.0073
1207.019	0.0092
1222.045	0.0112
1237.258	0.0136
1252.66	0.0162
1268.254	0.0190
1284.042	0.0220
1300.027	0.0253
1316.211	0.0288
1332.596	0.0326
1349.185	0.0368
1365.981	0.0412
1382.985	0.0460
1400.202	0.0510
1417.633	0.0562
1435.28	0.0616
1453.148	0.0672
1471.238	0.0730
1489.553	0.0790
1508.096	0.0852
1526.87	0.0916
1545.877	0.0981
1565.121	0.1048
1584.605	0.1115
1604.332	0.1184
1624.303	0.1254
1644.524	0.1326
1664.996	0.1398
1685.723	0.1472
1706.708	0.1547
1727.955	0.1623
1749.466	0.1700
1771.244	0.1778
1793.294	0.1859
1815.618	0.1942
1838.221	0.2026
1861.104	0.2112
1884.272	0.2201
1907.729	0.2292
1931.478	0.2385
1955.523	0.2481
1979.866	0.2580
2004.513	0.2682
2029.467	0.2789
2054.731	0.2900
2080.31	0.3015
2106.207	0.3135
2132.427	0.3259
2158.973	0.3387
2185.849	0.3520
2213.06	0.3658
2240.61	0.3800
2268.503	0.3947
2296.743	0.4099
2325.334	0.4255
2354.282	0.4415
2383.59	0.4580
2413.262	0.4748
2443.305	0.4921
2473.721	0.5096
2504.515	0.5275
2535.693	0.5458
2567.26	0.5643
2599.219	0.5830
2631.576	0.6020
2664.335	0.6212
2697.503	0.6407
2731.084	0.6603
2765.082	0.6801
2799.504	0.7001
2834.354	0.7202
2869.638	0.7405
2905.362	0.7610
2941.53	0.7817
2978.148	0.8025
3015.222	0.8235
3052.758	0.8447
3090.761	0.8660
3129.237	0.8876
3168.192	0.9093
3207.632	0.9313
3247.563	0.9535
3287.991	0.9759
3328.923	0.9985
3370.364	1.0212
3412.32	1.0440
3454.799	1.0671
3497.807	1.0904
3541.351	1.1139
3585.436	1.1377
3630.07	1.1617
3675.26	1.1860
3721.012	1.2107
3767.334	1.2356
3814.233	1.2609
3861.715	1.2866
3909.789	1.3127
3958.46	1.3392
4007.738	1.3661
4057.63	1.3935
4108.142	1.4214
4159.283	1.4497
4211.061	1.4785
4263.483	1.5077
4316.559	1.5374
4370.294	1.5674
4424.699	1.5978
4479.781	1.6284
4535.548	1.6593
4592.01	1.6903
4649.175	1.7215
4707.051	1.7526
4765.648	1.7837
4824.975	1.8146
4885.039	1.8453
4945.852	1.8757
5007.421	1.9056
5069.757	1.9351
5132.87	1.9640
5196.768	1.9924
5261.46	2.0202
5326.959	2.0474
5393.273	2.0740
5460.413	2.1001
5528.388	2.1257
5597.209	2.1508
5666.887	2.1755
5737.433	2.1997
5808.857	2.2235
5881.169	2.2470
5954.383	2.2702
6028.507	2.2930
6103.555	2.3155
6179.536	2.3379
6256.464	2.3600
6334.349	2.3819
6413.204	2.4036
6493.04	2.4252
6573.87	2.4466
6655.706	2.4677
6738.562	2.4885
6822.448	2.5089
6907.379	2.5288
6993.367	2.5481
7080.426	2.5666
7168.568	2.5844
7257.808	2.6013
7348.158	2.6173
7439.633	2.6324
7532.248	2.6466
7626.015	2.6598
7720.949	2.6720
7817.065	2.6833
7914.377	2.6936
8012.901	2.7030
8112.652	2.7116
8213.645	2.7192
8315.894	2.7261
8419.416	2.7321
8524.228	2.7373
8630.343	2.7417
8737.78	2.7452
8846.555	2.7477
8956.683	2.7492
9068.182	2.7496
9181.069	2.7487
9295.362	2.7465
9411.078	2.7428
9528.233	2.7376
9646.849	2.7306
9766.939	2.7218
9888.525	2.7111
10011.625	2.6983
10136.257	2.6834
10262.44	2.6662
10390.195	2.6468
10519.54	2.6249
10650.495	2.6003
10783.08	2.5730
10917.316	2.5432
11053.223	2.5109
11190.821	2.4762
11330.133	2.4392
11471.179	2.4000
11613.98	2.3587
11758.561	2.3153
11904.939	2.2699
12053.141	2.2226
12203.188	2.1736
12355.102	2.1231
12508.907	2.0712
12664.627	2.0181
12822.286	1.9638
12981.907	1.9084
13143.516	1.8517
13307.136	1.7940
13472.793	1.7352
13640.512	1.6753
13810.319	1.6145
13982.24	1.5527
14156.302	1.4899
14332.529	1.4263
14510.951	1.3617
14691.595	1.2963
14874.486	1.2304
15059.655	1.1640
15247.129	1.0975
15436.937	1.0307
15629.106	0.9640
15823.669	0.8976
16020.654	0.8314
16220.091	0.7655
16422.01	0.7000
16626.443	0.6350
16833.422	0.5706
17042.977	0.5069
17255.141	0.4441
17469.945	0.3824
17687.424	0.3223
17907.609	0.2883
18130.537	0.2544
18356.24	0.2205
18584.752	0.1866
18816.107	0.1528
19050.346	0.1190
19287.498	0.0855
19527.604	0.0522
19770.697	0.0193
20016.816	-0.0132
