Sens Factor =-.9685dB, SERNO: 7007148
10.054	-5.1486
10.179	-4.9788
10.306	-4.8122
10.434	-4.6488
10.564	-4.4885
10.696	-4.3314
10.829	-4.1774
10.964	-4.0264
11.1	-3.8785
11.238	-3.7336
11.378	-3.5916
11.52	-3.4526
11.663	-3.3165
11.809	-3.1832
11.956	-3.0528
12.104	-2.9252
12.255	-2.8003
12.408	-2.6782
12.562	-2.5588
12.718	-2.4421
12.877	-2.3280
13.037	-2.2166
13.199	-2.1077
13.364	-2.0013
13.53	-1.8975
13.698	-1.7962
13.869	-1.6973
14.042	-1.6008
14.216	-1.5067
14.393	-1.4150
14.573	-1.3256
14.754	-1.2385
14.938	-1.1536
15.124	-1.0709
15.312	-0.9905
15.503	-0.9122
15.696	-0.8360
15.891	-0.7620
16.089	-0.6900
16.289	-0.6200
16.492	-0.5520
16.697	-0.4860
16.905	-0.4219
17.115	-0.3598
17.328	-0.2995
17.544	-0.2410
17.763	-0.1843
17.984	-0.1294
18.208	-0.0763
18.434	-0.0249
18.664	0.0249
18.896	0.0730
19.131	0.1195
19.369	0.1644
19.611	0.2078
19.855	0.2497
20.102	0.2901
20.352	0.3290
20.605	0.3665
20.862	0.4026
21.122	0.4374
21.385	0.4708
21.651	0.5030
21.92	0.5339
22.193	0.5636
22.47	0.5921
22.749	0.6194
23.032	0.6456
23.319	0.6707
23.609	0.6947
23.903	0.7177
24.201	0.7397
24.502	0.7607
24.807	0.7808
25.116	0.8001
25.429	0.8184
25.745	0.8359
26.066	0.8526
26.39	0.8685
26.719	0.8836
27.051	0.8981
27.388	0.9119
27.729	0.9250
28.074	0.9375
28.424	0.9495
28.778	0.9609
29.136	0.9718
29.499	0.9822
29.866	0.9921
30.238	1.0016
30.614	1.0108
30.995	1.0196
31.381	1.0280
31.772	1.0362
32.167	1.0441
32.568	1.0518
32.973	1.0593
33.383	1.0666
33.799	1.0738
34.22	1.0810
34.646	1.0880
35.077	1.0950
35.514	1.1037
35.956	1.1116
36.403	1.1186
36.857	1.1248
37.315	1.1301
37.78	1.1342
38.25	1.1369
38.726	1.1380
39.209	1.1372
39.697	1.1342
40.191	1.1289
40.691	1.1216
41.198	1.1125
41.711	1.1022
42.23	1.0916
42.756	1.0814
43.288	1.0719
43.827	1.0631
44.372	1.0548
44.925	1.0467
45.484	1.0385
46.05	1.0300
46.623	1.0213
47.204	1.0126
47.791	1.0042
48.386	0.9963
48.989	0.9894
49.599	0.9833
50.216	0.9780
50.841	0.9735
51.474	0.9693
52.115	0.9654
52.764	0.9614
53.42	0.9572
54.085	0.9528
54.759	0.9485
55.44	0.9448
56.131	0.9420
56.829	0.9404
57.537	0.9403
58.253	0.9414
58.978	0.9436
59.712	0.9466
60.456	0.9500
61.208	0.9537
61.97	0.9575
62.742	0.9615
63.523	0.9660
64.314	0.9713
65.114	0.9777
65.925	0.9855
66.745	0.9949
67.576	1.0058
68.418	1.0178
69.269	1.0305
70.132	1.0429
71.005	1.0543
71.889	1.0644
72.784	1.0730
73.69	1.0804
74.607	1.0869
75.536	1.0932
76.476	1.0996
77.428	1.1061
78.392	1.1126
79.368	1.1190
80.356	1.1247
81.356	1.1293
82.369	1.1326
83.394	1.1344
84.433	1.1346
85.484	1.1334
86.548	1.1309
87.625	1.1273
88.716	1.1228
89.82	1.1176
90.939	1.1118
92.071	1.1056
93.217	1.0989
94.377	1.0918
95.552	1.0843
96.742	1.0765
97.946	1.0684
99.165	1.0603
100.4	1.0522
101.65	1.0444
102.915	1.0369
104.196	1.0297
105.493	1.0227
106.806	1.0158
108.136	1.0089
109.482	1.0021
110.845	0.9952
112.225	0.9882
113.622	0.9812
115.037	0.9741
116.469	0.9670
117.919	0.9599
119.386	0.9530
120.873	0.9461
122.377	0.9393
123.901	0.9327
125.443	0.9261
127.005	0.9195
128.586	0.9131
130.187	0.9068
131.807	0.9007
133.448	0.8950
135.109	0.8895
136.791	0.8844
138.494	0.8795
140.218	0.8750
141.964	0.8708
143.731	0.8669
145.52	0.8631
147.332	0.8594
149.166	0.8557
151.023	0.8520
152.903	0.8483
154.806	0.8447
156.734	0.8412
158.685	0.8378
160.66	0.8344
162.66	0.8311
164.685	0.8274
166.735	0.8235
168.811	0.8191
170.912	0.8142
173.04	0.8091
175.194	0.8037
177.375	0.7982
179.583	0.7926
181.819	0.7871
184.082	0.7816
186.374	0.7762
188.694	0.7707
191.043	0.7652
193.421	0.7597
195.829	0.7544
198.267	0.7492
200.735	0.7445
203.234	0.7403
205.764	0.7368
208.325	0.7340
210.919	0.7316
213.544	0.7295
216.203	0.7277
218.894	0.7260
221.619	0.7242
224.378	0.7222
227.171	0.7199
229.999	0.7172
232.862	0.7139
235.761	0.7099
238.696	0.7051
241.668	0.6994
244.676	0.6928
247.722	0.6852
250.806	0.6764
253.928	0.6666
257.089	0.6557
260.29	0.6438
263.53	0.6312
266.81	0.6181
270.132	0.6047
273.495	0.5915
276.899	0.5786
280.346	0.5662
283.836	0.5543
287.37	0.5431
290.947	0.5325
294.569	0.5224
298.236	0.5127
301.949	0.5033
305.708	0.4941
309.513	0.4850
313.366	0.4759
317.267	0.4669
321.217	0.4580
325.216	0.4490
329.264	0.4402
333.363	0.4315
337.513	0.4229
341.715	0.4144
345.969	0.4061
350.276	0.3979
354.636	0.3896
359.051	0.3807
363.521	0.3710
368.046	0.3601
372.628	0.3480
377.266	0.3355
381.963	0.3231
386.718	0.3117
391.532	0.3017
396.406	0.2935
401.341	0.2864
406.337	0.2793
411.395	0.2725
416.517	0.2661
421.702	0.2605
426.951	0.2557
432.266	0.2518
437.648	0.2486
443.096	0.2461
448.612	0.2441
454.196	0.2423
459.851	0.2407
465.575	0.2391
471.371	0.2374
477.239	0.2355
483.18	0.2332
489.195	0.2307
495.285	0.2279
501.45	0.2249
507.693	0.2219
514.013	0.2188
520.412	0.2159
526.89	0.2132
533.449	0.2108
540.09	0.2085
546.814	0.2063
553.621	0.2039
560.513	0.2012
567.49	0.1980
574.555	0.1943
581.707	0.1903
588.949	0.1862
596.281	0.1825
603.703	0.1796
611.219	0.1780
618.828	0.1777
626.531	0.1785
634.331	0.1797
642.228	0.1807
650.222	0.1811
658.317	0.1807
666.512	0.1799
674.809	0.1798
683.21	0.1801
691.715	0.1804
700.326	0.1804
709.044	0.1798
717.871	0.1785
726.807	0.1766
735.855	0.1741
745.016	0.1713
754.29	0.1681
763.68	0.1647
773.187	0.1610
782.812	0.1572
792.557	0.1531
802.424	0.1489
812.413	0.1446
822.526	0.1400
832.766	0.1352
843.133	0.1303
853.629	0.1253
864.255	0.1203
875.014	0.1151
885.907	0.1099
896.935	0.1046
908.101	0.0992
919.406	0.0937
930.851	0.0881
942.439	0.0824
954.171	0.0767
966.049	0.0709
978.076	0.0653
990.251	0.0599
1002.579	0.0548
1015.06	0.0498
1027.696	0.0450
1040.489	0.0404
1053.442	0.0361
1066.556	0.0319
1079.833	0.0280
1093.276	0.0244
1106.886	0.0213
1120.665	0.0187
1134.616	0.0168
1148.741	0.0158
1163.041	0.0158
1177.519	0.0167
1192.178	0.0185
1207.019	0.0210
1222.045	0.0241
1237.258	0.0277
1252.66	0.0317
1268.254	0.0360
1284.042	0.0407
1300.027	0.0457
1316.211	0.0510
1332.596	0.0567
1349.185	0.0627
1365.981	0.0690
1382.985	0.0757
1400.202	0.0826
1417.633	0.0898
1435.28	0.0970
1453.148	0.1044
1471.238	0.1117
1489.553	0.1190
1508.096	0.1263
1526.87	0.1336
1545.877	0.1409
1565.121	0.1484
1584.605	0.1560
1604.332	0.1640
1624.303	0.1720
1644.524	0.1801
1664.996	0.1883
1685.723	0.1966
1706.708	0.2049
1727.955	0.2132
1749.466	0.2215
1771.244	0.2299
1793.294	0.2384
1815.618	0.2470
1838.221	0.2557
1861.104	0.2645
1884.272	0.2736
1907.729	0.2829
1931.478	0.2924
1955.523	0.3022
1979.866	0.3122
2004.513	0.3224
2029.467	0.3328
2054.731	0.3435
2080.31	0.3542
2106.207	0.3653
2132.427	0.3766
2158.973	0.3885
2185.849	0.4008
2213.06	0.4137
2240.61	0.4271
2268.503	0.4411
2296.743	0.4557
2325.334	0.4709
2354.282	0.4868
2383.59	0.5035
2413.262	0.5209
2443.305	0.5390
2473.721	0.5577
2504.515	0.5771
2535.693	0.5970
2567.26	0.6173
2599.219	0.6380
2631.576	0.6590
2664.335	0.6800
2697.503	0.7011
2731.084	0.7224
2765.082	0.7439
2799.504	0.7655
2834.354	0.7874
2869.638	0.8095
2905.362	0.8319
2941.53	0.8544
2978.148	0.8772
3015.222	0.9002
3052.758	0.9233
3090.761	0.9466
3129.237	0.9702
3168.192	0.9939
3207.632	1.0178
3247.563	1.0420
3287.991	1.0665
3328.923	1.0912
3370.364	1.1164
3412.32	1.1422
3454.799	1.1686
3497.807	1.1956
3541.351	1.2231
3585.436	1.2511
3630.07	1.2795
3675.26	1.3084
3721.012	1.3376
3767.334	1.3673
3814.233	1.3975
3861.715	1.4284
3909.789	1.4598
3958.46	1.4917
4007.738	1.5243
4057.63	1.5577
4108.142	1.5918
4159.283	1.6267
4211.061	1.6623
4263.483	1.6985
4316.559	1.7354
4370.294	1.7728
4424.699	1.8108
4479.781	1.8493
4535.548	1.8882
4592.01	1.9273
4649.175	1.9666
4707.051	2.0059
4765.648	2.0453
4824.975	2.0846
4885.039	2.1238
4945.852	2.1628
5007.421	2.2018
5069.757	2.2405
5132.87	2.2789
5196.768	2.3171
5261.46	2.3550
5326.959	2.3926
5393.273	2.4299
5460.413	2.4668
5528.388	2.5035
5597.209	2.5398
5666.887	2.5758
5737.433	2.6114
5808.857	2.6468
5881.169	2.6820
5954.383	2.7169
6028.507	2.7516
6103.555	2.7862
6179.536	2.8205
6256.464	2.8547
6334.349	2.8886
6413.204	2.9220
6493.04	2.9551
6573.87	2.9877
6655.706	3.0198
6738.562	3.0513
6822.448	3.0824
6907.379	3.1130
6993.367	3.1432
7080.426	3.1726
7168.568	3.2012
7257.808	3.2289
7348.158	3.2556
7439.633	3.2813
7532.248	3.3058
7626.015	3.3287
7720.949	3.3499
7817.065	3.3692
7914.377	3.3863
8012.901	3.4010
8112.652	3.4134
8213.645	3.4236
8315.894	3.4316
8419.416	3.4370
8524.228	3.4398
8630.343	3.4397
8737.78	3.4371
8846.555	3.4321
8956.683	3.4249
9068.182	3.4155
9181.069	3.4040
9295.362	3.3904
9411.078	3.3747
9528.233	3.3570
9646.849	3.3369
9766.939	3.3145
9888.525	3.2895
10011.625	3.2620
10136.257	3.2317
10262.44	3.1985
10390.195	3.1624
10519.54	3.1232
10650.495	3.0809
10783.08	3.0355
10917.316	2.9870
11053.223	2.9354
11190.821	2.8808
11330.133	2.8231
11471.179	2.7620
11613.98	2.6976
11758.561	2.6298
11904.939	2.5586
12053.141	2.4843
12203.188	2.4072
12355.102	2.3279
12508.907	2.2471
12664.627	2.1655
12822.286	2.0832
12981.907	2.0006
13143.516	1.9178
13307.136	1.8351
13472.793	1.7523
13640.512	1.6694
13810.319	1.5865
13982.24	1.5040
14156.302	1.4221
14332.529	1.3409
14510.951	1.2603
14691.595	1.1799
14874.486	1.0997
15059.655	1.0198
15247.129	0.9400
15436.937	0.8605
15629.106	0.7810
15823.669	0.7019
16020.654	0.6229
16220.091	0.5445
16422.01	0.4670
16626.443	0.3907
16833.422	0.3158
17042.977	0.2426
17255.141	0.1715
17469.945	0.1028
17687.424	0.0370
17907.609	-0.0042
18130.537	-0.0454
18356.24	-0.0866
18584.752	-0.1278
18816.107	-0.1687
19050.346	-0.2092
19287.498	-0.2489
19527.604	-0.2875
19770.697	-0.3244
20016.816	-0.3598
