Sens Factor =-.3752dB, SERNO: 7009182
10.054	-6.0875
10.179	-5.9130
10.306	-5.7417
10.434	-5.5736
10.564	-5.4086
10.696	-5.2467
10.829	-5.0880
10.964	-4.9323
11.1	-4.7797
11.238	-4.6301
11.378	-4.4834
11.52	-4.3396
11.663	-4.1988
11.809	-4.0608
11.956	-3.9256
12.104	-3.7934
12.255	-3.6638
12.408	-3.5369
12.562	-3.4129
12.718	-3.2915
12.877	-3.1726
13.037	-3.0565
13.199	-2.9429
13.364	-2.8318
13.53	-2.7233
13.698	-2.6172
13.869	-2.5136
14.042	-2.4124
14.216	-2.3136
14.393	-2.2172
14.573	-2.1230
14.754	-2.0312
14.938	-1.9416
15.124	-1.8542
15.312	-1.7691
15.503	-1.6860
15.696	-1.6052
15.891	-1.5264
16.089	-1.4497
16.289	-1.3750
16.492	-1.3023
16.697	-1.2316
16.905	-1.1628
17.115	-1.0959
17.328	-1.0309
17.544	-0.9677
17.763	-0.9063
17.984	-0.8467
18.208	-0.7889
18.434	-0.7327
18.664	-0.6782
18.896	-0.6254
19.131	-0.5742
19.369	-0.5246
19.611	-0.4764
19.855	-0.4299
20.102	-0.3848
20.352	-0.3412
20.605	-0.2989
20.862	-0.2581
21.122	-0.2186
21.385	-0.1804
21.651	-0.1436
21.92	-0.1080
22.193	-0.0736
22.47	-0.0403
22.749	-0.0083
23.032	0.0226
23.319	0.0524
23.609	0.0811
23.903	0.1089
24.201	0.1356
24.502	0.1613
24.807	0.1862
25.116	0.2101
25.429	0.2331
25.745	0.2553
26.066	0.2767
26.39	0.2974
26.719	0.3173
27.051	0.3364
27.388	0.3549
27.729	0.3728
28.074	0.3900
28.424	0.4067
28.778	0.4228
29.136	0.4384
29.499	0.4535
29.866	0.4682
30.238	0.4824
30.614	0.4963
30.995	0.5098
31.381	0.5229
31.772	0.5358
32.167	0.5485
32.568	0.5609
32.973	0.5731
33.383	0.5851
33.799	0.5970
34.22	0.6089
34.646	0.6206
35.077	0.6324
35.514	0.6436
35.956	0.6550
36.403	0.6666
36.857	0.6786
37.315	0.6910
37.78	0.7039
38.25	0.7173
38.726	0.7311
39.209	0.7450
39.697	0.7589
40.191	0.7725
40.691	0.7855
41.198	0.7977
41.711	0.8090
42.23	0.8193
42.756	0.8286
43.288	0.8368
43.827	0.8440
44.372	0.8502
44.925	0.8555
45.484	0.8598
46.05	0.8632
46.623	0.8657
47.204	0.8674
47.791	0.8683
48.386	0.8685
48.989	0.8678
49.599	0.8665
50.216	0.8644
50.841	0.8616
51.474	0.8582
52.115	0.8541
52.764	0.8494
53.42	0.8439
54.085	0.8376
54.759	0.8306
55.44	0.8229
56.131	0.8145
56.829	0.8054
57.537	0.7957
58.253	0.7854
58.978	0.7745
59.712	0.7629
60.456	0.7507
61.208	0.7379
61.97	0.7244
62.742	0.7103
63.523	0.6956
64.314	0.6806
65.114	0.6653
65.925	0.6499
66.745	0.6345
67.576	0.6192
68.418	0.6043
69.269	0.5897
70.132	0.5755
71.005	0.5616
71.889	0.5481
72.784	0.5347
73.69	0.5216
74.607	0.5086
75.536	0.4956
76.476	0.4828
77.428	0.4700
78.392	0.4572
79.368	0.4446
80.356	0.4321
81.356	0.4198
82.369	0.4078
83.394	0.3962
84.433	0.3851
85.484	0.3745
86.548	0.3645
87.625	0.3551
88.716	0.3462
89.82	0.3379
90.939	0.3301
92.071	0.3227
93.217	0.3158
94.377	0.3092
95.552	0.3031
96.742	0.2974
97.946	0.2922
99.165	0.2874
100.4	0.2831
101.65	0.2793
102.915	0.2760
104.196	0.2732
105.493	0.2708
106.806	0.2689
108.136	0.2675
109.482	0.2664
110.845	0.2658
112.225	0.2657
113.622	0.2659
115.037	0.2666
116.469	0.2676
117.919	0.2689
119.386	0.2705
120.873	0.2725
122.377	0.2748
123.901	0.2774
125.443	0.2803
127.005	0.2834
128.586	0.2868
130.187	0.2904
131.807	0.2940
133.448	0.2977
135.109	0.3015
136.791	0.3051
138.494	0.3085
140.218	0.3115
141.964	0.3141
143.731	0.3164
145.52	0.3183
147.332	0.3199
149.166	0.3211
151.023	0.3220
152.903	0.3225
154.806	0.3226
156.734	0.3222
158.685	0.3215
160.66	0.3202
162.66	0.3185
164.685	0.3162
166.735	0.3134
168.811	0.3101
170.912	0.3063
173.04	0.3020
175.194	0.2973
177.375	0.2922
179.583	0.2869
181.819	0.2813
184.082	0.2754
186.374	0.2690
188.694	0.2622
191.043	0.2552
193.421	0.2479
195.829	0.2407
198.267	0.2335
200.735	0.2265
203.234	0.2196
205.764	0.2126
208.325	0.2058
210.919	0.1992
213.544	0.1927
216.203	0.1866
218.894	0.1807
221.619	0.1752
224.378	0.1697
227.171	0.1643
229.999	0.1588
232.862	0.1534
235.761	0.1483
238.696	0.1434
241.668	0.1385
244.676	0.1337
247.722	0.1289
250.806	0.1242
253.928	0.1197
257.089	0.1153
260.29	0.1110
263.53	0.1066
266.81	0.1024
270.132	0.0982
273.495	0.0941
276.899	0.0900
280.346	0.0859
283.836	0.0818
287.37	0.0777
290.947	0.0737
294.569	0.0697
298.236	0.0655
301.949	0.0611
305.708	0.0566
309.513	0.0522
313.366	0.0479
317.267	0.0436
321.217	0.0393
325.216	0.0350
329.264	0.0308
333.363	0.0266
337.513	0.0231
341.715	0.0202
345.969	0.0181
350.276	0.0164
354.636	0.0152
359.051	0.0143
363.521	0.0135
368.046	0.0127
372.628	0.0119
377.266	0.0112
381.963	0.0107
386.718	0.0103
391.532	0.0099
396.406	0.0096
401.341	0.0093
406.337	0.0090
411.395	0.0088
416.517	0.0086
421.702	0.0083
426.951	0.0082
432.266	0.0083
437.648	0.0088
443.096	0.0095
448.612	0.0103
454.196	0.0115
459.851	0.0129
465.575	0.0146
471.371	0.0165
477.239	0.0186
483.18	0.0209
489.195	0.0233
495.285	0.0260
501.45	0.0290
507.693	0.0322
514.013	0.0358
520.412	0.0396
526.89	0.0437
533.449	0.0480
540.09	0.0524
546.814	0.0566
553.621	0.0606
560.513	0.0640
567.49	0.0668
574.555	0.0688
581.707	0.0702
588.949	0.0710
596.281	0.0713
603.703	0.0713
611.219	0.0712
618.828	0.0711
626.531	0.0710
634.331	0.0708
642.228	0.0706
650.222	0.0702
658.317	0.0697
666.512	0.0691
674.809	0.0684
683.21	0.0676
691.715	0.0668
700.326	0.0659
709.044	0.0649
717.871	0.0638
726.807	0.0625
735.855	0.0610
745.016	0.0593
754.29	0.0576
763.68	0.0558
773.187	0.0540
782.812	0.0522
792.557	0.0503
802.424	0.0484
812.413	0.0464
822.526	0.0443
832.766	0.0420
843.133	0.0397
853.629	0.0373
864.255	0.0349
875.014	0.0325
885.907	0.0300
896.935	0.0275
908.101	0.0250
919.406	0.0224
930.851	0.0199
942.439	0.0173
954.171	0.0149
966.049	0.0124
978.076	0.0100
990.251	0.0076
1002.579	0.0051
1015.06	0.0025
1027.696	0.0001
1040.489	-0.0023
1053.442	-0.0046
1066.556	-0.0068
1079.833	-0.0088
1093.276	-0.0107
1106.886	-0.0124
1120.665	-0.0139
1134.616	-0.0152
1148.741	-0.0162
1163.041	-0.0170
1177.519	-0.0177
1192.178	-0.0180
1207.019	-0.0181
1222.045	-0.0178
1237.258	-0.0173
1252.66	-0.0166
1268.254	-0.0156
1284.042	-0.0144
1300.027	-0.0130
1316.211	-0.0114
1332.596	-0.0095
1349.185	-0.0074
1365.981	-0.0049
1382.985	-0.0020
1400.202	0.0012
1417.633	0.0046
1435.28	0.0083
1453.148	0.0122
1471.238	0.0163
1489.553	0.0207
1508.096	0.0254
1526.87	0.0303
1545.877	0.0355
1565.121	0.0409
1584.605	0.0465
1604.332	0.0524
1624.303	0.0585
1644.524	0.0649
1664.996	0.0716
1685.723	0.0785
1706.708	0.0857
1727.955	0.0931
1749.466	0.1007
1771.244	0.1084
1793.294	0.1163
1815.618	0.1244
1838.221	0.1327
1861.104	0.1411
1884.272	0.1497
1907.729	0.1585
1931.478	0.1675
1955.523	0.1768
1979.866	0.1862
2004.513	0.1958
2029.467	0.2055
2054.731	0.2155
2080.31	0.2258
2106.207	0.2363
2132.427	0.2471
2158.973	0.2581
2185.849	0.2694
2213.06	0.2809
2240.61	0.2924
2268.503	0.3041
2296.743	0.3157
2325.334	0.3272
2354.282	0.3387
2383.59	0.3504
2413.262	0.3623
2443.305	0.3744
2473.721	0.3868
2504.515	0.3994
2535.693	0.4122
2567.26	0.4251
2599.219	0.4382
2631.576	0.4515
2664.335	0.4649
2697.503	0.4784
2731.084	0.4922
2765.082	0.5061
2799.504	0.5202
2834.354	0.5344
2869.638	0.5487
2905.362	0.5633
2941.53	0.5780
2978.148	0.5929
3015.222	0.6080
3052.758	0.6233
3090.761	0.6387
3129.237	0.6544
3168.192	0.6703
3207.632	0.6864
3247.563	0.7027
3287.991	0.7193
3328.923	0.7362
3370.364	0.7534
3412.32	0.7707
3454.799	0.7883
3497.807	0.8061
3541.351	0.8242
3585.436	0.8426
3630.07	0.8615
3675.26	0.8808
3721.012	0.9006
3767.334	0.9210
3814.233	0.9421
3861.715	0.9641
3909.789	0.9868
3958.46	1.0100
4007.738	1.0338
4057.63	1.0582
4108.142	1.0830
4159.283	1.1083
4211.061	1.1340
4263.483	1.1602
4316.559	1.1869
4370.294	1.2139
4424.699	1.2412
4479.781	1.2686
4535.548	1.2963
4592.01	1.3239
4649.175	1.3515
4707.051	1.3790
4765.648	1.4062
4824.975	1.4330
4885.039	1.4592
4945.852	1.4847
5007.421	1.5095
5069.757	1.5335
5132.87	1.5567
5196.768	1.5790
5261.46	1.6005
5326.959	1.6213
5393.273	1.6412
5460.413	1.6603
5528.388	1.6788
5597.209	1.6967
5666.887	1.7140
5737.433	1.7309
5808.857	1.7473
5881.169	1.7633
5954.383	1.7789
6028.507	1.7942
6103.555	1.8092
6179.536	1.8240
6256.464	1.8386
6334.349	1.8531
6413.204	1.8675
6493.04	1.8817
6573.87	1.8957
6655.706	1.9094
6738.562	1.9229
6822.448	1.9360
6907.379	1.9486
6993.367	1.9605
7080.426	1.9717
7168.568	1.9819
7257.808	1.9912
7348.158	1.9995
7439.633	2.0070
7532.248	2.0135
7626.015	2.0191
7720.949	2.0238
7817.065	2.0275
7914.377	2.0302
8012.901	2.0323
8112.652	2.0337
8213.645	2.0346
8315.894	2.0349
8419.416	2.0347
8524.228	2.0340
8630.343	2.0327
8737.78	2.0308
8846.555	2.0283
8956.683	2.0251
9068.182	2.0211
9181.069	2.0162
9295.362	2.0103
9411.078	2.0032
9528.233	1.9949
9646.849	1.9852
9766.939	1.9740
9888.525	1.9612
10011.625	1.9468
10136.257	1.9307
10262.44	1.9126
10390.195	1.8926
10519.54	1.8706
10650.495	1.8464
10783.08	1.8201
10917.316	1.7915
11053.223	1.7608
11190.821	1.7281
11330.133	1.6936
11471.179	1.6573
11613.98	1.6195
11758.561	1.5803
11904.939	1.5401
12053.141	1.4988
12203.188	1.4566
12355.102	1.4133
12508.907	1.3692
12664.627	1.3243
12822.286	1.2787
12981.907	1.2325
13143.516	1.1857
13307.136	1.1383
13472.793	1.0899
13640.512	1.0408
13810.319	0.9907
13982.24	0.9399
14156.302	0.8884
14332.529	0.8363
14510.951	0.7836
14691.595	0.7305
14874.486	0.6770
15059.655	0.6231
15247.129	0.5692
15436.937	0.5152
15629.106	0.4610
15823.669	0.4071
16020.654	0.3535
16220.091	0.3004
16422.01	0.2476
16626.443	0.1955
16833.422	0.1439
17042.977	0.0930
17255.141	0.0428
17469.945	-0.0065
17687.424	-0.0544
17907.609	-0.0814
18130.537	-0.1082
18356.24	-0.1350
18584.752	-0.1617
18816.107	-0.1885
19050.346	-0.2152
19287.498	-0.2418
19527.604	-0.2684
19770.697	-0.2951
20016.816	-0.3219
