Sens Factor =-1.144dB, SERNO: 7009130
"Auto-generated 90-degree calibration file"
10.054	-6.1714
10.179	-5.9983
10.306	-5.8284
10.434	-5.6617
10.564	-5.4982
10.696	-5.3377
10.829	-5.1804
10.964	-5.0262
11.100	-4.8750
11.238	-4.7268
11.378	-4.5815
11.520	-4.4391
11.663	-4.2998
11.809	-4.1631
11.956	-4.0294
12.104	-3.8986
12.255	-3.7704
12.408	-3.6450
12.562	-3.5223
12.718	-3.4023
12.877	-3.2849
13.037	-3.1702
13.199	-3.0580
13.364	-2.9483
13.530	-2.8413
13.698	-2.7366
13.869	-2.6344
14.042	-2.5346
14.216	-2.4373
14.393	-2.3423
14.573	-2.2495
14.754	-2.1591
14.938	-2.0709
15.124	-1.9850
15.312	-1.9013
15.503	-1.8197
15.696	-1.7402
15.891	-1.6629
16.089	-1.5876
16.289	-1.5143
16.492	-1.4430
16.697	-1.3737
16.905	-1.3064
17.115	-1.2409
17.328	-1.1773
17.544	-1.1155
17.763	-1.0556
17.984	-0.9974
18.208	-0.9409
18.434	-0.8862
18.664	-0.8332
18.896	-0.7818
19.131	-0.7320
19.369	-0.6838
19.611	-0.6371
19.855	-0.5919
20.102	-0.5482
20.352	-0.5060
20.605	-0.4652
20.862	-0.4258
21.122	-0.3877
21.385	-0.3510
21.651	-0.3155
21.920	-0.2814
22.193	-0.2484
22.470	-0.2166
22.749	-0.1860
23.032	-0.1565
23.319	-0.1281
23.609	-0.1008
23.903	-0.0745
24.201	-0.0492
24.502	-0.0248
24.807	-0.0014
25.116	0.0211
25.429	0.0427
25.745	0.0635
26.066	0.0835
26.390	0.1026
26.719	0.1211
27.051	0.1389
27.388	0.1559
27.729	0.1724
28.074	0.1882
28.424	0.2034
28.778	0.2181
29.136	0.2323
29.499	0.2460
29.866	0.2592
30.238	0.2721
30.614	0.2845
30.995	0.2966
31.381	0.3083
31.772	0.3198
32.167	0.3310
32.568	0.3420
32.973	0.3528
33.383	0.3634
33.799	0.3739
34.220	0.3843
34.646	0.3947
35.077	0.4050
35.514	0.4174
35.956	0.4288
36.403	0.4391
36.857	0.4484
37.315	0.4565
37.780	0.4634
38.250	0.4689
38.726	0.4729
39.209	0.4750
39.697	0.4752
40.191	0.4735
40.691	0.4699
41.198	0.4647
41.711	0.4582
42.230	0.4507
42.756	0.4426
43.288	0.4341
43.827	0.4259
44.372	0.4182
44.925	0.4114
45.484	0.4057
46.050	0.4012
46.623	0.3980
47.204	0.3960
47.791	0.3952
48.386	0.3953
48.989	0.3962
49.599	0.3978
50.216	0.4002
50.841	0.4032
51.474	0.4068
52.115	0.4109
52.764	0.4155
53.420	0.4205
54.085	0.4258
54.759	0.4314
55.440	0.4371
56.131	0.4429
56.829	0.4488
57.537	0.4545
58.253	0.4602
58.978	0.4657
59.712	0.4712
60.456	0.4767
61.208	0.4823
61.970	0.4881
62.742	0.4943
63.523	0.5010
64.314	0.5083
65.114	0.5164
65.925	0.5255
66.745	0.5356
67.576	0.5467
68.418	0.5585
69.269	0.5711
70.132	0.5840
71.005	0.5971
71.889	0.6100
72.784	0.6226
73.690	0.6345
74.607	0.6458
75.536	0.6562
76.476	0.6659
77.428	0.6749
78.392	0.6834
79.368	0.6915
80.356	0.6993
81.356	0.7070
82.369	0.7148
83.394	0.7226
84.433	0.7303
85.484	0.7379
86.548	0.7453
87.625	0.7522
88.716	0.7585
89.820	0.7641
90.939	0.7687
92.071	0.7722
93.217	0.7745
94.377	0.7756
95.552	0.7755
96.742	0.7744
97.946	0.7724
99.165	0.7696
100.400	0.7664
101.650	0.7626
102.915	0.7586
104.196	0.7542
105.493	0.7494
106.806	0.7442
108.136	0.7386
109.482	0.7325
110.845	0.7260
112.225	0.7190
113.622	0.7116
115.037	0.7040
116.469	0.6962
117.919	0.6882
119.386	0.6801
120.873	0.6719
122.377	0.6637
123.901	0.6553
125.443	0.6468
127.005	0.6379
128.586	0.6288
130.187	0.6192
131.807	0.6090
133.448	0.5983
135.109	0.5869
136.791	0.5750
138.494	0.5625
140.218	0.5498
141.964	0.5368
143.731	0.5237
145.520	0.5106
147.332	0.4978
149.166	0.4852
151.023	0.4731
152.903	0.4615
154.806	0.4506
156.734	0.4404
158.685	0.4310
160.660	0.4223
162.660	0.4142
164.685	0.4066
166.735	0.3992
168.811	0.3921
170.912	0.3851
173.040	0.3785
175.194	0.3723
177.375	0.3663
179.583	0.3607
181.819	0.3554
184.082	0.3505
186.374	0.3460
188.694	0.3419
191.043	0.3381
193.421	0.3346
195.829	0.3310
198.267	0.3272
200.735	0.3234
203.234	0.3196
205.764	0.3159
208.325	0.3123
210.919	0.3088
213.544	0.3053
216.203	0.3019
218.894	0.2985
221.619	0.2952
224.378	0.2921
227.171	0.2891
229.999	0.2864
232.862	0.2842
235.761	0.2821
238.696	0.2800
241.668	0.2780
244.676	0.2761
247.722	0.2744
250.806	0.2728
253.928	0.2713
257.089	0.2701
260.290	0.2692
263.530	0.2685
266.810	0.2681
270.132	0.2680
273.495	0.2681
276.899	0.2687
280.346	0.2697
283.836	0.2710
287.370	0.2724
290.947	0.2738
294.569	0.2749
298.236	0.2758
301.949	0.2764
305.708	0.2761
309.513	0.2749
313.366	0.2724
317.267	0.2686
321.217	0.2632
325.216	0.2563
329.264	0.2484
333.363	0.2399
337.513	0.2313
341.715	0.2235
345.969	0.2168
350.276	0.2113
354.636	0.2068
359.051	0.2030
363.521	0.1994
368.046	0.1960
372.628	0.1922
377.266	0.1881
381.963	0.1835
386.718	0.1784
391.532	0.1732
396.406	0.1680
401.341	0.1630
406.337	0.1579
411.395	0.1526
416.517	0.1474
421.702	0.1422
426.951	0.1372
432.266	0.1325
437.648	0.1279
443.096	0.1237
448.612	0.1196
454.196	0.1156
459.851	0.1113
465.575	0.1069
471.371	0.1023
477.239	0.0976
483.180	0.0930
489.195	0.0889
495.285	0.0852
501.450	0.0819
507.693	0.0795
514.013	0.0782
520.412	0.0781
526.890	0.0793
533.449	0.0821
540.090	0.0864
546.814	0.0919
553.621	0.0980
560.513	0.1039
567.490	0.1089
574.555	0.1124
581.707	0.1144
588.949	0.1151
596.281	0.1149
603.703	0.1142
611.219	0.1135
618.828	0.1128
626.531	0.1121
634.331	0.1114
642.228	0.1105
650.222	0.1092
658.317	0.1078
666.512	0.1063
674.809	0.1047
683.210	0.1032
691.715	0.1018
700.326	0.1003
709.044	0.0988
717.871	0.0969
726.807	0.0946
735.855	0.0918
745.016	0.0888
754.290	0.0857
763.680	0.0826
773.187	0.0792
782.812	0.0759
792.557	0.0726
802.424	0.0691
812.413	0.0654
822.526	0.0612
832.766	0.0568
843.133	0.0524
853.629	0.0481
864.255	0.0435
875.014	0.0388
885.907	0.0340
896.935	0.0292
908.101	0.0243
919.406	0.0191
930.851	0.0140
942.439	0.0087
954.171	0.0037
966.049	-0.0012
978.076	-0.0061
990.251	-0.0108
1002.579	-0.0154
1015.060	-0.0201
1027.696	-0.0250
1040.489	-0.0298
1053.442	-0.0344
1066.556	-0.0390
1079.833	-0.0433
1093.276	-0.0476
1106.886	-0.0517
1120.665	-0.0555
1134.616	-0.0591
1148.741	-0.0624
1163.041	-0.0654
1177.519	-0.0682
1192.178	-0.0705
1207.019	-0.0724
1222.045	-0.0742
1237.258	-0.0758
1252.660	-0.0769
1268.254	-0.0781
1284.042	-0.0791
1300.027	-0.0799
1316.211	-0.0804
1332.596	-0.0806
1349.185	-0.0804
1365.981	-0.0802
1382.985	-0.0797
1400.202	-0.0789
1417.633	-0.0781
1435.280	-0.0772
1453.148	-0.0762
1471.238	-0.0750
1489.553	-0.0736
1508.096	-0.0719
1526.870	-0.0699
1545.877	-0.0676
1565.121	-0.0652
1584.605	-0.0628
1604.332	-0.0603
1624.303	-0.0578
1644.524	-0.0554
1664.996	-0.0528
1685.723	-0.0500
1706.708	-0.0472
1727.955	-0.0448
1749.466	-0.0423
1771.244	-0.0396
1793.294	-0.0369
1815.618	-0.0340
1838.221	-0.0307
1861.104	-0.0275
1884.272	-0.0241
1907.729	-0.0206
1931.478	-0.0175
1955.523	-0.0146
1979.866	-0.0116
2004.513	-0.0085
2029.467	-0.0053
2054.731	-0.0020
2080.310	0.0015
2106.207	0.0052
2132.427	0.0091
2158.973	0.0130
2185.849	0.0169
2213.060	0.0208
2240.610	0.0249
2268.503	0.0290
2296.743	0.0336
2325.334	0.0384
2354.282	0.0430
2383.590	0.0477
2413.262	0.0525
2443.305	0.0571
2473.721	0.0618
2504.515	0.0667
2535.693	0.0718
2567.260	0.0769
2599.219	0.0818
2631.576	0.0868
2664.335	0.0919
2697.503	0.0971
2731.084	0.1026
2765.082	0.1084
2799.504	0.1143
2834.354	0.1202
2869.638	0.1262
2905.362	0.1316
2941.530	0.1371
2978.148	0.1426
3015.222	0.1482
3052.758	0.1539
3090.761	0.1596
3129.237	0.1653
3168.192	0.1712
3207.632	0.1771
3247.563	0.1829
3287.991	0.1885
3328.923	0.1943
3370.364	0.2001
3412.320	0.2063
3454.799	0.2126
3497.807	0.2189
3541.351	0.2255
3585.436	0.2324
3630.070	0.2394
3675.260	0.2469
3721.012	0.2546
3767.334	0.2628
3814.233	0.2715
3861.715	0.2804
3909.789	0.2899
3958.460	0.2997
4007.738	0.3101
4057.630	0.3208
4108.142	0.3312
4159.283	0.3420
4211.061	0.3530
4263.483	0.3643
4316.559	0.3758
4370.294	0.3878
4424.699	0.4000
4479.781	0.4122
4535.548	0.4246
4592.010	0.4366
4649.175	0.4485
4707.051	0.4602
4765.648	0.4716
4824.975	0.4827
4885.039	0.4921
4945.852	0.5006
5007.421	0.5088
5069.757	0.5163
5132.870	0.5230
5196.768	0.5279
5261.460	0.5322
5326.959	0.5357
5393.273	0.5384
5460.413	0.5403
5528.388	0.5416
5597.209	0.5421
5666.887	0.5419
5737.433	0.5413
5808.857	0.5404
5881.169	0.5390
5954.383	0.5371
6028.507	0.5345
6103.555	0.5315
6179.536	0.5278
6256.464	0.5237
6334.349	0.5192
6413.204	0.5142
6493.040	0.5089
6573.870	0.5030
6655.706	0.4966
6738.562	0.4897
6822.448	0.4823
6907.379	0.4745
6993.367	0.4661
7080.426	0.4569
7168.568	0.4471
7257.808	0.4366
7348.158	0.4263
7439.633	0.4149
7532.248	0.4026
7626.015	0.3891
7720.949	0.3753
7817.065	0.3609
7914.377	0.3455
8012.901	0.3289
8112.652	0.3108
8213.645	0.2927
8315.894	0.2733
8419.416	0.2527
8524.228	0.2310
8630.343	0.2082
8737.780	0.1844
8846.555	0.1594
8956.683	0.1329
9068.182	0.1051
9181.069	0.0757
9295.362	0.0449
9411.078	0.0126
9528.233	-0.0215
9646.849	-0.0575
9766.939	-0.0962
9888.525	-0.1370
10011.625	-0.1796
10136.257	-0.2242
10262.440	-0.2707
10390.195	-0.3181
10519.540	-0.3675
10650.495	-0.4187
10783.080	-0.4714
10917.316	-0.5262
11053.223	-0.5830
11190.821	-0.6421
11330.133	-0.7032
11471.179	-0.7665
11613.980	-0.8313
11758.561	-0.8980
11904.939	-0.9667
12053.141	-1.0372
12203.188	-1.1095
12355.102	-1.1831
12508.907	-1.2587
12664.627	-1.3361
12822.286	-1.4154
12981.907	-1.4960
13143.516	-1.5780
13307.136	-1.6617
13472.793	-1.7473
13640.512	-1.8343
13810.319	-1.9223
13982.240	-2.0117
14156.302	-2.1027
14332.529	-2.1951
14510.951	-2.2886
14691.595	-2.3825
14874.486	-2.4775
15059.655	-2.5738
15247.129	-2.6712
15436.937	-2.7691
15629.106	-2.8675
15823.669	-2.9669
16020.654	-3.0673
16220.091	-3.1685
16422.010	-3.2701
16626.443	-3.3724
16833.422	-3.4752
17042.977	-3.5785
17255.141	-3.6819
17469.945	-3.7854
17687.424	-3.8895
17907.609	-3.9761
18130.537	-4.0641
18356.240	-4.1528
18584.752	-4.2424
18816.107	-4.3334
19050.346	-4.4257
19287.498	-4.5194
19527.604	-4.6146
19770.697	-4.7112
20016.816	-4.8092
