Sens Factor =-1.430dB, SERNO: 7009200
"Auto-generated 90-degree calibration file"
10.054	-7.1397
10.179	-6.9555
10.306	-6.7743
10.434	-6.5965
10.564	-6.4218
10.696	-6.2501
10.829	-6.0816
10.964	-5.9161
11.100	-5.7538
11.238	-5.5944
11.378	-5.4380
11.520	-5.2844
11.663	-5.1339
11.809	-4.9860
11.956	-4.8411
12.104	-4.6991
12.255	-4.5598
12.408	-4.4231
12.562	-4.2893
12.718	-4.1582
12.877	-4.0295
13.037	-3.9036
13.199	-3.7803
13.364	-3.6594
13.530	-3.5411
13.698	-3.4254
13.869	-3.3119
14.042	-3.2009
14.216	-3.0925
14.393	-2.9862
14.573	-2.8822
14.754	-2.7807
14.938	-2.6813
15.124	-2.5842
15.312	-2.4893
15.503	-2.3965
15.696	-2.3058
15.891	-2.2173
16.089	-2.1308
16.289	-2.0464
16.492	-1.9639
16.697	-1.8835
16.905	-1.8049
17.115	-1.7283
17.328	-1.6535
17.544	-1.5805
17.763	-1.5093
17.984	-1.4400
18.208	-1.3723
18.434	-1.3065
18.664	-1.2422
18.896	-1.1796
19.131	-1.1187
19.369	-1.0593
19.611	-1.0013
19.855	-0.9450
20.102	-0.8902
20.352	-0.8368
20.605	-0.7848
20.862	-0.7342
21.122	-0.6849
21.385	-0.6370
21.651	-0.5904
21.920	-0.5450
22.193	-0.5008
22.470	-0.4578
22.749	-0.4161
23.032	-0.3754
23.319	-0.3358
23.609	-0.2973
23.903	-0.2598
24.201	-0.2233
24.502	-0.1878
24.807	-0.1532
25.116	-0.1196
25.429	-0.0867
25.745	-0.0548
26.066	-0.0236
26.390	0.0068
26.719	0.0364
27.051	0.0653
27.388	0.0936
27.729	0.1212
28.074	0.1482
28.424	0.1747
28.778	0.2006
29.136	0.2259
29.499	0.2508
29.866	0.2752
30.238	0.2993
30.614	0.3229
30.995	0.3461
31.381	0.3691
31.772	0.3917
32.167	0.4141
32.568	0.4363
32.973	0.4583
33.383	0.4801
33.799	0.5018
34.220	0.5234
34.646	0.5449
35.077	0.5664
35.514	0.5879
35.956	0.6094
36.403	0.6308
36.857	0.6522
37.315	0.6738
37.780	0.6956
38.250	0.7176
38.726	0.7397
39.209	0.7619
39.697	0.7838
40.191	0.8054
40.691	0.8265
41.198	0.8468
41.711	0.8663
42.230	0.8848
42.756	0.9024
43.288	0.9191
43.827	0.9348
44.372	0.9496
44.925	0.9636
45.484	0.9768
46.050	0.9891
46.623	1.0007
47.204	1.0115
47.791	1.0214
48.386	1.0306
48.989	1.0389
49.599	1.0463
50.216	1.0530
50.841	1.0588
51.474	1.0639
52.115	1.0683
52.764	1.0718
53.420	1.0746
54.085	1.0765
54.759	1.0776
55.440	1.0779
56.131	1.0773
56.829	1.0760
57.537	1.0738
58.253	1.0708
58.978	1.0670
59.712	1.0625
60.456	1.0571
61.208	1.0510
61.970	1.0441
62.742	1.0364
63.523	1.0280
64.314	1.0189
65.114	1.0094
65.925	0.9995
66.745	0.9893
67.576	0.9791
68.418	0.9689
69.269	0.9588
70.132	0.9489
71.005	0.9392
71.889	0.9296
72.784	0.9202
73.690	0.9108
74.607	0.9015
75.536	0.8922
76.476	0.8830
77.428	0.8736
78.392	0.8643
79.368	0.8549
80.356	0.8456
81.356	0.8363
82.369	0.8272
83.394	0.8184
84.433	0.8100
85.484	0.8019
86.548	0.7943
87.625	0.7872
88.716	0.7806
89.820	0.7745
90.939	0.7689
92.071	0.7637
93.217	0.7588
94.377	0.7544
95.552	0.7502
96.742	0.7465
97.946	0.7430
99.165	0.7399
100.400	0.7372
101.650	0.7348
102.915	0.7329
104.196	0.7313
105.493	0.7302
106.806	0.7294
108.136	0.7289
109.482	0.7287
110.845	0.7287
112.225	0.7291
113.622	0.7298
115.037	0.7309
116.469	0.7321
117.919	0.7336
119.386	0.7354
120.873	0.7374
122.377	0.7396
123.901	0.7421
125.443	0.7448
127.005	0.7477
128.586	0.7507
130.187	0.7537
131.807	0.7567
133.448	0.7597
135.109	0.7626
136.791	0.7653
138.494	0.7676
140.218	0.7694
141.964	0.7707
143.731	0.7714
145.520	0.7715
147.332	0.7710
149.166	0.7699
151.023	0.7681
152.903	0.7656
154.806	0.7626
156.734	0.7591
158.685	0.7550
160.660	0.7504
162.660	0.7452
164.685	0.7396
166.735	0.7334
168.811	0.7267
170.912	0.7194
173.040	0.7115
175.194	0.7032
177.375	0.6946
179.583	0.6858
181.819	0.6768
184.082	0.6675
186.374	0.6576
188.694	0.6472
191.043	0.6364
193.421	0.6254
195.829	0.6145
198.267	0.6039
200.735	0.5936
203.234	0.5834
205.764	0.5731
208.325	0.5629
210.919	0.5528
213.544	0.5430
216.203	0.5335
218.894	0.5243
221.619	0.5154
224.378	0.5066
227.171	0.4979
229.999	0.4892
232.862	0.4805
235.761	0.4718
238.696	0.4632
241.668	0.4544
244.676	0.4455
247.722	0.4364
250.806	0.4273
253.928	0.4182
257.089	0.4091
260.290	0.4000
263.530	0.3908
266.810	0.3816
270.132	0.3727
273.495	0.3639
276.899	0.3555
280.346	0.3473
283.836	0.3394
287.370	0.3317
290.947	0.3243
294.569	0.3169
298.236	0.3093
301.949	0.3016
305.708	0.2939
309.513	0.2863
313.366	0.2786
317.267	0.2707
321.217	0.2622
325.216	0.2531
329.264	0.2432
333.363	0.2328
337.513	0.2226
341.715	0.2131
345.969	0.2043
350.276	0.1962
354.636	0.1887
359.051	0.1814
363.521	0.1743
368.046	0.1671
372.628	0.1599
377.266	0.1527
381.963	0.1458
386.718	0.1392
391.532	0.1329
396.406	0.1270
401.341	0.1217
406.337	0.1168
411.395	0.1123
416.517	0.1080
421.702	0.1040
426.951	0.1004
432.266	0.0972
437.648	0.0946
443.096	0.0924
448.612	0.0903
454.196	0.0885
459.851	0.0866
465.575	0.0848
471.371	0.0830
477.239	0.0813
483.180	0.0796
489.195	0.0780
495.285	0.0767
501.450	0.0756
507.693	0.0747
514.013	0.0743
520.412	0.0744
526.890	0.0752
533.449	0.0767
540.090	0.0788
546.814	0.0814
553.621	0.0841
560.513	0.0866
567.490	0.0886
574.555	0.0898
581.707	0.0902
588.949	0.0899
596.281	0.0891
603.703	0.0881
611.219	0.0870
618.828	0.0861
626.531	0.0852
634.331	0.0843
642.228	0.0833
650.222	0.0821
658.317	0.0807
666.512	0.0793
674.809	0.0777
683.210	0.0762
691.715	0.0747
700.326	0.0731
709.044	0.0716
717.871	0.0698
726.807	0.0678
735.855	0.0656
745.016	0.0632
754.290	0.0607
763.680	0.0581
773.187	0.0551
782.812	0.0523
792.557	0.0493
802.424	0.0463
812.413	0.0431
822.526	0.0396
832.766	0.0360
843.133	0.0324
853.629	0.0288
864.255	0.0249
875.014	0.0211
885.907	0.0171
896.935	0.0131
908.101	0.0089
919.406	0.0046
930.851	0.0003
942.439	-0.0041
954.171	-0.0084
966.049	-0.0128
978.076	-0.0173
990.251	-0.0217
1002.579	-0.0263
1015.060	-0.0311
1027.696	-0.0361
1040.489	-0.0413
1053.442	-0.0463
1066.556	-0.0513
1079.833	-0.0561
1093.276	-0.0609
1106.886	-0.0657
1120.665	-0.0701
1134.616	-0.0745
1148.741	-0.0785
1163.041	-0.0823
1177.519	-0.0860
1192.178	-0.0894
1207.019	-0.0925
1222.045	-0.0956
1237.258	-0.0985
1252.660	-0.1010
1268.254	-0.1035
1284.042	-0.1059
1300.027	-0.1081
1316.211	-0.1099
1332.596	-0.1116
1349.185	-0.1131
1365.981	-0.1146
1382.985	-0.1160
1400.202	-0.1172
1417.633	-0.1183
1435.280	-0.1192
1453.148	-0.1202
1471.238	-0.1209
1489.553	-0.1214
1508.096	-0.1217
1526.870	-0.1216
1545.877	-0.1212
1565.121	-0.1206
1584.605	-0.1199
1604.332	-0.1190
1624.303	-0.1180
1644.524	-0.1168
1664.996	-0.1154
1685.723	-0.1136
1706.708	-0.1117
1727.955	-0.1101
1749.466	-0.1085
1771.244	-0.1066
1793.294	-0.1046
1815.618	-0.1025
1838.221	-0.0999
1861.104	-0.0974
1884.272	-0.0946
1907.729	-0.0917
1931.478	-0.0893
1955.523	-0.0871
1979.866	-0.0848
2004.513	-0.0825
2029.467	-0.0802
2054.731	-0.0775
2080.310	-0.0743
2106.207	-0.0709
2132.427	-0.0671
2158.973	-0.0632
2185.849	-0.0592
2213.060	-0.0551
2240.610	-0.0506
2268.503	-0.0461
2296.743	-0.0410
2325.334	-0.0353
2354.282	-0.0293
2383.590	-0.0228
2413.262	-0.0158
2443.305	-0.0088
2473.721	-0.0015
2504.515	0.0061
2535.693	0.0140
2567.260	0.0219
2599.219	0.0297
2631.576	0.0376
2664.335	0.0455
2697.503	0.0537
2731.084	0.0622
2765.082	0.0710
2799.504	0.0798
2834.354	0.0888
2869.638	0.0978
2905.362	0.1062
2941.530	0.1146
2978.148	0.1231
3015.222	0.1317
3052.758	0.1403
3090.761	0.1489
3129.237	0.1575
3168.192	0.1661
3207.632	0.1748
3247.563	0.1834
3287.991	0.1918
3328.923	0.2004
3370.364	0.2090
3412.320	0.2175
3454.799	0.2257
3497.807	0.2338
3541.351	0.2419
3585.436	0.2499
3630.070	0.2581
3675.260	0.2664
3721.012	0.2748
3767.334	0.2834
3814.233	0.2922
3861.715	0.3009
3909.789	0.3096
3958.460	0.3181
4007.738	0.3267
4057.630	0.3355
4108.142	0.3436
4159.283	0.3519
4211.061	0.3602
4263.483	0.3688
4316.559	0.3775
4370.294	0.3865
4424.699	0.3954
4479.781	0.4042
4535.548	0.4130
4592.010	0.4212
4649.175	0.4289
4707.051	0.4362
4765.648	0.4429
4824.975	0.4487
4885.039	0.4521
4945.852	0.4541
5007.421	0.4551
5069.757	0.4549
5132.870	0.4532
5196.768	0.4494
5261.460	0.4445
5326.959	0.4384
5393.273	0.4313
5460.413	0.4229
5528.388	0.4136
5597.209	0.4033
5666.887	0.3922
5737.433	0.3804
5808.857	0.3682
5881.169	0.3554
5954.383	0.3420
6028.507	0.3279
6103.555	0.3132
6179.536	0.2979
6256.464	0.2822
6334.349	0.2660
6413.204	0.2494
6493.040	0.2322
6573.870	0.2144
6655.706	0.1961
6738.562	0.1771
6822.448	0.1574
6907.379	0.1371
6993.367	0.1159
7080.426	0.0935
7168.568	0.0700
7257.808	0.0454
7348.158	0.0204
7439.633	-0.0057
7532.248	-0.0330
7626.015	-0.0616
7720.949	-0.0906
7817.065	-0.1203
7914.377	-0.1513
8012.901	-0.1832
8112.652	-0.2159
8213.645	-0.2484
8315.894	-0.2816
8419.416	-0.3155
8524.228	-0.3501
8630.343	-0.3855
8737.780	-0.4216
8846.555	-0.4585
8956.683	-0.4966
9068.182	-0.5356
9181.069	-0.5758
9295.362	-0.6173
9411.078	-0.6600
9528.233	-0.7043
9646.849	-0.7503
9766.939	-0.7988
9888.525	-0.8493
10011.625	-0.9014
10136.257	-0.9555
10262.440	-1.0115
10390.195	-1.0681
10519.540	-1.1269
10650.495	-1.1875
10783.080	-1.2499
10917.316	-1.3144
11053.223	-1.3810
11190.821	-1.4497
11330.133	-1.5203
11471.179	-1.5931
11613.980	-1.6672
11758.561	-1.7428
11904.939	-1.8198
12053.141	-1.8980
12203.188	-1.9774
12355.102	-2.0577
12508.907	-2.1394
12664.627	-2.2224
12822.286	-2.3067
12981.907	-2.3916
13143.516	-2.4772
13307.136	-2.5640
13472.793	-2.6524
13640.512	-2.7421
13810.319	-2.8324
13982.240	-2.9239
14156.302	-3.0166
14332.529	-3.1103
14510.951	-3.2048
14691.595	-3.2992
14874.486	-3.3944
15059.655	-3.4904
15247.129	-3.5867
15436.937	-3.6829
15629.106	-3.7792
15823.669	-3.8760
16020.654	-3.9732
16220.091	-4.0707
16422.010	-4.1683
16626.443	-4.2662
16833.422	-4.3643
17042.977	-4.4626
17255.141	-4.5610
17469.945	-4.6592
17687.424	-4.7577
17907.609	-4.8428
18130.537	-4.9291
18356.240	-5.0158
18584.752	-5.1031
18816.107	-5.1916
19050.346	-5.2809
19287.498	-5.3712
19527.604	-5.4627
19770.697	-5.5553
20016.816	-5.6492
