Sens Factor =-1.430dB, SERNO: 7009200
10.054	-7.1397
10.179	-6.9555
10.306	-6.7743
10.434	-6.5965
10.564	-6.4218
10.696	-6.2501
10.829	-6.0816
10.964	-5.9161
11.1	-5.7538
11.238	-5.5944
11.378	-5.4380
11.52	-5.2844
11.663	-5.1339
11.809	-4.9860
11.956	-4.8411
12.104	-4.6991
12.255	-4.5598
12.408	-4.4231
12.562	-4.2893
12.718	-4.1582
12.877	-4.0295
13.037	-3.9036
13.199	-3.7803
13.364	-3.6594
13.53	-3.5411
13.698	-3.4254
13.869	-3.3119
14.042	-3.2009
14.216	-3.0925
14.393	-2.9862
14.573	-2.8822
14.754	-2.7807
14.938	-2.6813
15.124	-2.5842
15.312	-2.4893
15.503	-2.3965
15.696	-2.3058
15.891	-2.2173
16.089	-2.1308
16.289	-2.0464
16.492	-1.9639
16.697	-1.8835
16.905	-1.8049
17.115	-1.7283
17.328	-1.6535
17.544	-1.5805
17.763	-1.5093
17.984	-1.4400
18.208	-1.3723
18.434	-1.3065
18.664	-1.2422
18.896	-1.1796
19.131	-1.1187
19.369	-1.0593
19.611	-1.0013
19.855	-0.9450
20.102	-0.8902
20.352	-0.8368
20.605	-0.7848
20.862	-0.7342
21.122	-0.6849
21.385	-0.6370
21.651	-0.5904
21.92	-0.5450
22.193	-0.5008
22.47	-0.4578
22.749	-0.4161
23.032	-0.3754
23.319	-0.3358
23.609	-0.2973
23.903	-0.2598
24.201	-0.2233
24.502	-0.1878
24.807	-0.1532
25.116	-0.1196
25.429	-0.0867
25.745	-0.0548
26.066	-0.0236
26.39	0.0068
26.719	0.0364
27.051	0.0653
27.388	0.0936
27.729	0.1212
28.074	0.1482
28.424	0.1747
28.778	0.2006
29.136	0.2259
29.499	0.2508
29.866	0.2752
30.238	0.2993
30.614	0.3229
30.995	0.3461
31.381	0.3691
31.772	0.3917
32.167	0.4141
32.568	0.4363
32.973	0.4583
33.383	0.4801
33.799	0.5018
34.22	0.5234
34.646	0.5449
35.077	0.5664
35.514	0.5879
35.956	0.6094
36.403	0.6308
36.857	0.6522
37.315	0.6738
37.78	0.6956
38.25	0.7176
38.726	0.7397
39.209	0.7619
39.697	0.7838
40.191	0.8054
40.691	0.8265
41.198	0.8468
41.711	0.8663
42.23	0.8848
42.756	0.9024
43.288	0.9191
43.827	0.9348
44.372	0.9496
44.925	0.9636
45.484	0.9768
46.05	0.9891
46.623	1.0007
47.204	1.0115
47.791	1.0214
48.386	1.0306
48.989	1.0389
49.599	1.0463
50.216	1.0530
50.841	1.0588
51.474	1.0639
52.115	1.0683
52.764	1.0718
53.42	1.0746
54.085	1.0765
54.759	1.0776
55.44	1.0779
56.131	1.0773
56.829	1.0760
57.537	1.0738
58.253	1.0708
58.978	1.0670
59.712	1.0625
60.456	1.0571
61.208	1.0510
61.97	1.0441
62.742	1.0364
63.523	1.0280
64.314	1.0189
65.114	1.0094
65.925	0.9995
66.745	0.9893
67.576	0.9791
68.418	0.9689
69.269	0.9588
70.132	0.9489
71.005	0.9392
71.889	0.9296
72.784	0.9202
73.69	0.9108
74.607	0.9015
75.536	0.8922
76.476	0.8830
77.428	0.8736
78.392	0.8643
79.368	0.8549
80.356	0.8456
81.356	0.8363
82.369	0.8272
83.394	0.8184
84.433	0.8100
85.484	0.8019
86.548	0.7943
87.625	0.7872
88.716	0.7806
89.82	0.7745
90.939	0.7689
92.071	0.7637
93.217	0.7588
94.377	0.7544
95.552	0.7502
96.742	0.7465
97.946	0.7430
99.165	0.7399
100.4	0.7372
101.65	0.7348
102.915	0.7329
104.196	0.7313
105.493	0.7302
106.806	0.7294
108.136	0.7289
109.482	0.7287
110.845	0.7287
112.225	0.7291
113.622	0.7298
115.037	0.7309
116.469	0.7321
117.919	0.7336
119.386	0.7354
120.873	0.7374
122.377	0.7396
123.901	0.7421
125.443	0.7448
127.005	0.7477
128.586	0.7507
130.187	0.7537
131.807	0.7567
133.448	0.7597
135.109	0.7626
136.791	0.7653
138.494	0.7676
140.218	0.7694
141.964	0.7707
143.731	0.7714
145.52	0.7715
147.332	0.7710
149.166	0.7699
151.023	0.7681
152.903	0.7656
154.806	0.7626
156.734	0.7591
158.685	0.7550
160.66	0.7504
162.66	0.7452
164.685	0.7396
166.735	0.7334
168.811	0.7267
170.912	0.7194
173.04	0.7115
175.194	0.7032
177.375	0.6946
179.583	0.6858
181.819	0.6768
184.082	0.6675
186.374	0.6576
188.694	0.6472
191.043	0.6364
193.421	0.6254
195.829	0.6145
198.267	0.6039
200.735	0.5936
203.234	0.5834
205.764	0.5731
208.325	0.5629
210.919	0.5528
213.544	0.5430
216.203	0.5335
218.894	0.5243
221.619	0.5154
224.378	0.5066
227.171	0.4979
229.999	0.4892
232.862	0.4805
235.761	0.4718
238.696	0.4632
241.668	0.4544
244.676	0.4455
247.722	0.4364
250.806	0.4273
253.928	0.4182
257.089	0.4091
260.29	0.4000
263.53	0.3908
266.81	0.3816
270.132	0.3727
273.495	0.3639
276.899	0.3555
280.346	0.3473
283.836	0.3394
287.37	0.3317
290.947	0.3243
294.569	0.3169
298.236	0.3093
301.949	0.3016
305.708	0.2939
309.513	0.2863
313.366	0.2786
317.267	0.2707
321.217	0.2622
325.216	0.2531
329.264	0.2432
333.363	0.2328
337.513	0.2226
341.715	0.2131
345.969	0.2043
350.276	0.1962
354.636	0.1887
359.051	0.1814
363.521	0.1743
368.046	0.1671
372.628	0.1599
377.266	0.1527
381.963	0.1458
386.718	0.1392
391.532	0.1329
396.406	0.1270
401.341	0.1217
406.337	0.1168
411.395	0.1123
416.517	0.1080
421.702	0.1040
426.951	0.1004
432.266	0.0972
437.648	0.0946
443.096	0.0924
448.612	0.0903
454.196	0.0885
459.851	0.0866
465.575	0.0848
471.371	0.0830
477.239	0.0813
483.18	0.0796
489.195	0.0780
495.285	0.0767
501.45	0.0756
507.693	0.0747
514.013	0.0743
520.412	0.0744
526.89	0.0752
533.449	0.0767
540.09	0.0788
546.814	0.0814
553.621	0.0841
560.513	0.0866
567.49	0.0886
574.555	0.0898
581.707	0.0902
588.949	0.0899
596.281	0.0891
603.703	0.0881
611.219	0.0870
618.828	0.0861
626.531	0.0852
634.331	0.0843
642.228	0.0834
650.222	0.0824
658.317	0.0812
666.512	0.0800
674.809	0.0786
683.21	0.0773
691.715	0.0760
700.326	0.0747
709.044	0.0734
717.871	0.0718
726.807	0.0700
735.855	0.0680
745.016	0.0658
754.29	0.0635
763.68	0.0613
773.187	0.0592
782.812	0.0572
792.557	0.0551
802.424	0.0530
812.413	0.0507
822.526	0.0483
832.766	0.0458
843.133	0.0432
853.629	0.0407
864.255	0.0381
875.014	0.0355
885.907	0.0328
896.935	0.0301
908.101	0.0273
919.406	0.0245
930.851	0.0216
942.439	0.0188
954.171	0.0160
966.049	0.0132
978.076	0.0104
990.251	0.0077
1002.579	0.0048
1015.06	0.0018
1027.696	-0.0012
1040.489	-0.0042
1053.442	-0.0071
1066.556	-0.0099
1079.833	-0.0126
1093.276	-0.0153
1106.886	-0.0179
1120.665	-0.0202
1134.616	-0.0224
1148.741	-0.0243
1163.041	-0.0260
1177.519	-0.0275
1192.178	-0.0288
1207.019	-0.0297
1222.045	-0.0303
1237.258	-0.0306
1252.66	-0.0306
1268.254	-0.0305
1284.042	-0.0303
1300.027	-0.0299
1316.211	-0.0292
1332.596	-0.0283
1349.185	-0.0272
1365.981	-0.0256
1382.985	-0.0237
1400.202	-0.0215
1417.633	-0.0191
1435.28	-0.0165
1453.148	-0.0137
1471.238	-0.0106
1489.553	-0.0073
1508.096	-0.0037
1526.87	0.0003
1545.877	0.0045
1565.121	0.0089
1584.605	0.0135
1604.332	0.0183
1624.303	0.0234
1644.524	0.0288
1664.996	0.0345
1685.723	0.0406
1706.708	0.0469
1727.955	0.0535
1749.466	0.0602
1771.244	0.0672
1793.294	0.0744
1815.618	0.0817
1838.221	0.0893
1861.104	0.0970
1884.272	0.1049
1907.729	0.1130
1931.478	0.1213
1955.523	0.1298
1979.866	0.1385
2004.513	0.1473
2029.467	0.1562
2054.731	0.1656
2080.31	0.1755
2106.207	0.1858
2132.427	0.1965
2158.973	0.2076
2185.849	0.2191
2213.06	0.2309
2240.61	0.2431
2268.503	0.2555
2296.743	0.2683
2325.334	0.2815
2354.282	0.2952
2383.59	0.3095
2413.262	0.3244
2443.305	0.3397
2473.721	0.3555
2504.515	0.3717
2535.693	0.3882
2567.26	0.4050
2599.219	0.4220
2631.576	0.4393
2664.335	0.4567
2697.503	0.4744
2731.084	0.4923
2765.082	0.5104
2799.504	0.5286
2834.354	0.5471
2869.638	0.5657
2905.362	0.5845
2941.53	0.6035
2978.148	0.6227
3015.222	0.6422
3052.758	0.6618
3090.761	0.6817
3129.237	0.7018
3168.192	0.7220
3207.632	0.7425
3247.563	0.7633
3287.991	0.7844
3328.923	0.8058
3370.364	0.8274
3412.32	0.8490
3454.799	0.8705
3497.807	0.8922
3541.351	0.9140
3585.436	0.9359
3630.07	0.9582
3675.26	0.9807
3721.012	1.0036
3767.334	1.0268
3814.233	1.0504
3861.715	1.0744
3909.789	1.0986
3958.46	1.1229
4007.738	1.1475
4057.63	1.1725
4108.142	1.1977
4159.283	1.2233
4211.061	1.2492
4263.483	1.2756
4316.559	1.3023
4370.294	1.3293
4424.699	1.3565
4479.781	1.3838
4535.548	1.4113
4592.01	1.4387
4649.175	1.4660
4707.051	1.4931
4765.648	1.5199
4824.975	1.5461
4885.039	1.5716
4945.852	1.5963
5007.421	1.6202
5069.757	1.6432
5132.87	1.6652
5196.768	1.6864
5261.46	1.7068
5326.959	1.7263
5393.273	1.7451
5460.413	1.7631
5528.388	1.7805
5597.209	1.7973
5666.887	1.8137
5737.433	1.8296
5808.857	1.8451
5881.169	1.8602
5954.383	1.8751
6028.507	1.8896
6103.555	1.9039
6179.536	1.9180
6256.464	1.9321
6334.349	1.9460
6413.204	1.9599
6493.04	1.9736
6573.87	1.9872
6655.706	2.0007
6738.562	2.0139
6822.448	2.0268
6907.379	2.0393
6993.367	2.0513
7080.426	2.0626
7168.568	2.0731
7257.808	2.0828
7348.158	2.0916
7439.633	2.0997
7532.248	2.1070
7626.015	2.1135
7720.949	2.1192
7817.065	2.1241
7914.377	2.1281
8012.901	2.1316
8112.652	2.1348
8213.645	2.1375
8315.894	2.1399
8419.416	2.1420
8524.228	2.1438
8630.343	2.1452
8737.78	2.1461
8846.555	2.1465
8956.683	2.1463
9068.182	2.1456
9181.069	2.1442
9295.362	2.1419
9411.078	2.1388
9528.233	2.1347
9646.849	2.1294
9766.939	2.1229
9888.525	2.1152
10011.625	2.1063
10136.257	2.0960
10262.44	2.0841
10390.195	2.0707
10519.54	2.0557
10650.495	2.0394
10783.08	2.0218
10917.316	2.0025
11053.223	1.9814
11190.821	1.9588
11330.133	1.9348
11471.179	1.9093
11613.98	1.8825
11758.561	1.8547
11904.939	1.8261
12053.141	1.7969
12203.188	1.7670
12355.102	1.7362
12508.907	1.7046
12664.627	1.6724
12822.286	1.6395
12981.907	1.6062
13143.516	1.5724
13307.136	1.5380
13472.793	1.5028
13640.512	1.4668
13810.319	1.4302
13982.24	1.3928
14156.302	1.3550
14332.529	1.3168
14510.951	1.2783
14691.595	1.2397
14874.486	1.2010
15059.655	1.1622
15247.129	1.1238
15436.937	1.0856
15629.106	1.0475
15823.669	1.0095
16020.654	0.9719
16220.091	0.9347
16422.01	0.8978
16626.443	0.8612
16833.422	0.8252
17042.977	0.7898
17255.141	0.7550
17469.945	0.7208
17687.424	0.6871
17907.609	0.6675
18130.537	0.6476
18356.24	0.6278
18584.752	0.6079
18816.107	0.5877
19050.346	0.5675
19287.498	0.5471
19527.604	0.5266
19770.697	0.5059
20016.816	0.4848
