Sens Factor =-.6618dB, SERNO: 7009149
"Auto-generated 90-degree calibration file"
10.054	-6.7135
10.179	-6.5353
10.306	-6.3602
10.434	-6.1884
10.564	-6.0197
10.696	-5.8541
10.829	-5.6917
10.964	-5.5323
11.100	-5.3760
11.238	-5.2226
11.378	-5.0722
11.520	-4.9247
11.663	-4.7802
11.809	-4.6384
11.956	-4.4995
12.104	-4.3636
12.255	-4.2303
12.408	-4.0997
12.562	-3.9719
12.718	-3.8468
12.877	-3.7242
13.037	-3.6043
13.199	-3.4870
13.364	-3.3722
13.530	-3.2600
13.698	-3.1502
13.869	-3.0428
14.042	-2.9379
14.216	-2.8354
14.393	-2.7353
14.573	-2.6373
14.754	-2.5418
14.938	-2.4485
15.124	-2.3574
15.312	-2.2685
15.503	-2.1818
15.696	-2.0972
15.891	-2.0147
16.089	-1.9343
16.289	-1.8559
16.492	-1.7794
16.697	-1.7050
16.905	-1.6325
17.115	-1.5619
17.328	-1.4932
17.544	-1.4263
17.763	-1.3611
17.984	-1.2978
18.208	-1.2362
18.434	-1.1764
18.664	-1.1182
18.896	-1.0616
19.131	-1.0067
19.369	-0.9533
19.611	-0.9015
19.855	-0.8512
20.102	-0.8024
20.352	-0.7550
20.605	-0.7091
20.862	-0.6645
21.122	-0.6213
21.385	-0.5794
21.651	-0.5388
21.920	-0.4995
22.193	-0.4614
22.470	-0.4244
22.749	-0.3887
23.032	-0.3541
23.319	-0.3205
23.609	-0.2881
23.903	-0.2566
24.201	-0.2262
24.502	-0.1967
24.807	-0.1682
25.116	-0.1405
25.429	-0.1137
25.745	-0.0878
26.066	-0.0627
26.390	-0.0384
26.719	-0.0147
27.051	0.0081
27.388	0.0304
27.729	0.0519
28.074	0.0729
28.424	0.0933
28.778	0.1131
29.136	0.1324
29.499	0.1513
29.866	0.1697
30.238	0.1876
30.614	0.2052
30.995	0.2224
31.381	0.2393
31.772	0.2559
32.167	0.2723
32.568	0.2884
32.973	0.3043
33.383	0.3201
33.799	0.3358
34.220	0.3513
34.646	0.3668
35.077	0.3822
35.514	0.3979
35.956	0.4135
36.403	0.4290
36.857	0.4444
37.315	0.4595
37.780	0.4742
38.250	0.4886
38.726	0.5023
39.209	0.5153
39.697	0.5275
40.191	0.5387
40.691	0.5489
41.198	0.5581
41.711	0.5665
42.230	0.5742
42.756	0.5812
43.288	0.5876
43.827	0.5934
44.372	0.5986
44.925	0.6032
45.484	0.6072
46.050	0.6105
46.623	0.6133
47.204	0.6155
47.791	0.6171
48.386	0.6181
48.989	0.6186
49.599	0.6184
50.216	0.6177
50.841	0.6165
51.474	0.6147
52.115	0.6125
52.764	0.6097
53.420	0.6065
54.085	0.6027
54.759	0.5983
55.440	0.5935
56.131	0.5882
56.829	0.5823
57.537	0.5760
58.253	0.5692
58.978	0.5619
59.712	0.5541
60.456	0.5458
61.208	0.5370
61.970	0.5277
62.742	0.5179
63.523	0.5078
64.314	0.4973
65.114	0.4866
65.925	0.4757
66.745	0.4649
67.576	0.4541
68.418	0.4434
69.269	0.4328
70.132	0.4222
71.005	0.4117
71.889	0.4012
72.784	0.3906
73.690	0.3800
74.607	0.3694
75.536	0.3588
76.476	0.3481
77.428	0.3375
78.392	0.3269
79.368	0.3163
80.356	0.3058
81.356	0.2955
82.369	0.2854
83.394	0.2755
84.433	0.2660
85.484	0.2566
86.548	0.2476
87.625	0.2387
88.716	0.2301
89.820	0.2217
90.939	0.2135
92.071	0.2055
93.217	0.1977
94.377	0.1901
95.552	0.1829
96.742	0.1760
97.946	0.1694
99.165	0.1631
100.400	0.1573
101.650	0.1518
102.915	0.1468
104.196	0.1423
105.493	0.1383
106.806	0.1346
108.136	0.1313
109.482	0.1283
110.845	0.1256
112.225	0.1232
113.622	0.1213
115.037	0.1196
116.469	0.1182
117.919	0.1170
119.386	0.1161
120.873	0.1153
122.377	0.1148
123.901	0.1145
125.443	0.1145
127.005	0.1146
128.586	0.1150
130.187	0.1156
131.807	0.1163
133.448	0.1171
135.109	0.1180
136.791	0.1190
138.494	0.1199
140.218	0.1207
141.964	0.1214
143.731	0.1220
145.520	0.1225
147.332	0.1229
149.166	0.1232
151.023	0.1233
152.903	0.1231
154.806	0.1226
156.734	0.1217
158.685	0.1205
160.660	0.1188
162.660	0.1167
164.685	0.1142
166.735	0.1112
168.811	0.1076
170.912	0.1036
173.040	0.0989
175.194	0.0939
177.375	0.0885
179.583	0.0828
181.819	0.0771
184.082	0.0710
186.374	0.0646
188.694	0.0579
191.043	0.0510
193.421	0.0441
195.829	0.0373
198.267	0.0304
200.735	0.0235
203.234	0.0166
205.764	0.0097
208.325	0.0027
210.919	-0.0041
213.544	-0.0109
216.203	-0.0175
218.894	-0.0239
221.619	-0.0299
224.378	-0.0358
227.171	-0.0415
229.999	-0.0471
232.862	-0.0524
235.761	-0.0573
238.696	-0.0619
241.668	-0.0662
244.676	-0.0702
247.722	-0.0740
250.806	-0.0775
253.928	-0.0807
257.089	-0.0836
260.290	-0.0862
263.530	-0.0886
266.810	-0.0907
270.132	-0.0926
273.495	-0.0942
276.899	-0.0955
280.346	-0.0964
283.836	-0.0969
287.370	-0.0971
290.947	-0.0970
294.569	-0.0967
298.236	-0.0962
301.949	-0.0957
305.708	-0.0950
309.513	-0.0941
313.366	-0.0933
317.267	-0.0925
321.217	-0.0918
325.216	-0.0912
329.264	-0.0905
333.363	-0.0896
337.513	-0.0883
341.715	-0.0864
345.969	-0.0838
350.276	-0.0807
354.636	-0.0772
359.051	-0.0735
363.521	-0.0698
368.046	-0.0661
372.628	-0.0626
377.266	-0.0593
381.963	-0.0562
386.718	-0.0531
391.532	-0.0501
396.406	-0.0473
401.341	-0.0446
406.337	-0.0421
411.395	-0.0398
416.517	-0.0375
421.702	-0.0353
426.951	-0.0331
432.266	-0.0309
437.648	-0.0285
443.096	-0.0260
448.612	-0.0234
454.196	-0.0208
459.851	-0.0183
465.575	-0.0158
471.371	-0.0134
477.239	-0.0111
483.180	-0.0089
489.195	-0.0068
495.285	-0.0047
501.450	-0.0026
507.693	-0.0005
514.013	0.0017
520.412	0.0041
526.890	0.0068
533.449	0.0096
540.090	0.0125
546.814	0.0154
553.621	0.0182
560.513	0.0206
567.490	0.0225
574.555	0.0238
581.707	0.0246
588.949	0.0249
596.281	0.0249
603.703	0.0246
611.219	0.0244
618.828	0.0241
626.531	0.0239
634.331	0.0237
642.228	0.0234
650.222	0.0229
658.317	0.0223
666.512	0.0216
674.809	0.0208
683.210	0.0202
691.715	0.0195
700.326	0.0187
709.044	0.0181
717.871	0.0174
726.807	0.0165
735.855	0.0155
745.016	0.0144
754.290	0.0133
763.680	0.0120
773.187	0.0103
782.812	0.0088
792.557	0.0072
802.424	0.0055
812.413	0.0039
822.526	0.0020
832.766	0.0001
843.133	-0.0016
853.629	-0.0032
864.255	-0.0049
875.014	-0.0064
885.907	-0.0080
896.935	-0.0094
908.101	-0.0108
919.406	-0.0123
930.851	-0.0137
942.439	-0.0152
954.171	-0.0165
966.049	-0.0179
978.076	-0.0194
990.251	-0.0208
1002.579	-0.0222
1015.060	-0.0238
1027.696	-0.0256
1040.489	-0.0276
1053.442	-0.0293
1066.556	-0.0312
1079.833	-0.0328
1093.276	-0.0343
1106.886	-0.0358
1120.665	-0.0370
1134.616	-0.0382
1148.741	-0.0390
1163.041	-0.0397
1177.519	-0.0404
1192.178	-0.0407
1207.019	-0.0409
1222.045	-0.0412
1237.258	-0.0413
1252.660	-0.0412
1268.254	-0.0410
1284.042	-0.0406
1300.027	-0.0401
1316.211	-0.0393
1332.596	-0.0384
1349.185	-0.0373
1365.981	-0.0364
1382.985	-0.0355
1400.202	-0.0345
1417.633	-0.0336
1435.280	-0.0326
1453.148	-0.0318
1471.238	-0.0309
1489.553	-0.0299
1508.096	-0.0288
1526.870	-0.0275
1545.877	-0.0260
1565.121	-0.0243
1584.605	-0.0225
1604.332	-0.0206
1624.303	-0.0187
1644.524	-0.0166
1664.996	-0.0144
1685.723	-0.0119
1706.708	-0.0093
1727.955	-0.0071
1749.466	-0.0048
1771.244	-0.0023
1793.294	0.0002
1815.618	0.0030
1838.221	0.0061
1861.104	0.0091
1884.272	0.0125
1907.729	0.0159
1931.478	0.0189
1955.523	0.0217
1979.866	0.0246
2004.513	0.0274
2029.467	0.0302
2054.731	0.0330
2080.310	0.0360
2106.207	0.0389
2132.427	0.0419
2158.973	0.0448
2185.849	0.0476
2213.060	0.0502
2240.610	0.0530
2268.503	0.0557
2296.743	0.0585
2325.334	0.0613
2354.282	0.0640
2383.590	0.0666
2413.262	0.0693
2443.305	0.0719
2473.721	0.0744
2504.515	0.0770
2535.693	0.0798
2567.260	0.0825
2599.219	0.0850
2631.576	0.0875
2664.335	0.0901
2697.503	0.0928
2731.084	0.0957
2765.082	0.0989
2799.504	0.1021
2834.354	0.1054
2869.638	0.1087
2905.362	0.1114
2941.530	0.1140
2978.148	0.1168
3015.222	0.1195
3052.758	0.1223
3090.761	0.1250
3129.237	0.1277
3168.192	0.1305
3207.632	0.1333
3247.563	0.1359
3287.991	0.1383
3328.923	0.1410
3370.364	0.1439
3412.320	0.1469
3454.799	0.1500
3497.807	0.1531
3541.351	0.1565
3585.436	0.1601
3630.070	0.1639
3675.260	0.1680
3721.012	0.1724
3767.334	0.1773
3814.233	0.1826
3861.715	0.1883
3909.789	0.1946
3958.460	0.2011
4007.738	0.2080
4057.630	0.2153
4108.142	0.2222
4159.283	0.2294
4211.061	0.2366
4263.483	0.2442
4316.559	0.2519
4370.294	0.2599
4424.699	0.2680
4479.781	0.2760
4535.548	0.2839
4592.010	0.2914
4649.175	0.2983
4707.051	0.3049
4765.648	0.3107
4824.975	0.3158
4885.039	0.3185
4945.852	0.3198
5007.421	0.3202
5069.757	0.3194
5132.870	0.3173
5196.768	0.3129
5261.460	0.3074
5326.959	0.3007
5393.273	0.2929
5460.413	0.2837
5528.388	0.2736
5597.209	0.2625
5666.887	0.2504
5737.433	0.2378
5808.857	0.2247
5881.169	0.2110
5954.383	0.1966
6028.507	0.1815
6103.555	0.1658
6179.536	0.1495
6256.464	0.1327
6334.349	0.1156
6413.204	0.0979
6493.040	0.0797
6573.870	0.0609
6655.706	0.0415
6738.562	0.0214
6822.448	0.0007
6907.379	-0.0207
6993.367	-0.0430
7080.426	-0.0665
7168.568	-0.0911
7257.808	-0.1167
7348.158	-0.1428
7439.633	-0.1700
7532.248	-0.1984
7626.015	-0.2282
7720.949	-0.2583
7817.065	-0.2893
7914.377	-0.3214
8012.901	-0.3544
8112.652	-0.3884
8213.645	-0.4222
8315.894	-0.4568
8419.416	-0.4922
8524.228	-0.5284
8630.343	-0.5654
8737.780	-0.6031
8846.555	-0.6417
8956.683	-0.6813
9068.182	-0.7221
9181.069	-0.7640
9295.362	-0.8072
9411.078	-0.8518
9528.233	-0.8981
9646.849	-0.9461
9766.939	-0.9968
9888.525	-1.0496
10011.625	-1.1043
10136.257	-1.1612
10262.440	-1.2201
10390.195	-1.2799
10519.540	-1.3421
10650.495	-1.4066
10783.080	-1.4734
10917.316	-1.5425
11053.223	-1.6139
11190.821	-1.6876
11330.133	-1.7635
11471.179	-1.8416
11613.980	-1.9211
11758.561	-2.0021
11904.939	-2.0848
12053.141	-2.1690
12203.188	-2.2545
12355.102	-2.3409
12508.907	-2.4287
12664.627	-2.5179
12822.286	-2.6084
12981.907	-2.6996
13143.516	-2.7915
13307.136	-2.8847
13472.793	-2.9794
13640.512	-3.0754
13810.319	-3.1720
13982.240	-3.2697
14156.302	-3.3686
14332.529	-3.4685
14510.951	-3.5691
14691.595	-3.6697
14874.486	-3.7709
15059.655	-3.8729
15247.129	-3.9753
15436.937	-4.0773
15629.106	-4.1792
15823.669	-4.2816
16020.654	-4.3843
16220.091	-4.4873
16422.010	-4.5902
16626.443	-4.6929
16833.422	-4.7956
17042.977	-4.8982
17255.141	-5.0005
17469.945	-5.1021
17687.424	-5.2032
17907.609	-5.2907
18130.537	-5.3790
18356.240	-5.4677
18584.752	-5.5569
18816.107	-5.6469
19050.346	-5.7377
19287.498	-5.8294
19527.604	-5.9221
19770.697	-6.0158
20016.816	-6.1105
