Sens Factor =-1.301dB, SERNO: 7009137
"Auto-generated 90-degree calibration file"
10.054	-5.7840
10.179	-5.6146
10.306	-5.4483
10.434	-5.2853
10.564	-5.1255
10.696	-4.9687
10.829	-4.8150
10.964	-4.6645
11.100	-4.5169
11.238	-4.3724
11.378	-4.2308
11.520	-4.0921
11.663	-3.9564
11.809	-3.8234
11.956	-3.6934
12.104	-3.5662
12.255	-3.4417
12.408	-3.3200
12.562	-3.2010
12.718	-3.0846
12.877	-2.9709
13.037	-2.8598
13.199	-2.7513
13.364	-2.6453
13.530	-2.5419
13.698	-2.4409
13.869	-2.3424
14.042	-2.2463
14.216	-2.1526
14.393	-2.0612
14.573	-1.9721
14.754	-1.8854
14.938	-1.8009
15.124	-1.7186
15.312	-1.6386
15.503	-1.5606
15.696	-1.4848
15.891	-1.4111
16.089	-1.3395
16.289	-1.2699
16.492	-1.2023
16.697	-1.1367
16.905	-1.0730
17.115	-1.0112
17.328	-0.9513
17.544	-0.8932
17.763	-0.8368
17.984	-0.7823
18.208	-0.7296
18.434	-0.6785
18.664	-0.6291
18.896	-0.5814
19.131	-0.5353
19.369	-0.4907
19.611	-0.4477
19.855	-0.4062
20.102	-0.3662
20.352	-0.3276
20.605	-0.2905
20.862	-0.2547
21.122	-0.2203
21.385	-0.1873
21.651	-0.1555
21.920	-0.1250
22.193	-0.0956
22.470	-0.0675
22.749	-0.0406
23.032	-0.0148
23.319	0.0100
23.609	0.0336
23.903	0.0563
24.201	0.0779
24.502	0.0986
24.807	0.1183
25.116	0.1371
25.429	0.1551
25.745	0.1722
26.066	0.1885
26.390	0.2040
26.719	0.2188
27.051	0.2329
27.388	0.2463
27.729	0.2591
28.074	0.2713
28.424	0.2828
28.778	0.2939
29.136	0.3044
29.499	0.3144
29.866	0.3240
30.238	0.3331
30.614	0.3419
30.995	0.3503
31.381	0.3584
31.772	0.3662
32.167	0.3737
32.568	0.3811
32.973	0.3882
33.383	0.3951
33.799	0.4020
34.220	0.4087
34.646	0.4154
35.077	0.4220
35.514	0.4279
35.956	0.4340
36.403	0.4406
36.857	0.4477
37.315	0.4552
37.780	0.4635
38.250	0.4723
38.726	0.4819
39.209	0.4922
39.697	0.5031
40.191	0.5148
40.691	0.5271
41.198	0.5400
41.711	0.5535
42.230	0.5674
42.756	0.5816
43.288	0.5959
43.827	0.6102
44.372	0.6244
44.925	0.6384
45.484	0.6520
46.050	0.6654
46.623	0.6783
47.204	0.6909
47.791	0.7031
48.386	0.7148
48.989	0.7261
49.599	0.7370
50.216	0.7475
50.841	0.7575
51.474	0.7671
52.115	0.7763
52.764	0.7850
53.420	0.7933
54.085	0.8012
54.759	0.8086
55.440	0.8156
56.131	0.8222
56.829	0.8283
57.537	0.8340
58.253	0.8390
58.978	0.8436
59.712	0.8475
60.456	0.8509
61.208	0.8538
61.970	0.8560
62.742	0.8576
63.523	0.8585
64.314	0.8586
65.114	0.8578
65.925	0.8560
66.745	0.8533
67.576	0.8494
68.418	0.8446
69.269	0.8389
70.132	0.8324
71.005	0.8252
71.889	0.8175
72.784	0.8094
73.690	0.8011
74.607	0.7925
75.536	0.7837
76.476	0.7747
77.428	0.7655
78.392	0.7563
79.368	0.7468
80.356	0.7372
81.356	0.7274
82.369	0.7173
83.394	0.7069
84.433	0.6963
85.484	0.6856
86.548	0.6747
87.625	0.6638
88.716	0.6530
89.820	0.6423
90.939	0.6319
92.071	0.6217
93.217	0.6118
94.377	0.6023
95.552	0.5931
96.742	0.5842
97.946	0.5756
99.165	0.5673
100.400	0.5593
101.650	0.5515
102.915	0.5437
104.196	0.5361
105.493	0.5285
106.806	0.5209
108.136	0.5135
109.482	0.5062
110.845	0.4990
112.225	0.4919
113.622	0.4848
115.037	0.4778
116.469	0.4710
117.919	0.4643
119.386	0.4578
120.873	0.4515
122.377	0.4453
123.901	0.4394
125.443	0.4337
127.005	0.4282
128.586	0.4231
130.187	0.4184
131.807	0.4140
133.448	0.4102
135.109	0.4066
136.791	0.4033
138.494	0.4002
140.218	0.3973
141.964	0.3945
143.731	0.3918
145.520	0.3892
147.332	0.3866
149.166	0.3838
151.023	0.3809
152.903	0.3778
154.806	0.3745
156.734	0.3709
158.685	0.3671
160.660	0.3630
162.660	0.3586
164.685	0.3540
166.735	0.3491
168.811	0.3441
170.912	0.3390
173.040	0.3337
175.194	0.3283
177.375	0.3227
179.583	0.3169
181.819	0.3110
184.082	0.3048
186.374	0.2983
188.694	0.2916
191.043	0.2847
193.421	0.2777
195.829	0.2705
198.267	0.2631
200.735	0.2554
203.234	0.2479
205.764	0.2404
208.325	0.2329
210.919	0.2254
213.544	0.2179
216.203	0.2104
218.894	0.2026
221.619	0.1947
224.378	0.1870
227.171	0.1795
229.999	0.1723
232.862	0.1653
235.761	0.1584
238.696	0.1515
241.668	0.1445
244.676	0.1376
247.722	0.1306
250.806	0.1235
253.928	0.1162
257.089	0.1089
260.290	0.1015
263.530	0.0939
266.810	0.0862
270.132	0.0783
273.495	0.0702
276.899	0.0622
280.346	0.0541
283.836	0.0461
287.370	0.0382
290.947	0.0304
294.569	0.0226
298.236	0.0149
301.949	0.0074
305.708	0.0000
309.513	-0.0070
313.366	-0.0137
317.267	-0.0201
321.217	-0.0261
325.216	-0.0316
329.264	-0.0365
333.363	-0.0406
337.513	-0.0440
341.715	-0.0469
345.969	-0.0492
350.276	-0.0513
354.636	-0.0530
359.051	-0.0544
363.521	-0.0556
368.046	-0.0566
372.628	-0.0574
377.266	-0.0581
381.963	-0.0588
386.718	-0.0593
391.532	-0.0597
396.406	-0.0599
401.341	-0.0598
406.337	-0.0594
411.395	-0.0589
416.517	-0.0580
421.702	-0.0569
426.951	-0.0557
432.266	-0.0541
437.648	-0.0523
443.096	-0.0501
448.612	-0.0476
454.196	-0.0449
459.851	-0.0420
465.575	-0.0390
471.371	-0.0358
477.239	-0.0324
483.180	-0.0289
489.195	-0.0252
495.285	-0.0213
501.450	-0.0173
507.693	-0.0132
514.013	-0.0090
520.412	-0.0049
526.890	-0.0008
533.449	0.0032
540.090	0.0070
546.814	0.0105
553.621	0.0134
560.513	0.0157
567.490	0.0176
574.555	0.0190
581.707	0.0200
588.949	0.0209
596.281	0.0216
603.703	0.0221
611.219	0.0225
618.828	0.0228
626.531	0.0230
634.331	0.0231
642.228	0.0230
650.222	0.0228
658.317	0.0226
666.512	0.0224
674.809	0.0220
683.210	0.0216
691.715	0.0211
700.326	0.0204
709.044	0.0198
717.871	0.0191
726.807	0.0183
735.855	0.0176
745.016	0.0168
754.290	0.0159
763.680	0.0149
773.187	0.0133
782.812	0.0118
792.557	0.0102
802.424	0.0086
812.413	0.0070
822.526	0.0052
832.766	0.0033
843.133	0.0015
853.629	-0.0003
864.255	-0.0023
875.014	-0.0042
885.907	-0.0062
896.935	-0.0080
908.101	-0.0099
919.406	-0.0118
930.851	-0.0136
942.439	-0.0155
954.171	-0.0171
966.049	-0.0188
978.076	-0.0206
990.251	-0.0222
1002.579	-0.0237
1015.060	-0.0253
1027.696	-0.0271
1040.489	-0.0289
1053.442	-0.0306
1066.556	-0.0322
1079.833	-0.0337
1093.276	-0.0349
1106.886	-0.0361
1120.665	-0.0370
1134.616	-0.0378
1148.741	-0.0383
1163.041	-0.0386
1177.519	-0.0389
1192.178	-0.0388
1207.019	-0.0386
1222.045	-0.0385
1237.258	-0.0383
1252.660	-0.0378
1268.254	-0.0371
1284.042	-0.0363
1300.027	-0.0352
1316.211	-0.0337
1332.596	-0.0322
1349.185	-0.0304
1365.981	-0.0288
1382.985	-0.0272
1400.202	-0.0254
1417.633	-0.0235
1435.280	-0.0214
1453.148	-0.0194
1471.238	-0.0173
1489.553	-0.0149
1508.096	-0.0125
1526.870	-0.0100
1545.877	-0.0073
1565.121	-0.0043
1584.605	-0.0014
1604.332	0.0017
1624.303	0.0048
1644.524	0.0080
1664.996	0.0112
1685.723	0.0146
1706.708	0.0182
1727.955	0.0213
1749.466	0.0246
1771.244	0.0280
1793.294	0.0315
1815.618	0.0353
1838.221	0.0394
1861.104	0.0435
1884.272	0.0480
1907.729	0.0526
1931.478	0.0568
1955.523	0.0610
1979.866	0.0655
2004.513	0.0703
2029.467	0.0757
2054.731	0.0815
2080.310	0.0879
2106.207	0.0947
2132.427	0.1020
2158.973	0.1095
2185.849	0.1173
2213.060	0.1253
2240.610	0.1338
2268.503	0.1426
2296.743	0.1519
2325.334	0.1618
2354.282	0.1719
2383.590	0.1824
2413.262	0.1931
2443.305	0.2037
2473.721	0.2146
2504.515	0.2256
2535.693	0.2370
2567.260	0.2483
2599.219	0.2596
2631.576	0.2710
2664.335	0.2825
2697.503	0.2942
2731.084	0.3063
2765.082	0.3186
2799.504	0.3311
2834.354	0.3436
2869.638	0.3562
2905.362	0.3683
2941.530	0.3803
2978.148	0.3924
3015.222	0.4045
3052.758	0.4167
3090.761	0.4288
3129.237	0.4408
3168.192	0.4530
3207.632	0.4651
3247.563	0.4770
3287.991	0.4885
3328.923	0.4999
3370.364	0.5112
3412.320	0.5224
3454.799	0.5336
3497.807	0.5446
3541.351	0.5556
3585.436	0.5668
3630.070	0.5780
3675.260	0.5893
3721.012	0.6008
3767.334	0.6126
3814.233	0.6246
3861.715	0.6367
3909.789	0.6491
3958.460	0.6617
4007.738	0.6746
4057.630	0.6879
4108.142	0.7008
4159.283	0.7140
4211.061	0.7275
4263.483	0.7414
4316.559	0.7555
4370.294	0.7701
4424.699	0.7848
4479.781	0.7997
4535.548	0.8148
4592.010	0.8297
4649.175	0.8445
4707.051	0.8592
4765.648	0.8739
4824.975	0.8886
4885.039	0.9018
4945.852	0.9144
5007.421	0.9268
5069.757	0.9389
5132.870	0.9504
5196.768	0.9604
5261.460	0.9699
5326.959	0.9789
5393.273	0.9874
5460.413	0.9952
5528.388	1.0024
5597.209	1.0091
5666.887	1.0150
5737.433	1.0206
5808.857	1.0259
5881.169	1.0307
5954.383	1.0350
6028.507	1.0388
6103.555	1.0420
6179.536	1.0446
6256.464	1.0467
6334.349	1.0484
6413.204	1.0496
6493.040	1.0504
6573.870	1.0507
6655.706	1.0505
6738.562	1.0498
6822.448	1.0486
6907.379	1.0469
6993.367	1.0449
7080.426	1.0421
7168.568	1.0389
7257.808	1.0350
7348.158	1.0312
7439.633	1.0266
7532.248	1.0210
7626.015	1.0142
7720.949	1.0070
7817.065	0.9993
7914.377	0.9903
8012.901	0.9799
8112.652	0.9678
8213.645	0.9553
8315.894	0.9414
8419.416	0.9261
8524.228	0.9093
8630.343	0.8912
8737.780	0.8717
8846.555	0.8508
8956.683	0.8281
9068.182	0.8038
9181.069	0.7776
9295.362	0.7497
9411.078	0.7199
9528.233	0.6881
9646.849	0.6541
9766.939	0.6171
9888.525	0.5774
10011.625	0.5355
10136.257	0.4909
10262.440	0.4439
10390.195	0.3955
10519.540	0.3444
10650.495	0.2907
10783.080	0.2342
10917.316	0.1749
11053.223	0.1129
11190.821	0.0479
11330.133	-0.0197
11471.179	-0.0903
11613.980	-0.1633
11758.561	-0.2390
11904.939	-0.3175
12053.141	-0.3985
12203.188	-0.4821
12355.102	-0.5675
12508.907	-0.6551
12664.627	-0.7451
12822.286	-0.8374
12981.907	-0.9315
13143.516	-1.0273
13307.136	-1.1250
13472.793	-1.2249
13640.512	-1.3264
13810.319	-1.4293
13982.240	-1.5337
14156.302	-1.6401
14332.529	-1.7483
14510.951	-1.8580
14691.595	-1.9685
14874.486	-2.0805
15059.655	-2.1941
15247.129	-2.3091
15436.937	-2.4252
15629.106	-2.5422
15823.669	-2.6605
16020.654	-2.7799
16220.091	-2.9001
16422.010	-3.0207
16626.443	-3.1417
16833.422	-3.2630
17042.977	-3.3845
17255.141	-3.5058
17469.945	-3.6264
17687.424	-3.7466
17907.609	-3.8424
18130.537	-3.9392
18356.240	-4.0368
18584.752	-4.1350
18816.107	-4.2344
19050.346	-4.3348
19287.498	-4.4362
19527.604	-4.5389
19770.697	-4.6428
20016.816	-4.7477
