Sens Factor =-1.144dB, SERNO: 7009130
10.054	-6.1714
10.179	-5.9983
10.306	-5.8284
10.434	-5.6617
10.564	-5.4982
10.696	-5.3377
10.829	-5.1804
10.964	-5.0262
11.1	-4.8750
11.238	-4.7268
11.378	-4.5815
11.52	-4.4391
11.663	-4.2998
11.809	-4.1631
11.956	-4.0294
12.104	-3.8986
12.255	-3.7704
12.408	-3.6450
12.562	-3.5223
12.718	-3.4023
12.877	-3.2849
13.037	-3.1702
13.199	-3.0580
13.364	-2.9483
13.53	-2.8413
13.698	-2.7366
13.869	-2.6344
14.042	-2.5346
14.216	-2.4373
14.393	-2.3423
14.573	-2.2495
14.754	-2.1591
14.938	-2.0709
15.124	-1.9850
15.312	-1.9013
15.503	-1.8197
15.696	-1.7402
15.891	-1.6629
16.089	-1.5876
16.289	-1.5143
16.492	-1.4430
16.697	-1.3737
16.905	-1.3064
17.115	-1.2409
17.328	-1.1773
17.544	-1.1155
17.763	-1.0556
17.984	-0.9974
18.208	-0.9409
18.434	-0.8862
18.664	-0.8332
18.896	-0.7818
19.131	-0.7320
19.369	-0.6838
19.611	-0.6371
19.855	-0.5919
20.102	-0.5482
20.352	-0.5060
20.605	-0.4652
20.862	-0.4258
21.122	-0.3877
21.385	-0.3510
21.651	-0.3155
21.92	-0.2814
22.193	-0.2484
22.47	-0.2166
22.749	-0.1860
23.032	-0.1565
23.319	-0.1281
23.609	-0.1008
23.903	-0.0745
24.201	-0.0492
24.502	-0.0248
24.807	-0.0014
25.116	0.0211
25.429	0.0427
25.745	0.0635
26.066	0.0835
26.39	0.1026
26.719	0.1211
27.051	0.1389
27.388	0.1559
27.729	0.1724
28.074	0.1882
28.424	0.2034
28.778	0.2181
29.136	0.2323
29.499	0.2460
29.866	0.2592
30.238	0.2721
30.614	0.2845
30.995	0.2966
31.381	0.3083
31.772	0.3198
32.167	0.3310
32.568	0.3420
32.973	0.3528
33.383	0.3634
33.799	0.3739
34.22	0.3843
34.646	0.3947
35.077	0.4050
35.514	0.4174
35.956	0.4288
36.403	0.4391
36.857	0.4484
37.315	0.4565
37.78	0.4634
38.25	0.4689
38.726	0.4729
39.209	0.4750
39.697	0.4752
40.191	0.4735
40.691	0.4699
41.198	0.4647
41.711	0.4582
42.23	0.4507
42.756	0.4426
43.288	0.4341
43.827	0.4259
44.372	0.4182
44.925	0.4114
45.484	0.4057
46.05	0.4012
46.623	0.3980
47.204	0.3960
47.791	0.3952
48.386	0.3953
48.989	0.3962
49.599	0.3978
50.216	0.4002
50.841	0.4032
51.474	0.4068
52.115	0.4109
52.764	0.4155
53.42	0.4205
54.085	0.4258
54.759	0.4314
55.44	0.4371
56.131	0.4429
56.829	0.4488
57.537	0.4545
58.253	0.4602
58.978	0.4657
59.712	0.4712
60.456	0.4767
61.208	0.4823
61.97	0.4881
62.742	0.4943
63.523	0.5010
64.314	0.5083
65.114	0.5164
65.925	0.5255
66.745	0.5356
67.576	0.5467
68.418	0.5585
69.269	0.5711
70.132	0.5840
71.005	0.5971
71.889	0.6100
72.784	0.6226
73.69	0.6345
74.607	0.6458
75.536	0.6562
76.476	0.6659
77.428	0.6749
78.392	0.6834
79.368	0.6915
80.356	0.6993
81.356	0.7070
82.369	0.7148
83.394	0.7226
84.433	0.7303
85.484	0.7379
86.548	0.7453
87.625	0.7522
88.716	0.7585
89.82	0.7641
90.939	0.7687
92.071	0.7722
93.217	0.7745
94.377	0.7756
95.552	0.7755
96.742	0.7744
97.946	0.7724
99.165	0.7696
100.4	0.7664
101.65	0.7626
102.915	0.7586
104.196	0.7542
105.493	0.7494
106.806	0.7442
108.136	0.7386
109.482	0.7325
110.845	0.7260
112.225	0.7190
113.622	0.7116
115.037	0.7040
116.469	0.6962
117.919	0.6882
119.386	0.6801
120.873	0.6719
122.377	0.6637
123.901	0.6553
125.443	0.6468
127.005	0.6379
128.586	0.6288
130.187	0.6192
131.807	0.6090
133.448	0.5983
135.109	0.5869
136.791	0.5750
138.494	0.5625
140.218	0.5498
141.964	0.5368
143.731	0.5237
145.52	0.5106
147.332	0.4978
149.166	0.4852
151.023	0.4731
152.903	0.4615
154.806	0.4506
156.734	0.4404
158.685	0.4310
160.66	0.4223
162.66	0.4142
164.685	0.4066
166.735	0.3992
168.811	0.3921
170.912	0.3851
173.04	0.3785
175.194	0.3723
177.375	0.3663
179.583	0.3607
181.819	0.3554
184.082	0.3505
186.374	0.3460
188.694	0.3419
191.043	0.3381
193.421	0.3346
195.829	0.3310
198.267	0.3272
200.735	0.3234
203.234	0.3196
205.764	0.3159
208.325	0.3123
210.919	0.3088
213.544	0.3053
216.203	0.3019
218.894	0.2985
221.619	0.2952
224.378	0.2921
227.171	0.2891
229.999	0.2864
232.862	0.2842
235.761	0.2821
238.696	0.2800
241.668	0.2780
244.676	0.2761
247.722	0.2744
250.806	0.2728
253.928	0.2713
257.089	0.2701
260.29	0.2692
263.53	0.2685
266.81	0.2681
270.132	0.2680
273.495	0.2681
276.899	0.2687
280.346	0.2697
283.836	0.2710
287.37	0.2724
290.947	0.2738
294.569	0.2749
298.236	0.2758
301.949	0.2764
305.708	0.2761
309.513	0.2749
313.366	0.2724
317.267	0.2686
321.217	0.2632
325.216	0.2563
329.264	0.2484
333.363	0.2399
337.513	0.2313
341.715	0.2235
345.969	0.2168
350.276	0.2113
354.636	0.2068
359.051	0.2030
363.521	0.1994
368.046	0.1960
372.628	0.1922
377.266	0.1881
381.963	0.1835
386.718	0.1784
391.532	0.1732
396.406	0.1680
401.341	0.1630
406.337	0.1579
411.395	0.1526
416.517	0.1474
421.702	0.1422
426.951	0.1372
432.266	0.1325
437.648	0.1279
443.096	0.1237
448.612	0.1196
454.196	0.1156
459.851	0.1113
465.575	0.1069
471.371	0.1023
477.239	0.0976
483.18	0.0930
489.195	0.0889
495.285	0.0852
501.45	0.0819
507.693	0.0795
514.013	0.0782
520.412	0.0781
526.89	0.0793
533.449	0.0821
540.09	0.0864
546.814	0.0919
553.621	0.0980
560.513	0.1039
567.49	0.1089
574.555	0.1124
581.707	0.1144
588.949	0.1151
596.281	0.1149
603.703	0.1142
611.219	0.1135
618.828	0.1128
626.531	0.1121
634.331	0.1114
642.228	0.1106
650.222	0.1095
658.317	0.1083
666.512	0.1070
674.809	0.1056
683.21	0.1043
691.715	0.1031
700.326	0.1019
709.044	0.1006
717.871	0.0989
726.807	0.0968
735.855	0.0942
745.016	0.0914
754.29	0.0885
763.68	0.0858
773.187	0.0833
782.812	0.0808
792.557	0.0784
802.424	0.0758
812.413	0.0730
822.526	0.0699
832.766	0.0666
843.133	0.0632
853.629	0.0600
864.255	0.0567
875.014	0.0532
885.907	0.0497
896.935	0.0462
908.101	0.0427
919.406	0.0390
930.851	0.0353
942.439	0.0316
954.171	0.0281
966.049	0.0248
978.076	0.0216
990.251	0.0186
1002.579	0.0157
1015.06	0.0128
1027.696	0.0099
1040.489	0.0073
1053.442	0.0048
1066.556	0.0024
1079.833	0.0002
1093.276	-0.0020
1106.886	-0.0039
1120.665	-0.0056
1134.616	-0.0070
1148.741	-0.0082
1163.041	-0.0091
1177.519	-0.0097
1192.178	-0.0099
1207.019	-0.0096
1222.045	-0.0089
1237.258	-0.0079
1252.66	-0.0065
1268.254	-0.0051
1284.042	-0.0035
1300.027	-0.0017
1316.211	0.0003
1332.596	0.0027
1349.185	0.0055
1365.981	0.0088
1382.985	0.0126
1400.202	0.0168
1417.633	0.0211
1435.28	0.0255
1453.148	0.0303
1471.238	0.0353
1489.553	0.0405
1508.096	0.0461
1526.87	0.0520
1545.877	0.0581
1565.121	0.0643
1584.605	0.0706
1604.332	0.0770
1624.303	0.0836
1644.524	0.0902
1664.996	0.0971
1685.723	0.1042
1706.708	0.1114
1727.955	0.1188
1749.466	0.1264
1771.244	0.1342
1793.294	0.1421
1815.618	0.1502
1838.221	0.1585
1861.104	0.1669
1884.272	0.1754
1907.729	0.1841
1931.478	0.1931
1955.523	0.2023
1979.866	0.2117
2004.513	0.2213
2029.467	0.2311
2054.731	0.2411
2080.31	0.2513
2106.207	0.2619
2132.427	0.2727
2158.973	0.2838
2185.849	0.2952
2213.06	0.3068
2240.61	0.3186
2268.503	0.3306
2296.743	0.3429
2325.334	0.3552
2354.282	0.3675
2383.59	0.3800
2413.262	0.3927
2443.305	0.4056
2473.721	0.4188
2504.515	0.4323
2535.693	0.4460
2567.26	0.4600
2599.219	0.4741
2631.576	0.4885
2664.335	0.5031
2697.503	0.5178
2731.084	0.5327
2765.082	0.5478
2799.504	0.5631
2834.354	0.5785
2869.638	0.5941
2905.362	0.6099
2941.53	0.6260
2978.148	0.6422
3015.222	0.6587
3052.758	0.6754
3090.761	0.6924
3129.237	0.7096
3168.192	0.7271
3207.632	0.7448
3247.563	0.7628
3287.991	0.7811
3328.923	0.7997
3370.364	0.8185
3412.32	0.8378
3454.799	0.8574
3497.807	0.8773
3541.351	0.8976
3585.436	0.9184
3630.07	0.9395
3675.26	0.9612
3721.012	0.9834
3767.334	1.0062
3814.233	1.0297
3861.715	1.0539
3909.789	1.0789
3958.46	1.1045
4007.738	1.1309
4057.63	1.1578
4108.142	1.1853
4159.283	1.2134
4211.061	1.2420
4263.483	1.2711
4316.559	1.3006
4370.294	1.3306
4424.699	1.3611
4479.781	1.3918
4535.548	1.4229
4592.01	1.4541
4649.175	1.4856
4707.051	1.5171
4765.648	1.5486
4824.975	1.5801
4885.039	1.6116
4945.852	1.6428
5007.421	1.6739
5069.757	1.7046
5132.87	1.7350
5196.768	1.7649
5261.46	1.7945
5326.959	1.8236
5393.273	1.8522
5460.413	1.8805
5528.388	1.9085
5597.209	1.9361
5666.887	1.9634
5737.433	1.9905
5808.857	2.0173
5881.169	2.0438
5954.383	2.0702
6028.507	2.0962
6103.555	2.1222
6179.536	2.1479
6256.464	2.1736
6334.349	2.1992
6413.204	2.2247
6493.04	2.2503
6573.87	2.2758
6655.706	2.3012
6738.562	2.3265
6822.448	2.3517
6907.379	2.3767
6993.367	2.4015
7080.426	2.4260
7168.568	2.4502
7257.808	2.4740
7348.158	2.4975
7439.633	2.5203
7532.248	2.5426
7626.015	2.5642
7720.949	2.5851
7817.065	2.6053
7914.377	2.6249
8012.901	2.6437
8112.652	2.6615
8213.645	2.6786
8315.894	2.6948
8419.416	2.7102
8524.228	2.7249
8630.343	2.7389
8737.78	2.7521
8846.555	2.7644
8956.683	2.7758
9068.182	2.7863
9181.069	2.7957
9295.362	2.8041
9411.078	2.8114
9528.233	2.8175
9646.849	2.8222
9766.939	2.8255
9888.525	2.8275
10011.625	2.8281
10136.257	2.8273
10262.44	2.8249
10390.195	2.8207
10519.54	2.8151
10650.495	2.8082
10783.08	2.8003
10917.316	2.7907
11053.223	2.7794
11190.821	2.7664
11330.133	2.7519
11471.179	2.7359
11613.98	2.7184
11758.561	2.6995
11904.939	2.6792
12053.141	2.6577
12203.188	2.6349
12355.102	2.6108
12508.907	2.5853
12664.627	2.5587
12822.286	2.5308
12981.907	2.5018
13143.516	2.4716
13307.136	2.4403
13472.793	2.4079
13640.512	2.3746
13810.319	2.3403
13982.24	2.3050
14156.302	2.2689
14332.529	2.2320
14510.951	2.1945
14691.595	2.1564
14874.486	2.1179
15059.655	2.0788
15247.129	2.0393
15436.937	1.9994
15629.106	1.9592
15823.669	1.9186
16020.654	1.8778
16220.091	1.8369
16422.01	1.7960
16626.443	1.7550
16833.422	1.7143
17042.977	1.6739
17255.141	1.6341
17469.945	1.5946
17687.424	1.5553
17907.609	1.5342
18130.537	1.5126
18356.24	1.4908
18584.752	1.4686
18816.107	1.4459
19050.346	1.4227
19287.498	1.3989
19527.604	1.3747
19770.697	1.3500
20016.816	1.3248
