Sens Factor =-.3031dB, SERNO: 7009197
"Auto-generated 90-degree calibration file"
10.054	-5.9244
10.179	-5.7521
10.306	-5.5829
10.434	-5.4170
10.564	-5.2542
10.696	-5.0945
10.829	-4.9380
10.964	-4.7845
11.100	-4.6341
11.238	-4.4866
11.378	-4.3421
11.520	-4.2005
11.663	-4.0619
11.809	-3.9260
11.956	-3.7931
12.104	-3.6630
12.255	-3.5356
12.408	-3.4109
12.562	-3.2890
12.718	-3.1698
12.877	-3.0531
13.037	-2.9392
13.199	-2.8278
13.364	-2.7188
13.530	-2.6125
13.698	-2.5087
13.869	-2.4072
14.042	-2.3082
14.216	-2.2116
14.393	-2.1173
14.573	-2.0253
14.754	-1.9357
14.938	-1.8483
15.124	-1.7631
15.312	-1.6801
15.503	-1.5993
15.696	-1.5206
15.891	-1.4440
16.089	-1.3695
16.289	-1.2970
16.492	-1.2264
16.697	-1.1579
16.905	-1.0913
17.115	-1.0266
17.328	-0.9638
17.544	-0.9028
17.763	-0.8435
17.984	-0.7861
18.208	-0.7304
18.434	-0.6765
18.664	-0.6242
18.896	-0.5735
19.131	-0.5245
19.369	-0.4771
19.611	-0.4311
19.855	-0.3867
20.102	-0.3438
20.352	-0.3024
20.605	-0.2623
20.862	-0.2237
21.122	-0.1863
21.385	-0.1504
21.651	-0.1157
21.920	-0.0823
22.193	-0.0500
22.470	-0.0190
22.749	0.0108
23.032	0.0396
23.319	0.0672
23.609	0.0938
23.903	0.1193
24.201	0.1439
24.502	0.1674
24.807	0.1901
25.116	0.2118
25.429	0.2327
25.745	0.2527
26.066	0.2719
26.390	0.2903
26.719	0.3081
27.051	0.3250
27.388	0.3414
27.729	0.3570
28.074	0.3721
28.424	0.3866
28.778	0.4005
29.136	0.4139
29.499	0.4269
29.866	0.4393
30.238	0.4514
30.614	0.4631
30.995	0.4744
31.381	0.4854
31.772	0.4961
32.167	0.5065
32.568	0.5168
32.973	0.5268
33.383	0.5367
33.799	0.5464
34.220	0.5561
34.646	0.5656
35.077	0.5752
35.514	0.5843
35.956	0.5935
36.403	0.6029
36.857	0.6127
37.315	0.6229
37.780	0.6337
38.250	0.6449
38.726	0.6566
39.209	0.6685
39.697	0.6806
40.191	0.6925
40.691	0.7040
41.198	0.7149
41.711	0.7250
42.230	0.7342
42.756	0.7424
43.288	0.7497
43.827	0.7560
44.372	0.7614
44.925	0.7659
45.484	0.7695
46.050	0.7724
46.623	0.7744
47.204	0.7756
47.791	0.7761
48.386	0.7759
48.989	0.7750
49.599	0.7733
50.216	0.7710
50.841	0.7680
51.474	0.7643
52.115	0.7599
52.764	0.7549
53.420	0.7492
54.085	0.7427
54.759	0.7355
55.440	0.7276
56.131	0.7190
56.829	0.7099
57.537	0.7002
58.253	0.6898
58.978	0.6789
59.712	0.6675
60.456	0.6554
61.208	0.6426
61.970	0.6292
62.742	0.6152
63.523	0.6006
64.314	0.5857
65.114	0.5704
65.925	0.5550
66.745	0.5397
67.576	0.5245
68.418	0.5097
69.269	0.4953
70.132	0.4812
71.005	0.4676
71.889	0.4543
72.784	0.4412
73.690	0.4284
74.607	0.4156
75.536	0.4029
76.476	0.3902
77.428	0.3774
78.392	0.3646
79.368	0.3518
80.356	0.3390
81.356	0.3264
82.369	0.3141
83.394	0.3021
84.433	0.2905
85.484	0.2795
86.548	0.2691
87.625	0.2593
88.716	0.2500
89.820	0.2412
90.939	0.2329
92.071	0.2250
93.217	0.2173
94.377	0.2100
95.552	0.2029
96.742	0.1961
97.946	0.1896
99.165	0.1834
100.400	0.1775
101.650	0.1721
102.915	0.1672
104.196	0.1628
105.493	0.1590
106.806	0.1557
108.136	0.1530
109.482	0.1507
110.845	0.1489
112.225	0.1475
113.622	0.1465
115.037	0.1458
116.469	0.1454
117.919	0.1452
119.386	0.1454
120.873	0.1459
122.377	0.1467
123.901	0.1479
125.443	0.1493
127.005	0.1511
128.586	0.1530
130.187	0.1551
131.807	0.1574
133.448	0.1599
135.109	0.1625
136.791	0.1650
138.494	0.1672
140.218	0.1691
141.964	0.1706
143.731	0.1716
145.520	0.1721
147.332	0.1723
149.166	0.1721
151.023	0.1715
152.903	0.1706
154.806	0.1694
156.734	0.1679
158.685	0.1662
160.660	0.1642
162.660	0.1621
164.685	0.1597
166.735	0.1570
168.811	0.1539
170.912	0.1503
173.040	0.1463
175.194	0.1420
177.375	0.1372
179.583	0.1323
181.819	0.1272
184.082	0.1218
186.374	0.1160
188.694	0.1100
191.043	0.1037
193.421	0.0974
195.829	0.0911
198.267	0.0849
200.735	0.0789
203.234	0.0729
205.764	0.0670
208.325	0.0612
210.919	0.0556
213.544	0.0504
216.203	0.0457
218.894	0.0412
221.619	0.0370
224.378	0.0329
227.171	0.0292
229.999	0.0256
232.862	0.0222
235.761	0.0192
238.696	0.0165
241.668	0.0140
244.676	0.0114
247.722	0.0088
250.806	0.0063
253.928	0.0040
257.089	0.0017
260.290	-0.0006
263.530	-0.0031
266.810	-0.0058
270.132	-0.0086
273.495	-0.0117
276.899	-0.0150
280.346	-0.0185
283.836	-0.0220
287.370	-0.0256
290.947	-0.0293
294.569	-0.0331
298.236	-0.0372
301.949	-0.0414
305.708	-0.0455
309.513	-0.0497
313.366	-0.0538
317.267	-0.0578
321.217	-0.0616
325.216	-0.0653
329.264	-0.0687
333.363	-0.0718
337.513	-0.0742
341.715	-0.0757
345.969	-0.0765
350.276	-0.0767
354.636	-0.0765
359.051	-0.0761
363.521	-0.0757
368.046	-0.0753
372.628	-0.0749
377.266	-0.0746
381.963	-0.0743
386.718	-0.0739
391.532	-0.0736
396.406	-0.0732
401.341	-0.0728
406.337	-0.0721
411.395	-0.0712
416.517	-0.0703
421.702	-0.0693
426.951	-0.0681
432.266	-0.0665
437.648	-0.0646
443.096	-0.0621
448.612	-0.0593
454.196	-0.0560
459.851	-0.0523
465.575	-0.0482
471.371	-0.0439
477.239	-0.0393
483.180	-0.0346
489.195	-0.0297
495.285	-0.0246
501.450	-0.0192
507.693	-0.0138
514.013	-0.0082
520.412	-0.0023
526.890	0.0038
533.449	0.0099
540.090	0.0160
546.814	0.0217
553.621	0.0269
560.513	0.0314
567.490	0.0351
574.555	0.0379
581.707	0.0401
588.949	0.0416
596.281	0.0426
603.703	0.0432
611.219	0.0437
618.828	0.0441
626.531	0.0444
634.331	0.0446
642.228	0.0446
650.222	0.0444
658.317	0.0441
666.512	0.0437
674.809	0.0432
683.210	0.0426
691.715	0.0420
700.326	0.0412
709.044	0.0405
717.871	0.0397
726.807	0.0387
735.855	0.0376
745.016	0.0364
754.290	0.0350
763.680	0.0335
773.187	0.0314
782.812	0.0294
792.557	0.0273
802.424	0.0251
812.413	0.0228
822.526	0.0203
832.766	0.0177
843.133	0.0151
853.629	0.0124
864.255	0.0095
875.014	0.0067
885.907	0.0038
896.935	0.0008
908.101	-0.0023
919.406	-0.0056
930.851	-0.0087
942.439	-0.0121
954.171	-0.0153
966.049	-0.0186
978.076	-0.0219
990.251	-0.0253
1002.579	-0.0287
1015.060	-0.0323
1027.696	-0.0361
1040.489	-0.0399
1053.442	-0.0436
1066.556	-0.0473
1079.833	-0.0507
1093.276	-0.0541
1106.886	-0.0573
1120.665	-0.0604
1134.616	-0.0633
1148.741	-0.0660
1163.041	-0.0684
1177.519	-0.0708
1192.178	-0.0729
1207.019	-0.0749
1222.045	-0.0769
1237.258	-0.0787
1252.660	-0.0803
1268.254	-0.0817
1284.042	-0.0830
1300.027	-0.0841
1316.211	-0.0848
1332.596	-0.0855
1349.185	-0.0858
1365.981	-0.0864
1382.985	-0.0868
1400.202	-0.0871
1417.633	-0.0873
1435.280	-0.0872
1453.148	-0.0872
1471.238	-0.0871
1489.553	-0.0866
1508.096	-0.0860
1526.870	-0.0851
1545.877	-0.0839
1565.121	-0.0825
1584.605	-0.0809
1604.332	-0.0791
1624.303	-0.0772
1644.524	-0.0752
1664.996	-0.0730
1685.723	-0.0706
1706.708	-0.0680
1727.955	-0.0659
1749.466	-0.0637
1771.244	-0.0613
1793.294	-0.0588
1815.618	-0.0562
1838.221	-0.0533
1861.104	-0.0504
1884.272	-0.0472
1907.729	-0.0439
1931.478	-0.0411
1955.523	-0.0386
1979.866	-0.0362
2004.513	-0.0340
2029.467	-0.0321
2054.731	-0.0303
2080.310	-0.0284
2106.207	-0.0267
2132.427	-0.0249
2158.973	-0.0233
2185.849	-0.0219
2213.060	-0.0207
2240.610	-0.0194
2268.503	-0.0185
2296.743	-0.0175
2325.334	-0.0167
2354.282	-0.0162
2383.590	-0.0158
2413.262	-0.0154
2443.305	-0.0152
2473.721	-0.0151
2504.515	-0.0148
2535.693	-0.0145
2567.260	-0.0143
2599.219	-0.0144
2631.576	-0.0145
2664.335	-0.0147
2697.503	-0.0148
2731.084	-0.0146
2765.082	-0.0142
2799.504	-0.0138
2834.354	-0.0134
2869.638	-0.0130
2905.362	-0.0132
2941.530	-0.0134
2978.148	-0.0136
3015.222	-0.0138
3052.758	-0.0138
3090.761	-0.0140
3129.237	-0.0142
3168.192	-0.0144
3207.632	-0.0144
3247.563	-0.0146
3287.991	-0.0149
3328.923	-0.0147
3370.364	-0.0142
3412.320	-0.0135
3454.799	-0.0127
3497.807	-0.0118
3541.351	-0.0107
3585.436	-0.0094
3630.070	-0.0078
3675.260	-0.0059
3721.012	-0.0036
3767.334	-0.0009
3814.233	0.0024
3861.715	0.0063
3909.789	0.0107
3958.460	0.0154
4007.738	0.0205
4057.630	0.0259
4108.142	0.0310
4159.283	0.0363
4211.061	0.0417
4263.483	0.0473
4316.559	0.0531
4370.294	0.0592
4424.699	0.0653
4479.781	0.0713
4535.548	0.0771
4592.010	0.0824
4649.175	0.0870
4707.051	0.0911
4765.648	0.0944
4824.975	0.0966
4885.039	0.0962
4945.852	0.0941
5007.421	0.0909
5069.757	0.0861
5132.870	0.0797
5196.768	0.0709
5261.460	0.0606
5326.959	0.0489
5393.273	0.0359
5460.413	0.0214
5528.388	0.0057
5597.209	-0.0112
5666.887	-0.0291
5737.433	-0.0478
5808.857	-0.0670
5881.169	-0.0869
5954.383	-0.1077
6028.507	-0.1292
6103.555	-0.1514
6179.536	-0.1742
6256.464	-0.1975
6334.349	-0.2213
6413.204	-0.2456
6493.040	-0.2705
6573.870	-0.2961
6655.706	-0.3224
6738.562	-0.3494
6822.448	-0.3772
6907.379	-0.4058
6993.367	-0.4355
7080.426	-0.4667
7168.568	-0.4992
7257.808	-0.5332
7348.158	-0.5678
7439.633	-0.6038
7532.248	-0.6413
7626.015	-0.6802
7720.949	-0.7198
7817.065	-0.7605
7914.377	-0.8026
8012.901	-0.8456
8112.652	-0.8895
8213.645	-0.9331
8315.894	-0.9774
8419.416	-1.0224
8524.228	-1.0682
8630.343	-1.1147
8737.780	-1.1617
8846.555	-1.2095
8956.683	-1.2583
9068.182	-1.3080
9181.069	-1.3589
9295.362	-1.4111
9411.078	-1.4646
9528.233	-1.5199
9646.849	-1.5770
9766.939	-1.6367
9888.525	-1.6988
10011.625	-1.7629
10136.257	-1.8295
10262.440	-1.8982
10390.195	-1.9681
10519.540	-2.0405
10650.495	-2.1154
10783.080	-2.1929
10917.316	-2.2730
11053.223	-2.3553
11190.821	-2.4399
11330.133	-2.5267
11471.179	-2.6157
11613.980	-2.7059
11758.561	-2.7973
11904.939	-2.8901
12053.141	-2.9839
12203.188	-3.0786
12355.102	-3.1739
12508.907	-3.2703
12664.627	-3.3679
12822.286	-3.4664
12981.907	-3.5652
13143.516	-3.6643
13307.136	-3.7644
13472.793	-3.8659
13640.512	-3.9686
13810.319	-4.0718
13982.240	-4.1759
14156.302	-4.2812
14332.529	-4.3872
14510.951	-4.4940
14691.595	-4.6005
14874.486	-4.7078
15059.655	-4.8157
15247.129	-4.9239
15436.937	-5.0318
15629.106	-5.1399
15823.669	-5.2483
16020.654	-5.3569
16220.091	-5.4656
16422.010	-5.5739
16626.443	-5.6819
16833.422	-5.7894
17042.977	-5.8965
17255.141	-6.0031
17469.945	-6.1088
17687.424	-6.2139
17907.609	-6.3031
18130.537	-6.3930
18356.240	-6.4831
18584.752	-6.5737
18816.107	-6.6650
19050.346	-6.7571
19287.498	-6.8499
19527.604	-6.9438
19770.697	-7.0387
20016.816	-7.1348
