Sens Factor =.4363dB, SERNO: 7009167
10.054	-6.3485
10.179	-6.1724
10.306	-5.9994
10.434	-5.8297
10.564	-5.6631
10.696	-5.4996
10.829	-5.3393
10.964	-5.1820
11.1	-5.0278
11.238	-4.8765
11.378	-4.7282
11.52	-4.5828
11.663	-4.4403
11.809	-4.3007
11.956	-4.1639
12.104	-4.0300
12.255	-3.8988
12.408	-3.7703
12.562	-3.6446
12.718	-3.5216
12.877	-3.4011
13.037	-3.2834
13.199	-3.1682
13.364	-3.0554
13.53	-2.9453
13.698	-2.8376
13.869	-2.7324
14.042	-2.6295
14.216	-2.5292
14.393	-2.4311
14.573	-2.3353
14.754	-2.2418
14.938	-2.1506
15.124	-2.0616
15.312	-1.9748
15.503	-1.8902
15.696	-1.8077
15.891	-1.7273
16.089	-1.6489
16.289	-1.5727
16.492	-1.4983
16.697	-1.4260
16.905	-1.3556
17.115	-1.2871
17.328	-1.2204
17.544	-1.1556
17.763	-1.0926
17.984	-1.0314
18.208	-0.9719
18.434	-0.9141
18.664	-0.8580
18.896	-0.8036
19.131	-0.7507
19.369	-0.6995
19.611	-0.6497
19.855	-0.6015
20.102	-0.5548
20.352	-0.5095
20.605	-0.4657
20.862	-0.4232
21.122	-0.3821
21.385	-0.3423
21.651	-0.3038
21.92	-0.2666
22.193	-0.2306
22.47	-0.1957
22.749	-0.1621
23.032	-0.1296
23.319	-0.0981
23.609	-0.0678
23.903	-0.0384
24.201	-0.0100
24.502	0.0173
24.807	0.0438
25.116	0.0693
25.429	0.0940
25.745	0.1178
26.066	0.1409
26.39	0.1631
26.719	0.1846
27.051	0.2054
27.388	0.2255
27.729	0.2450
28.074	0.2639
28.424	0.2822
28.778	0.2999
29.136	0.3171
29.499	0.3339
29.866	0.3501
30.238	0.3660
30.614	0.3815
30.995	0.3966
31.381	0.4114
31.772	0.4259
32.167	0.4402
32.568	0.4542
32.973	0.4681
33.383	0.4817
33.799	0.4953
34.22	0.5087
34.646	0.5221
35.077	0.5355
35.514	0.5483
35.956	0.5613
36.403	0.5746
36.857	0.5882
37.315	0.6022
37.78	0.6166
38.25	0.6313
38.726	0.6463
39.209	0.6611
39.697	0.6757
40.191	0.6898
40.691	0.7032
41.198	0.7158
41.711	0.7276
42.23	0.7386
42.756	0.7490
43.288	0.7586
43.827	0.7677
44.372	0.7761
44.925	0.7838
45.484	0.7909
46.05	0.7973
46.623	0.8030
47.204	0.8080
47.791	0.8123
48.386	0.8158
48.989	0.8186
49.599	0.8205
50.216	0.8217
50.841	0.8222
51.474	0.8219
52.115	0.8209
52.764	0.8191
53.42	0.8165
54.085	0.8131
54.759	0.8088
55.44	0.8038
56.131	0.7980
56.829	0.7916
57.537	0.7845
58.253	0.7768
58.978	0.7686
59.712	0.7598
60.456	0.7505
61.208	0.7406
61.97	0.7302
62.742	0.7193
63.523	0.7080
64.314	0.6964
65.114	0.6845
65.925	0.6726
66.745	0.6608
67.576	0.6490
68.418	0.6375
69.269	0.6262
70.132	0.6150
71.005	0.6040
71.889	0.5931
72.784	0.5821
73.69	0.5711
74.607	0.5601
75.536	0.5490
76.476	0.5378
77.428	0.5266
78.392	0.5154
79.368	0.5041
80.356	0.4929
81.356	0.4818
82.369	0.4709
83.394	0.4604
84.433	0.4502
85.484	0.4404
86.548	0.4310
87.625	0.4219
88.716	0.4132
89.82	0.4047
90.939	0.3965
92.071	0.3885
93.217	0.3808
94.377	0.3733
95.552	0.3660
96.742	0.3591
97.946	0.3525
99.165	0.3463
100.4	0.3405
101.65	0.3352
102.915	0.3303
104.196	0.3260
105.493	0.3221
106.806	0.3188
108.136	0.3160
109.482	0.3136
110.845	0.3117
112.225	0.3104
113.622	0.3095
115.037	0.3091
116.469	0.3091
117.919	0.3094
119.386	0.3101
120.873	0.3110
122.377	0.3121
123.901	0.3135
125.443	0.3150
127.005	0.3168
128.586	0.3187
130.187	0.3207
131.807	0.3228
133.448	0.3250
135.109	0.3272
136.791	0.3293
138.494	0.3310
140.218	0.3325
141.964	0.3337
143.731	0.3346
145.52	0.3352
147.332	0.3358
149.166	0.3362
151.023	0.3365
152.903	0.3366
154.806	0.3364
156.734	0.3361
158.685	0.3356
160.66	0.3347
162.66	0.3335
164.685	0.3319
166.735	0.3300
168.811	0.3275
170.912	0.3246
173.04	0.3212
175.194	0.3174
177.375	0.3132
179.583	0.3087
181.819	0.3040
184.082	0.2988
186.374	0.2931
188.694	0.2868
191.043	0.2802
193.421	0.2734
195.829	0.2666
198.267	0.2599
200.735	0.2532
203.234	0.2464
205.764	0.2396
208.325	0.2329
210.919	0.2263
213.544	0.2200
216.203	0.2140
218.894	0.2083
221.619	0.2030
224.378	0.1980
227.171	0.1932
229.999	0.1886
232.862	0.1842
235.761	0.1800
238.696	0.1762
241.668	0.1725
244.676	0.1688
247.722	0.1651
250.806	0.1613
253.928	0.1576
257.089	0.1538
260.29	0.1497
263.53	0.1453
266.81	0.1407
270.132	0.1358
273.495	0.1306
276.899	0.1253
280.346	0.1199
283.836	0.1144
287.37	0.1088
290.947	0.1030
294.569	0.0971
298.236	0.0910
301.949	0.0848
305.708	0.0786
309.513	0.0724
313.366	0.0663
317.267	0.0601
321.217	0.0538
325.216	0.0474
329.264	0.0411
333.363	0.0350
337.513	0.0294
341.715	0.0246
345.969	0.0204
350.276	0.0169
354.636	0.0138
359.051	0.0109
363.521	0.0080
368.046	0.0050
372.628	0.0017
377.266	-0.0015
381.963	-0.0047
386.718	-0.0077
391.532	-0.0108
396.406	-0.0138
401.341	-0.0168
406.337	-0.0196
411.395	-0.0223
416.517	-0.0249
421.702	-0.0272
426.951	-0.0293
432.266	-0.0307
437.648	-0.0316
443.096	-0.0319
448.612	-0.0316
454.196	-0.0309
459.851	-0.0298
465.575	-0.0283
471.371	-0.0265
477.239	-0.0243
483.18	-0.0219
489.195	-0.0193
495.285	-0.0163
501.45	-0.0131
507.693	-0.0098
514.013	-0.0062
520.412	-0.0023
526.89	0.0018
533.449	0.0062
540.09	0.0107
546.814	0.0152
553.621	0.0193
560.513	0.0230
567.49	0.0261
574.555	0.0285
581.707	0.0301
588.949	0.0312
596.281	0.0319
603.703	0.0323
611.219	0.0326
618.828	0.0329
626.531	0.0332
634.331	0.0334
642.228	0.0335
650.222	0.0336
658.317	0.0335
666.512	0.0333
674.809	0.0331
683.21	0.0328
691.715	0.0325
700.326	0.0322
709.044	0.0319
717.871	0.0315
726.807	0.0309
735.855	0.0301
745.016	0.0293
754.29	0.0284
763.68	0.0275
773.187	0.0266
782.812	0.0258
792.557	0.0249
802.424	0.0239
812.413	0.0229
822.526	0.0218
832.766	0.0206
843.133	0.0194
853.629	0.0183
864.255	0.0171
875.014	0.0159
885.907	0.0147
896.935	0.0136
908.101	0.0123
919.406	0.0111
930.851	0.0099
942.439	0.0087
954.171	0.0075
966.049	0.0064
978.076	0.0053
990.251	0.0043
1002.579	0.0032
1015.06	0.0021
1027.696	0.0010
1040.489	0.0000
1053.442	-0.0009
1066.556	-0.0016
1079.833	-0.0023
1093.276	-0.0028
1106.886	-0.0032
1120.665	-0.0034
1134.616	-0.0034
1148.741	-0.0033
1163.041	-0.0030
1177.519	-0.0025
1192.178	-0.0018
1207.019	-0.0008
1222.045	0.0003
1237.258	0.0018
1252.66	0.0034
1268.254	0.0051
1284.042	0.0071
1300.027	0.0092
1316.211	0.0115
1332.596	0.0141
1349.185	0.0169
1365.981	0.0200
1382.985	0.0234
1400.202	0.0271
1417.633	0.0309
1435.28	0.0349
1453.148	0.0391
1471.238	0.0435
1489.553	0.0481
1508.096	0.0529
1526.87	0.0580
1545.877	0.0633
1565.121	0.0687
1584.605	0.0744
1604.332	0.0802
1624.303	0.0862
1644.524	0.0925
1664.996	0.0990
1685.723	0.1058
1706.708	0.1127
1727.955	0.1198
1749.466	0.1271
1771.244	0.1345
1793.294	0.1420
1815.618	0.1497
1838.221	0.1575
1861.104	0.1654
1884.272	0.1735
1907.729	0.1819
1931.478	0.1904
1955.523	0.1991
1979.866	0.2079
2004.513	0.2166
2029.467	0.2253
2054.731	0.2341
2080.31	0.2430
2106.207	0.2521
2132.427	0.2613
2158.973	0.2706
2185.849	0.2801
2213.06	0.2897
2240.61	0.2994
2268.503	0.3092
2296.743	0.3189
2325.334	0.3285
2354.282	0.3381
2383.59	0.3479
2413.262	0.3579
2443.305	0.3681
2473.721	0.3785
2504.515	0.3892
2535.693	0.4001
2567.26	0.4111
2599.219	0.4223
2631.576	0.4337
2664.335	0.4452
2697.503	0.4568
2731.084	0.4687
2765.082	0.4806
2799.504	0.4928
2834.354	0.5051
2869.638	0.5175
2905.362	0.5301
2941.53	0.5429
2978.148	0.5559
3015.222	0.5691
3052.758	0.5826
3090.761	0.5962
3129.237	0.6100
3168.192	0.6241
3207.632	0.6384
3247.563	0.6530
3287.991	0.6680
3328.923	0.6834
3370.364	0.6994
3412.32	0.7157
3454.799	0.7324
3497.807	0.7494
3541.351	0.7669
3585.436	0.7848
3630.07	0.8033
3675.26	0.8222
3721.012	0.8417
3767.334	0.8618
3814.233	0.8826
3861.715	0.9044
3909.789	0.9268
3958.46	0.9498
4007.738	0.9733
4057.63	0.9975
4108.142	1.0221
4159.283	1.0472
4211.061	1.0728
4263.483	1.0988
4316.559	1.1253
4370.294	1.1521
4424.699	1.1793
4479.781	1.2066
4535.548	1.2341
4592.01	1.2617
4649.175	1.2892
4707.051	1.3166
4765.648	1.3437
4824.975	1.3703
4885.039	1.3964
4945.852	1.4219
5007.421	1.4466
5069.757	1.4706
5132.87	1.4938
5196.768	1.5162
5261.46	1.5378
5326.959	1.5586
5393.273	1.5786
5460.413	1.5979
5528.388	1.6166
5597.209	1.6347
5666.887	1.6523
5737.433	1.6694
5808.857	1.6862
5881.169	1.7025
5954.383	1.7186
6028.507	1.7342
6103.555	1.7497
6179.536	1.7650
6256.464	1.7801
6334.349	1.7951
6413.204	1.8100
6493.04	1.8247
6573.87	1.8393
6655.706	1.8537
6738.562	1.8678
6822.448	1.8816
6907.379	1.8949
6993.367	1.9077
7080.426	1.9197
7168.568	1.9309
7257.808	1.9413
7348.158	1.9508
7439.633	1.9594
7532.248	1.9672
7626.015	1.9741
7720.949	1.9802
7817.065	1.9853
7914.377	1.9895
8012.901	1.9930
8112.652	1.9960
8213.645	1.9985
8315.894	2.0004
8419.416	2.0018
8524.228	2.0027
8630.343	2.0031
8737.78	2.0029
8846.555	2.0020
8956.683	2.0004
9068.182	1.9981
9181.069	1.9949
9295.362	1.9906
9411.078	1.9852
9528.233	1.9786
9646.849	1.9705
9766.939	1.9610
9888.525	1.9499
10011.625	1.9371
10136.257	1.9225
10262.44	1.9061
10390.195	1.8876
10519.54	1.8671
10650.495	1.8446
10783.08	1.8200
10917.316	1.7933
11053.223	1.7645
11190.821	1.7338
11330.133	1.7012
11471.179	1.6668
11613.98	1.6308
11758.561	1.5936
11904.939	1.5552
12053.141	1.5158
12203.188	1.4753
12355.102	1.4340
12508.907	1.3917
12664.627	1.3488
12822.286	1.3053
12981.907	1.2613
13143.516	1.2168
13307.136	1.1718
13472.793	1.1261
13640.512	1.0797
13810.319	1.0327
13982.24	0.9850
14156.302	0.9370
14332.529	0.8886
14510.951	0.8399
14691.595	0.7912
14874.486	0.7426
15059.655	0.6940
15247.129	0.6460
15436.937	0.5986
15629.106	0.5515
15823.669	0.5050
16020.654	0.4591
16220.091	0.4138
16422.01	0.3690
16626.443	0.3249
16833.422	0.2817
17042.977	0.2394
17255.141	0.1980
17469.945	0.1576
17687.424	0.1184
17907.609	0.0949
18130.537	0.0716
18356.24	0.0485
18584.752	0.0256
18816.107	0.0028
19050.346	-0.0197
19287.498	-0.0420
19527.604	-0.0641
19770.697	-0.0860
20016.816	-0.1078
