Sens Factor =-1.390dB, SERNO: 7009171
10.054	-6.2032
10.179	-6.0295
10.306	-5.8590
10.434	-5.6916
10.564	-5.5275
10.696	-5.3664
10.829	-5.2084
10.964	-5.0535
11.1	-4.9017
11.238	-4.7529
11.378	-4.6070
11.52	-4.4640
11.663	-4.3240
11.809	-4.1867
11.956	-4.0524
12.104	-3.9209
12.255	-3.7921
12.408	-3.6660
12.562	-3.5427
12.718	-3.4221
12.877	-3.3040
13.037	-3.1887
13.199	-3.0759
13.364	-2.9655
13.53	-2.8578
13.698	-2.7526
13.869	-2.6497
14.042	-2.5493
14.216	-2.4513
14.393	-2.3556
14.573	-2.2622
14.754	-2.1712
14.938	-2.0824
15.124	-1.9958
15.312	-1.9115
15.503	-1.8292
15.696	-1.7491
15.891	-1.6711
16.089	-1.5952
16.289	-1.5213
16.492	-1.4494
16.697	-1.3795
16.905	-1.3115
17.115	-1.2454
17.328	-1.1811
17.544	-1.1187
17.763	-1.0581
17.984	-0.9993
18.208	-0.9422
18.434	-0.8869
18.664	-0.8332
18.896	-0.7811
19.131	-0.7307
19.369	-0.6819
19.611	-0.6345
19.855	-0.5887
20.102	-0.5444
20.352	-0.5016
20.605	-0.4601
20.862	-0.4201
21.122	-0.3814
21.385	-0.3440
21.651	-0.3079
21.92	-0.2731
22.193	-0.2395
22.47	-0.2070
22.749	-0.1758
23.032	-0.1457
23.319	-0.1166
23.609	-0.0887
23.903	-0.0617
24.201	-0.0358
24.502	-0.0108
24.807	0.0132
25.116	0.0363
25.429	0.0586
25.745	0.0800
26.066	0.1006
26.39	0.1205
26.719	0.1396
27.051	0.1580
27.388	0.1757
27.729	0.1927
28.074	0.2092
28.424	0.2251
28.778	0.2404
29.136	0.2552
29.499	0.2696
29.866	0.2834
30.238	0.2969
30.614	0.3100
30.995	0.3227
31.381	0.3351
31.772	0.3472
32.167	0.3590
32.568	0.3707
32.973	0.3821
33.383	0.3933
33.799	0.4045
34.22	0.4155
34.646	0.4265
35.077	0.4374
35.514	0.4475
35.956	0.4579
36.403	0.4688
36.857	0.4802
37.315	0.4922
37.78	0.5047
38.25	0.5178
38.726	0.5314
39.209	0.5451
39.697	0.5587
40.191	0.5721
40.691	0.5848
41.198	0.5969
41.711	0.6082
42.23	0.6187
42.756	0.6284
43.288	0.6374
43.827	0.6456
44.372	0.6532
44.925	0.6599
45.484	0.6660
46.05	0.6714
46.623	0.6762
47.204	0.6802
47.791	0.6835
48.386	0.6862
48.989	0.6882
49.599	0.6894
50.216	0.6900
50.841	0.6900
51.474	0.6894
52.115	0.6881
52.764	0.6861
53.42	0.6834
54.085	0.6799
54.759	0.6757
55.44	0.6707
56.131	0.6649
56.829	0.6584
57.537	0.6512
58.253	0.6433
58.978	0.6348
59.712	0.6255
60.456	0.6157
61.208	0.6052
61.97	0.5942
62.742	0.5827
63.523	0.5708
64.314	0.5585
65.114	0.5459
65.925	0.5333
66.745	0.5208
67.576	0.5084
68.418	0.4963
69.269	0.4846
70.132	0.4731
71.005	0.4619
71.889	0.4510
72.784	0.4402
73.69	0.4294
74.607	0.4187
75.536	0.4081
76.476	0.3973
77.428	0.3866
78.392	0.3759
79.368	0.3652
80.356	0.3546
81.356	0.3441
82.369	0.3339
83.394	0.3241
84.433	0.3148
85.484	0.3058
86.548	0.2974
87.625	0.2895
88.716	0.2821
89.82	0.2751
90.939	0.2684
92.071	0.2621
93.217	0.2561
94.377	0.2504
95.552	0.2450
96.742	0.2399
97.946	0.2351
99.165	0.2306
100.4	0.2265
101.65	0.2229
102.915	0.2197
104.196	0.2170
105.493	0.2148
106.806	0.2130
108.136	0.2116
109.482	0.2106
110.845	0.2100
112.225	0.2097
113.622	0.2099
115.037	0.2103
116.469	0.2111
117.919	0.2121
119.386	0.2134
120.873	0.2149
122.377	0.2166
123.901	0.2184
125.443	0.2205
127.005	0.2226
128.586	0.2249
130.187	0.2272
131.807	0.2296
133.448	0.2318
135.109	0.2340
136.791	0.2358
138.494	0.2373
140.218	0.2383
141.964	0.2388
143.731	0.2388
145.52	0.2384
147.332	0.2376
149.166	0.2363
151.023	0.2347
152.903	0.2326
154.806	0.2300
156.734	0.2270
158.685	0.2236
160.66	0.2196
162.66	0.2153
164.685	0.2105
166.735	0.2053
168.811	0.1997
170.912	0.1936
173.04	0.1870
175.194	0.1799
177.375	0.1725
179.583	0.1649
181.819	0.1571
184.082	0.1491
186.374	0.1407
188.694	0.1321
191.043	0.1234
193.421	0.1148
195.829	0.1062
198.267	0.0979
200.735	0.0899
203.234	0.0822
205.764	0.0748
208.325	0.0676
210.919	0.0607
213.544	0.0541
216.203	0.0478
218.894	0.0418
221.619	0.0362
224.378	0.0308
227.171	0.0255
229.999	0.0204
232.862	0.0155
235.761	0.0107
238.696	0.0060
241.668	0.0014
244.676	-0.0033
247.722	-0.0080
250.806	-0.0125
253.928	-0.0169
257.089	-0.0212
260.29	-0.0254
263.53	-0.0296
266.81	-0.0336
270.132	-0.0375
273.495	-0.0411
276.899	-0.0446
280.346	-0.0479
283.836	-0.0510
287.37	-0.0538
290.947	-0.0564
294.569	-0.0589
298.236	-0.0614
301.949	-0.0641
305.708	-0.0667
309.513	-0.0692
313.366	-0.0719
317.267	-0.0748
321.217	-0.0780
325.216	-0.0815
329.264	-0.0851
333.363	-0.0887
337.513	-0.0918
341.715	-0.0941
345.969	-0.0955
350.276	-0.0962
354.636	-0.0962
359.051	-0.0958
363.521	-0.0953
368.046	-0.0946
372.628	-0.0940
377.266	-0.0932
381.963	-0.0924
386.718	-0.0913
391.532	-0.0900
396.406	-0.0884
401.341	-0.0866
406.337	-0.0846
411.395	-0.0825
416.517	-0.0802
421.702	-0.0778
426.951	-0.0751
432.266	-0.0720
437.648	-0.0685
443.096	-0.0646
448.612	-0.0605
454.196	-0.0562
459.851	-0.0519
465.575	-0.0475
471.371	-0.0432
477.239	-0.0389
483.18	-0.0346
489.195	-0.0302
495.285	-0.0257
501.45	-0.0211
507.693	-0.0163
514.013	-0.0113
520.412	-0.0060
526.89	-0.0003
533.449	0.0057
540.09	0.0120
546.814	0.0182
553.621	0.0242
560.513	0.0295
567.49	0.0339
574.555	0.0373
581.707	0.0398
588.949	0.0414
596.281	0.0424
603.703	0.0430
611.219	0.0435
618.828	0.0439
626.531	0.0443
634.331	0.0447
642.228	0.0449
650.222	0.0450
658.317	0.0450
666.512	0.0448
674.809	0.0446
683.21	0.0443
691.715	0.0441
700.326	0.0437
709.044	0.0434
717.871	0.0428
726.807	0.0420
735.855	0.0410
745.016	0.0398
754.29	0.0385
763.68	0.0373
773.187	0.0361
782.812	0.0349
792.557	0.0337
802.424	0.0324
812.413	0.0311
822.526	0.0296
832.766	0.0281
843.133	0.0266
853.629	0.0252
864.255	0.0238
875.014	0.0224
885.907	0.0211
896.935	0.0199
908.101	0.0186
919.406	0.0175
930.851	0.0164
942.439	0.0154
954.171	0.0145
966.049	0.0137
978.076	0.0130
990.251	0.0125
1002.579	0.0118
1015.06	0.0112
1027.696	0.0105
1040.489	0.0100
1053.442	0.0096
1066.556	0.0092
1079.833	0.0090
1093.276	0.0089
1106.886	0.0090
1120.665	0.0093
1134.616	0.0098
1148.741	0.0104
1163.041	0.0113
1177.519	0.0125
1192.178	0.0139
1207.019	0.0156
1222.045	0.0176
1237.258	0.0198
1252.66	0.0223
1268.254	0.0250
1284.042	0.0279
1300.027	0.0309
1316.211	0.0342
1332.596	0.0378
1349.185	0.0416
1365.981	0.0458
1382.985	0.0503
1400.202	0.0550
1417.633	0.0599
1435.28	0.0649
1453.148	0.0701
1471.238	0.0755
1489.553	0.0810
1508.096	0.0867
1526.87	0.0926
1545.877	0.0987
1565.121	0.1049
1584.605	0.1113
1604.332	0.1178
1624.303	0.1245
1644.524	0.1313
1664.996	0.1385
1685.723	0.1459
1706.708	0.1536
1727.955	0.1614
1749.466	0.1694
1771.244	0.1776
1793.294	0.1860
1815.618	0.1946
1838.221	0.2034
1861.104	0.2123
1884.272	0.2214
1907.729	0.2308
1931.478	0.2405
1955.523	0.2504
1979.866	0.2607
2004.513	0.2713
2029.467	0.2824
2054.731	0.2940
2080.31	0.3062
2106.207	0.3189
2132.427	0.3320
2158.973	0.3456
2185.849	0.3595
2213.06	0.3739
2240.61	0.3885
2268.503	0.4034
2296.743	0.4185
2325.334	0.4338
2354.282	0.4494
2383.59	0.4654
2413.262	0.4817
2443.305	0.4984
2473.721	0.5154
2504.515	0.5327
2535.693	0.5504
2567.26	0.5683
2599.219	0.5864
2631.576	0.6048
2664.335	0.6235
2697.503	0.6424
2731.084	0.6616
2765.082	0.6810
2799.504	0.7006
2834.354	0.7205
2869.638	0.7406
2905.362	0.7609
2941.53	0.7814
2978.148	0.8022
3015.222	0.8231
3052.758	0.8443
3090.761	0.8657
3129.237	0.8874
3168.192	0.9092
3207.632	0.9312
3247.563	0.9534
3287.991	0.9758
3328.923	0.9984
3370.364	1.0210
3412.32	1.0437
3454.799	1.0665
3497.807	1.0894
3541.351	1.1125
3585.436	1.1360
3630.07	1.1597
3675.26	1.1838
3721.012	1.2084
3767.334	1.2336
3814.233	1.2593
3861.715	1.2858
3909.789	1.3127
3958.46	1.3402
4007.738	1.3682
4057.63	1.3967
4108.142	1.4257
4159.283	1.4552
4211.061	1.4852
4263.483	1.5158
4316.559	1.5467
4370.294	1.5781
4424.699	1.6099
4479.781	1.6420
4535.548	1.6744
4592.01	1.7070
4649.175	1.7397
4707.051	1.7726
4765.648	1.8056
4824.975	1.8386
4885.039	1.8715
4945.852	1.9044
5007.421	1.9370
5069.757	1.9692
5132.87	2.0012
5196.768	2.0327
5261.46	2.0638
5326.959	2.0946
5393.273	2.1248
5460.413	2.1547
5528.388	2.1843
5597.209	2.2135
5666.887	2.2423
5737.433	2.2707
5808.857	2.2989
5881.169	2.3268
5954.383	2.3544
6028.507	2.3818
6103.555	2.4089
6179.536	2.4359
6256.464	2.4627
6334.349	2.4895
6413.204	2.5161
6493.04	2.5426
6573.87	2.5691
6655.706	2.5955
6738.562	2.6216
6822.448	2.6476
6907.379	2.6733
6993.367	2.6987
7080.426	2.7238
7168.568	2.7484
7257.808	2.7725
7348.158	2.7962
7439.633	2.8192
7532.248	2.8415
7626.015	2.8631
7720.949	2.8839
7817.065	2.9039
7914.377	2.9231
8012.901	2.9413
8112.652	2.9586
8213.645	2.9750
8315.894	2.9905
8419.416	3.0051
8524.228	3.0190
8630.343	3.0321
8737.78	3.0443
8846.555	3.0556
8956.683	3.0659
9068.182	3.0753
9181.069	3.0835
9295.362	3.0907
9411.078	3.0967
9528.233	3.1015
9646.849	3.1048
9766.939	3.1067
9888.525	3.1071
10011.625	3.1061
10136.257	3.1035
10262.44	3.0992
10390.195	3.0931
10519.54	3.0855
10650.495	3.0763
10783.08	3.0655
10917.316	3.0528
11053.223	3.0381
11190.821	3.0215
11330.133	3.0029
11471.179	2.9825
11613.98	2.9601
11758.561	2.9359
11904.939	2.9101
12053.141	2.8827
12203.188	2.8539
12355.102	2.8236
12508.907	2.7921
12664.627	2.7593
12822.286	2.7254
12981.907	2.6905
13143.516	2.6545
13307.136	2.6175
13472.793	2.5794
13640.512	2.5402
13810.319	2.5000
13982.24	2.4589
14156.302	2.4169
14332.529	2.3740
14510.951	2.3304
14691.595	2.2862
14874.486	2.2416
15059.655	2.1965
15247.129	2.1510
15436.937	2.1053
15629.106	2.0592
15823.669	2.0130
16020.654	1.9668
16220.091	1.9207
16422.01	1.8746
16626.443	1.8286
16833.422	1.7828
17042.977	1.7372
17255.141	1.6919
17469.945	1.6470
17687.424	1.6024
17907.609	1.5778
18130.537	1.5529
18356.24	1.5279
18584.752	1.5027
18816.107	1.4772
19050.346	1.4517
19287.498	1.4260
19527.604	1.4003
19770.697	1.3744
20016.816	1.3483
