Sens Factor =-1.149dB, SERNO: 7009186
"Auto-generated 90-degree calibration file"
10.054	-7.3151
10.179	-7.1312
10.306	-6.9504
10.434	-6.7729
10.564	-6.5985
10.696	-6.4271
10.829	-6.2590
10.964	-6.0938
11.100	-5.9318
11.238	-5.7728
11.378	-5.6166
11.520	-5.4634
11.663	-5.3132
11.809	-5.1656
11.956	-5.0211
12.104	-4.8794
12.255	-4.7404
12.408	-4.6040
12.562	-4.4706
12.718	-4.3397
12.877	-4.2114
13.037	-4.0858
13.199	-3.9628
13.364	-3.8422
13.530	-3.7243
13.698	-3.6089
13.869	-3.4957
14.042	-3.3851
14.216	-3.2769
14.393	-3.1710
14.573	-3.0674
14.754	-2.9661
14.938	-2.8671
15.124	-2.7703
15.312	-2.6757
15.503	-2.5832
15.696	-2.4929
15.891	-2.4047
16.089	-2.3185
16.289	-2.2344
16.492	-2.1523
16.697	-2.0721
16.905	-1.9939
17.115	-1.9176
17.328	-1.8432
17.544	-1.7705
17.763	-1.6996
17.984	-1.6306
18.208	-1.5633
18.434	-1.4978
18.664	-1.4338
18.896	-1.3715
19.131	-1.3109
19.369	-1.2518
19.611	-1.1942
19.855	-1.1382
20.102	-1.0837
20.352	-1.0306
20.605	-0.9790
20.862	-0.9287
21.122	-0.8797
21.385	-0.8321
21.651	-0.7858
21.920	-0.7408
22.193	-0.6970
22.470	-0.6543
22.749	-0.6128
23.032	-0.5725
23.319	-0.5332
23.609	-0.4951
23.903	-0.4579
24.201	-0.4217
24.502	-0.3865
24.807	-0.3523
25.116	-0.3189
25.429	-0.2864
25.745	-0.2548
26.066	-0.2239
26.390	-0.1939
26.719	-0.1645
27.051	-0.1359
27.388	-0.1080
27.729	-0.0807
28.074	-0.0540
28.424	-0.0279
28.778	-0.0023
29.136	0.0227
29.499	0.0473
29.866	0.0714
30.238	0.0951
30.614	0.1183
30.995	0.1413
31.381	0.1639
31.772	0.1862
32.167	0.2083
32.568	0.2302
32.973	0.2518
33.383	0.2733
33.799	0.2946
34.220	0.3159
34.646	0.3371
35.077	0.3583
35.514	0.3790
35.956	0.3999
36.403	0.4210
36.857	0.4424
37.315	0.4641
37.780	0.4862
38.250	0.5086
38.726	0.5313
39.209	0.5540
39.697	0.5766
40.191	0.5988
40.691	0.6204
41.198	0.6413
41.711	0.6611
42.230	0.6799
42.756	0.6976
43.288	0.7143
43.827	0.7301
44.372	0.7448
44.925	0.7587
45.484	0.7717
46.050	0.7838
46.623	0.7952
47.204	0.8057
47.791	0.8154
48.386	0.8244
48.989	0.8325
49.599	0.8398
50.216	0.8463
50.841	0.8519
51.474	0.8568
52.115	0.8608
52.764	0.8639
53.420	0.8660
54.085	0.8672
54.759	0.8674
55.440	0.8665
56.131	0.8646
56.829	0.8616
57.537	0.8576
58.253	0.8526
58.978	0.8466
59.712	0.8396
60.456	0.8316
61.208	0.8227
61.970	0.8128
62.742	0.8020
63.523	0.7904
64.314	0.7783
65.114	0.7656
65.925	0.7527
66.745	0.7398
67.576	0.7269
68.418	0.7142
69.269	0.7018
70.132	0.6897
71.005	0.6779
71.889	0.6662
72.784	0.6548
73.690	0.6434
74.607	0.6320
75.536	0.6205
76.476	0.6090
77.428	0.5974
78.392	0.5858
79.368	0.5741
80.356	0.5625
81.356	0.5510
82.369	0.5398
83.394	0.5289
84.433	0.5185
85.484	0.5086
86.548	0.4994
87.625	0.4906
88.716	0.4824
89.820	0.4747
90.939	0.4675
92.071	0.4606
93.217	0.4540
94.377	0.4477
95.552	0.4416
96.742	0.4359
97.946	0.4305
99.165	0.4255
100.400	0.4209
101.650	0.4167
102.915	0.4131
104.196	0.4100
105.493	0.4076
106.806	0.4056
108.136	0.4042
109.482	0.4033
110.845	0.4029
112.225	0.4030
113.622	0.4038
115.037	0.4050
116.469	0.4067
117.919	0.4088
119.386	0.4113
120.873	0.4142
122.377	0.4174
123.901	0.4209
125.443	0.4247
127.005	0.4288
128.586	0.4331
130.187	0.4375
131.807	0.4421
133.448	0.4468
135.109	0.4515
136.791	0.4561
138.494	0.4607
140.218	0.4649
141.964	0.4687
143.731	0.4722
145.520	0.4751
147.332	0.4776
149.166	0.4796
151.023	0.4812
152.903	0.4822
154.806	0.4829
156.734	0.4833
158.685	0.4833
160.660	0.4830
162.660	0.4823
164.685	0.4810
166.735	0.4793
168.811	0.4770
170.912	0.4741
173.040	0.4706
175.194	0.4665
177.375	0.4619
179.583	0.4569
181.819	0.4515
184.082	0.4457
186.374	0.4393
188.694	0.4323
191.043	0.4250
193.421	0.4174
195.829	0.4097
198.267	0.4021
200.735	0.3947
203.234	0.3874
205.764	0.3803
208.325	0.3733
210.919	0.3666
213.544	0.3602
216.203	0.3542
218.894	0.3484
221.619	0.3429
224.378	0.3373
227.171	0.3316
229.999	0.3254
232.862	0.3191
235.761	0.3125
238.696	0.3058
241.668	0.2988
244.676	0.2915
247.722	0.2841
250.806	0.2766
253.928	0.2692
257.089	0.2618
260.290	0.2543
263.530	0.2469
266.810	0.2396
270.132	0.2328
273.495	0.2262
276.899	0.2202
280.346	0.2147
283.836	0.2098
287.370	0.2054
290.947	0.2016
294.569	0.1982
298.236	0.1949
301.949	0.1917
305.708	0.1887
309.513	0.1857
313.366	0.1825
317.267	0.1791
321.217	0.1751
325.216	0.1705
329.264	0.1650
333.363	0.1590
337.513	0.1528
341.715	0.1469
345.969	0.1413
350.276	0.1361
354.636	0.1313
359.051	0.1265
363.521	0.1217
368.046	0.1169
372.628	0.1119
377.266	0.1070
381.963	0.1025
386.718	0.0982
391.532	0.0944
396.406	0.0910
401.341	0.0880
406.337	0.0856
411.395	0.0835
416.517	0.0817
421.702	0.0800
426.951	0.0786
432.266	0.0777
437.648	0.0771
443.096	0.0767
448.612	0.0763
454.196	0.0760
459.851	0.0754
465.575	0.0746
471.371	0.0735
477.239	0.0722
483.180	0.0706
489.195	0.0689
495.285	0.0671
501.450	0.0653
507.693	0.0636
514.013	0.0622
520.412	0.0613
526.890	0.0610
533.449	0.0614
540.090	0.0625
546.814	0.0642
553.621	0.0664
560.513	0.0685
567.490	0.0705
574.555	0.0718
581.707	0.0726
588.949	0.0727
596.281	0.0724
603.703	0.0720
611.219	0.0715
618.828	0.0712
626.531	0.0709
634.331	0.0707
642.228	0.0703
650.222	0.0697
658.317	0.0690
666.512	0.0682
674.809	0.0672
683.210	0.0663
691.715	0.0654
700.326	0.0644
709.044	0.0635
717.871	0.0623
726.807	0.0609
735.855	0.0593
745.016	0.0574
754.290	0.0554
763.680	0.0533
773.187	0.0507
782.812	0.0482
792.557	0.0456
802.424	0.0428
812.413	0.0400
822.526	0.0367
832.766	0.0333
843.133	0.0299
853.629	0.0265
864.255	0.0229
875.014	0.0193
885.907	0.0155
896.935	0.0117
908.101	0.0078
919.406	0.0036
930.851	-0.0004
942.439	-0.0047
954.171	-0.0088
966.049	-0.0129
978.076	-0.0171
990.251	-0.0212
1002.579	-0.0255
1015.060	-0.0300
1027.696	-0.0346
1040.489	-0.0394
1053.442	-0.0439
1066.556	-0.0485
1079.833	-0.0529
1093.276	-0.0571
1106.886	-0.0613
1120.665	-0.0652
1134.616	-0.0689
1148.741	-0.0723
1163.041	-0.0755
1177.519	-0.0786
1192.178	-0.0813
1207.019	-0.0838
1222.045	-0.0862
1237.258	-0.0885
1252.660	-0.0903
1268.254	-0.0922
1284.042	-0.0938
1300.027	-0.0953
1316.211	-0.0965
1332.596	-0.0974
1349.185	-0.0981
1365.981	-0.0988
1382.985	-0.0993
1400.202	-0.0997
1417.633	-0.0999
1435.280	-0.1000
1453.148	-0.1001
1471.238	-0.1000
1489.553	-0.0996
1508.096	-0.0991
1526.870	-0.0981
1545.877	-0.0968
1565.121	-0.0953
1584.605	-0.0937
1604.332	-0.0918
1624.303	-0.0900
1644.524	-0.0879
1664.996	-0.0856
1685.723	-0.0830
1706.708	-0.0803
1727.955	-0.0779
1749.466	-0.0754
1771.244	-0.0727
1793.294	-0.0699
1815.618	-0.0669
1838.221	-0.0636
1861.104	-0.0603
1884.272	-0.0567
1907.729	-0.0530
1931.478	-0.0497
1955.523	-0.0466
1979.866	-0.0435
2004.513	-0.0403
2029.467	-0.0370
2054.731	-0.0335
2080.310	-0.0297
2106.207	-0.0257
2132.427	-0.0213
2158.973	-0.0170
2185.849	-0.0127
2213.060	-0.0083
2240.610	-0.0037
2268.503	0.0009
2296.743	0.0059
2325.334	0.0111
2354.282	0.0163
2383.590	0.0216
2413.262	0.0272
2443.305	0.0328
2473.721	0.0384
2504.515	0.0443
2535.693	0.0504
2567.260	0.0565
2599.219	0.0625
2631.576	0.0685
2664.335	0.0746
2697.503	0.0810
2731.084	0.0876
2765.082	0.0946
2799.504	0.1017
2834.354	0.1089
2869.638	0.1163
2905.362	0.1230
2941.530	0.1298
2978.148	0.1367
3015.222	0.1437
3052.758	0.1508
3090.761	0.1578
3129.237	0.1649
3168.192	0.1720
3207.632	0.1792
3247.563	0.1863
3287.991	0.1932
3328.923	0.2004
3370.364	0.2076
3412.320	0.2149
3454.799	0.2222
3497.807	0.2295
3541.351	0.2370
3585.436	0.2447
3630.070	0.2525
3675.260	0.2607
3721.012	0.2692
3767.334	0.2781
3814.233	0.2875
3861.715	0.2972
3909.789	0.3073
3958.460	0.3177
4007.738	0.3284
4057.630	0.3394
4108.142	0.3501
4159.283	0.3611
4211.061	0.3723
4263.483	0.3838
4316.559	0.3955
4370.294	0.4077
4424.699	0.4199
4479.781	0.4322
4535.548	0.4446
4592.010	0.4566
4649.175	0.4683
4707.051	0.4799
4765.648	0.4911
4824.975	0.5019
4885.039	0.5108
4945.852	0.5188
5007.421	0.5262
5069.757	0.5329
5132.870	0.5385
5196.768	0.5424
5261.460	0.5455
5326.959	0.5477
5393.273	0.5491
5460.413	0.5495
5528.388	0.5492
5597.209	0.5481
5666.887	0.5462
5737.433	0.5438
5808.857	0.5410
5881.169	0.5377
5954.383	0.5337
6028.507	0.5292
6103.555	0.5240
6179.536	0.5183
6256.464	0.5119
6334.349	0.5052
6413.204	0.4981
6493.040	0.4904
6573.870	0.4822
6655.706	0.4735
6738.562	0.4642
6822.448	0.4542
6907.379	0.4439
6993.367	0.4329
7080.426	0.4210
7168.568	0.4083
7257.808	0.3949
7348.158	0.3813
7439.633	0.3666
7532.248	0.3507
7626.015	0.3336
7720.949	0.3160
7817.065	0.2976
7914.377	0.2778
8012.901	0.2566
8112.652	0.2341
8213.645	0.2113
8315.894	0.1874
8419.416	0.1622
8524.228	0.1359
8630.343	0.1084
8737.780	0.0799
8846.555	0.0503
8956.683	0.0193
9068.182	-0.0131
9181.069	-0.0468
9295.362	-0.0820
9411.078	-0.1187
9528.233	-0.1573
9646.849	-0.1977
9766.939	-0.2408
9888.525	-0.2862
10011.625	-0.3335
10136.257	-0.3830
10262.440	-0.4347
10390.195	-0.4875
10519.540	-0.5427
10650.495	-0.6005
10783.080	-0.6609
10917.316	-0.7239
11053.223	-0.7894
11190.821	-0.8576
11330.133	-0.9284
11471.179	-1.0019
11613.980	-1.0773
11758.561	-1.1550
11904.939	-1.2348
12053.141	-1.3166
12203.188	-1.4003
12355.102	-1.4854
12508.907	-1.5722
12664.627	-1.6609
12822.286	-1.7512
12981.907	-1.8426
13143.516	-1.9351
13307.136	-2.0290
13472.793	-2.1248
13640.512	-2.2220
13810.319	-2.3201
13982.240	-2.4195
14156.302	-2.5206
14332.529	-2.6230
14510.951	-2.7264
14691.595	-2.8302
14874.486	-2.9352
15059.655	-3.0416
15247.129	-3.1490
15436.937	-3.2570
15629.106	-3.3659
15823.669	-3.4758
16020.654	-3.5867
16220.091	-3.6983
16422.010	-3.8103
16626.443	-3.9228
16833.422	-4.0358
17042.977	-4.1492
17255.141	-4.2630
17469.945	-4.3765
17687.424	-4.4900
17907.609	-4.5819
18130.537	-4.6746
18356.240	-4.7679
18584.752	-4.8617
18816.107	-4.9566
19050.346	-5.0522
19287.498	-5.1489
19527.604	-5.2468
19770.697	-5.3458
20016.816	-5.4460
