Sens Factor =.6632dB, SERNO: 7009162
10.054	-6.5594
10.179	-6.3799
10.306	-6.2037
10.434	-6.0307
10.564	-5.8608
10.696	-5.6939
10.829	-5.5303
10.964	-5.3697
11.1	-5.2122
11.238	-5.0576
11.378	-4.9060
11.52	-4.7573
11.663	-4.6116
11.809	-4.4686
11.956	-4.3285
12.104	-4.1914
12.255	-4.0568
12.408	-3.9250
12.562	-3.7961
12.718	-3.6697
12.877	-3.5459
13.037	-3.4249
13.199	-3.3064
13.364	-3.1903
13.53	-3.0769
13.698	-2.9659
13.869	-2.8574
14.042	-2.7512
14.216	-2.6476
14.393	-2.5462
14.573	-2.4470
14.754	-2.3503
14.938	-2.2558
15.124	-2.1635
15.312	-2.0734
15.503	-1.9854
15.696	-1.8996
15.891	-1.8160
16.089	-1.7343
16.289	-1.6547
16.492	-1.5771
16.697	-1.5015
16.905	-1.4277
17.115	-1.3559
17.328	-1.2860
17.544	-1.2179
17.763	-1.1515
17.984	-1.0870
18.208	-1.0242
18.434	-0.9632
18.664	-0.9037
18.896	-0.8460
19.131	-0.7899
19.369	-0.7353
19.611	-0.6822
19.855	-0.6307
20.102	-0.5807
20.352	-0.5322
20.605	-0.4850
20.862	-0.4392
21.122	-0.3948
21.385	-0.3517
21.651	-0.3099
21.92	-0.2694
22.193	-0.2301
22.47	-0.1919
22.749	-0.1550
23.032	-0.1192
23.319	-0.0844
23.609	-0.0508
23.903	-0.0181
24.201	0.0136
24.502	0.0442
24.807	0.0740
25.116	0.1028
25.429	0.1308
25.745	0.1579
26.066	0.1843
26.39	0.2098
26.719	0.2346
27.051	0.2587
27.388	0.2821
27.729	0.3049
28.074	0.3271
28.424	0.3487
28.778	0.3697
29.136	0.3903
29.499	0.4103
29.866	0.4299
30.238	0.4491
30.614	0.4678
30.995	0.4863
31.381	0.5044
31.772	0.5222
32.167	0.5397
32.568	0.5571
32.973	0.5742
33.383	0.5912
33.799	0.6080
34.22	0.6248
34.646	0.6415
35.077	0.6581
35.514	0.6744
35.956	0.6909
36.403	0.7075
36.857	0.7243
37.315	0.7414
37.78	0.7587
38.25	0.7760
38.726	0.7934
39.209	0.8106
39.697	0.8273
40.191	0.8435
40.691	0.8590
41.198	0.8738
41.711	0.8879
42.23	0.9013
42.756	0.9141
43.288	0.9264
43.827	0.9383
44.372	0.9496
44.925	0.9605
45.484	0.9709
46.05	0.9807
46.623	0.9901
47.204	0.9989
47.791	1.0072
48.386	1.0149
48.989	1.0219
49.599	1.0284
50.216	1.0341
50.841	1.0392
51.474	1.0436
52.115	1.0474
52.764	1.0504
53.42	1.0526
54.085	1.0540
54.759	1.0544
55.44	1.0539
56.131	1.0524
56.829	1.0501
57.537	1.0469
58.253	1.0429
58.978	1.0382
59.712	1.0328
60.456	1.0267
61.208	1.0200
61.97	1.0126
62.742	1.0045
63.523	0.9960
64.314	0.9870
65.114	0.9777
65.925	0.9684
66.745	0.9590
67.576	0.9497
68.418	0.9405
69.269	0.9314
70.132	0.9224
71.005	0.9135
71.889	0.9046
72.784	0.8957
73.69	0.8866
74.607	0.8775
75.536	0.8684
76.476	0.8591
77.428	0.8497
78.392	0.8402
79.368	0.8307
80.356	0.8212
81.356	0.8118
82.369	0.8026
83.394	0.7937
84.433	0.7850
85.484	0.7767
86.548	0.7687
87.625	0.7609
88.716	0.7534
89.82	0.7462
90.939	0.7391
92.071	0.7322
93.217	0.7254
94.377	0.7189
95.552	0.7126
96.742	0.7065
97.946	0.7007
99.165	0.6951
100.4	0.6899
101.65	0.6850
102.915	0.6805
104.196	0.6765
105.493	0.6728
106.806	0.6695
108.136	0.6665
109.482	0.6638
110.845	0.6613
112.225	0.6593
113.622	0.6576
115.037	0.6562
116.469	0.6551
117.919	0.6543
119.386	0.6538
120.873	0.6536
122.377	0.6538
123.901	0.6543
125.443	0.6551
127.005	0.6561
128.586	0.6573
130.187	0.6586
131.807	0.6599
133.448	0.6612
135.109	0.6625
136.791	0.6637
138.494	0.6646
140.218	0.6652
141.964	0.6656
143.731	0.6656
145.52	0.6654
147.332	0.6650
149.166	0.6644
151.023	0.6637
152.903	0.6627
154.806	0.6614
156.734	0.6598
158.685	0.6580
160.66	0.6557
162.66	0.6531
164.685	0.6501
166.735	0.6467
168.811	0.6429
170.912	0.6385
173.04	0.6336
175.194	0.6284
177.375	0.6228
179.583	0.6171
181.819	0.6113
184.082	0.6052
186.374	0.5987
188.694	0.5920
191.043	0.5850
193.421	0.5780
195.829	0.5709
198.267	0.5637
200.735	0.5565
203.234	0.5493
205.764	0.5419
208.325	0.5344
210.919	0.5269
213.544	0.5194
216.203	0.5121
218.894	0.5050
221.619	0.4980
224.378	0.4912
227.171	0.4843
229.999	0.4774
232.862	0.4704
235.761	0.4635
238.696	0.4565
241.668	0.4493
244.676	0.4420
247.722	0.4345
250.806	0.4270
253.928	0.4195
257.089	0.4119
260.29	0.4042
263.53	0.3966
266.81	0.3890
270.132	0.3815
273.495	0.3743
276.899	0.3673
280.346	0.3606
283.836	0.3544
287.37	0.3485
290.947	0.3430
294.569	0.3377
298.236	0.3324
301.949	0.3273
305.708	0.3221
309.513	0.3171
313.366	0.3120
317.267	0.3068
321.217	0.3013
325.216	0.2955
329.264	0.2895
333.363	0.2831
337.513	0.2767
341.715	0.2705
345.969	0.2646
350.276	0.2589
354.636	0.2536
359.051	0.2483
363.521	0.2430
368.046	0.2375
372.628	0.2320
377.266	0.2264
381.963	0.2209
386.718	0.2156
391.532	0.2104
396.406	0.2054
401.341	0.2007
406.337	0.1963
411.395	0.1920
416.517	0.1878
421.702	0.1838
426.951	0.1801
432.266	0.1768
437.648	0.1739
443.096	0.1712
448.612	0.1686
454.196	0.1662
459.851	0.1637
465.575	0.1612
471.371	0.1586
477.239	0.1558
483.18	0.1529
489.195	0.1499
495.285	0.1469
501.45	0.1439
507.693	0.1410
514.013	0.1384
520.412	0.1360
526.89	0.1339
533.449	0.1322
540.09	0.1308
546.814	0.1298
553.621	0.1289
560.513	0.1280
567.49	0.1270
574.555	0.1257
581.707	0.1240
588.949	0.1220
596.281	0.1198
603.703	0.1175
611.219	0.1152
618.828	0.1131
626.531	0.1110
634.331	0.1090
642.228	0.1070
650.222	0.1050
658.317	0.1029
666.512	0.1008
674.809	0.0987
683.21	0.0966
691.715	0.0945
700.326	0.0923
709.044	0.0902
717.871	0.0879
726.807	0.0854
735.855	0.0827
745.016	0.0800
754.29	0.0772
763.68	0.0744
773.187	0.0717
782.812	0.0691
792.557	0.0664
802.424	0.0637
812.413	0.0609
822.526	0.0581
832.766	0.0552
843.133	0.0523
853.629	0.0495
864.255	0.0467
875.014	0.0440
885.907	0.0412
896.935	0.0385
908.101	0.0357
919.406	0.0330
930.851	0.0303
942.439	0.0276
954.171	0.0250
966.049	0.0224
978.076	0.0199
990.251	0.0174
1002.579	0.0148
1015.06	0.0121
1027.696	0.0095
1040.489	0.0069
1053.442	0.0044
1066.556	0.0021
1079.833	-0.0001
1093.276	-0.0022
1106.886	-0.0041
1120.665	-0.0057
1134.616	-0.0072
1148.741	-0.0083
1163.041	-0.0092
1177.519	-0.0099
1192.178	-0.0103
1207.019	-0.0103
1222.045	-0.0100
1237.258	-0.0094
1252.66	-0.0085
1268.254	-0.0074
1284.042	-0.0061
1300.027	-0.0046
1316.211	-0.0028
1332.596	-0.0007
1349.185	0.0016
1365.981	0.0043
1382.985	0.0073
1400.202	0.0106
1417.633	0.0140
1435.28	0.0176
1453.148	0.0214
1471.238	0.0255
1489.553	0.0297
1508.096	0.0342
1526.87	0.0390
1545.877	0.0440
1565.121	0.0492
1584.605	0.0547
1604.332	0.0603
1624.303	0.0662
1644.524	0.0725
1664.996	0.0790
1685.723	0.0859
1706.708	0.0930
1727.955	0.1004
1749.466	0.1080
1771.244	0.1157
1793.294	0.1237
1815.618	0.1319
1838.221	0.1402
1861.104	0.1487
1884.272	0.1574
1907.729	0.1664
1931.478	0.1756
1955.523	0.1851
1979.866	0.1948
2004.513	0.2047
2029.467	0.2147
2054.731	0.2251
2080.31	0.2357
2106.207	0.2466
2132.427	0.2579
2158.973	0.2693
2185.849	0.2811
2213.06	0.2931
2240.61	0.3053
2268.503	0.3177
2296.743	0.3302
2325.334	0.3427
2354.282	0.3555
2383.59	0.3685
2413.262	0.3817
2443.305	0.3953
2473.721	0.4091
2504.515	0.4233
2535.693	0.4377
2567.26	0.4523
2599.219	0.4671
2631.576	0.4822
2664.335	0.4974
2697.503	0.5128
2731.084	0.5284
2765.082	0.5442
2799.504	0.5602
2834.354	0.5763
2869.638	0.5926
2905.362	0.6091
2941.53	0.6258
2978.148	0.6427
3015.222	0.6598
3052.758	0.6771
3090.761	0.6945
3129.237	0.7122
3168.192	0.7300
3207.632	0.7480
3247.563	0.7662
3287.991	0.7847
3328.923	0.8035
3370.364	0.8225
3412.32	0.8417
3454.799	0.8611
3497.807	0.8808
3541.351	0.9007
3585.436	0.9209
3630.07	0.9416
3675.26	0.9626
3721.012	0.9841
3767.334	1.0061
3814.233	1.0288
3861.715	1.0521
3909.789	1.0760
3958.46	1.1004
4007.738	1.1253
4057.63	1.1507
4108.142	1.1766
4159.283	1.2029
4211.061	1.2297
4263.483	1.2569
4316.559	1.2845
4370.294	1.3125
4424.699	1.3408
4479.781	1.3693
4535.548	1.3979
4592.01	1.4266
4649.175	1.4552
4707.051	1.4838
4765.648	1.5121
4824.975	1.5400
4885.039	1.5675
4945.852	1.5944
5007.421	1.6206
5069.757	1.6461
5132.87	1.6709
5196.768	1.6949
5261.46	1.7180
5326.959	1.7404
5393.273	1.7621
5460.413	1.7830
5528.388	1.8033
5597.209	1.8231
5666.887	1.8423
5737.433	1.8610
5808.857	1.8793
5881.169	1.8973
5954.383	1.9149
6028.507	1.9321
6103.555	1.9490
6179.536	1.9658
6256.464	1.9823
6334.349	1.9988
6413.204	2.0151
6493.04	2.0312
6573.87	2.0472
6655.706	2.0630
6738.562	2.0785
6822.448	2.0937
6907.379	2.1084
6993.367	2.1225
7080.426	2.1358
7168.568	2.1484
7257.808	2.1602
7348.158	2.1710
7439.633	2.1810
7532.248	2.1901
7626.015	2.1983
7720.949	2.2056
7817.065	2.2118
7914.377	2.2172
8012.901	2.2218
8112.652	2.2257
8213.645	2.2289
8315.894	2.2315
8419.416	2.2335
8524.228	2.2350
8630.343	2.2358
8737.78	2.2360
8846.555	2.2356
8956.683	2.2343
9068.182	2.2323
9181.069	2.2293
9295.362	2.2253
9411.078	2.2201
9528.233	2.2135
9646.849	2.2056
9766.939	2.1961
9888.525	2.1849
10011.625	2.1721
10136.257	2.1573
10262.44	2.1405
10390.195	2.1217
10519.54	2.1010
10650.495	2.0781
10783.08	2.0531
10917.316	2.0259
11053.223	1.9966
11190.821	1.9653
11330.133	1.9321
11471.179	1.8971
11613.98	1.8604
11758.561	1.8223
11904.939	1.7829
12053.141	1.7425
12203.188	1.7009
12355.102	1.6583
12508.907	1.6148
12664.627	1.5704
12822.286	1.5252
12981.907	1.4793
13143.516	1.4328
13307.136	1.3855
13472.793	1.3374
13640.512	1.2884
13810.319	1.2386
13982.24	1.1880
14156.302	1.1368
14332.529	1.0851
14510.951	1.0329
14691.595	0.9804
14874.486	0.9277
15059.655	0.8747
15247.129	0.8219
15436.937	0.7691
15629.106	0.7164
15823.669	0.6641
16020.654	0.6121
16220.091	0.5607
16422.01	0.5097
16626.443	0.4596
16833.422	0.4104
17042.977	0.3621
17255.141	0.3148
17469.945	0.2687
17687.424	0.2240
17907.609	0.1978
18130.537	0.1718
18356.24	0.1459
18584.752	0.1199
18816.107	0.0941
19050.346	0.0684
19287.498	0.0427
19527.604	0.0171
19770.697	-0.0086
20016.816	-0.0343
