Sens Factor =-.8429dB, SERNO: 7009144
"Auto-generated 90-degree calibration file"
10.054	-6.3637
10.179	-6.1869
10.306	-6.0133
10.434	-5.8429
10.564	-5.6756
10.696	-5.5114
10.829	-5.3503
10.964	-5.1923
11.100	-5.0374
11.238	-4.8855
11.378	-4.7365
11.520	-4.5904
11.663	-4.4473
11.809	-4.3069
11.956	-4.1695
12.104	-4.0349
12.255	-3.9030
12.408	-3.7738
12.562	-3.6474
12.718	-3.5237
12.877	-3.4026
13.037	-3.2841
13.199	-3.1682
13.364	-3.0548
13.530	-2.9440
13.698	-2.8356
13.869	-2.7297
14.042	-2.6261
14.216	-2.5251
14.393	-2.4263
14.573	-2.3298
14.754	-2.2357
14.938	-2.1438
15.124	-2.0541
15.312	-1.9666
15.503	-1.8813
15.696	-1.7981
15.891	-1.7170
16.089	-1.6380
16.289	-1.5610
16.492	-1.4860
16.697	-1.4130
16.905	-1.3418
17.115	-1.2727
17.328	-1.2053
17.544	-1.1398
17.763	-1.0761
17.984	-1.0142
18.208	-0.9540
18.434	-0.8956
18.664	-0.8388
18.896	-0.7836
19.131	-0.7301
19.369	-0.6782
19.611	-0.6277
19.855	-0.5788
20.102	-0.5314
20.352	-0.4855
20.605	-0.4410
20.862	-0.3978
21.122	-0.3560
21.385	-0.3155
21.651	-0.2763
21.920	-0.2384
22.193	-0.2017
22.470	-0.1662
22.749	-0.1319
23.032	-0.0986
23.319	-0.0665
23.609	-0.0354
23.903	-0.0054
24.201	0.0236
24.502	0.0517
24.807	0.0788
25.116	0.1051
25.429	0.1304
25.745	0.1549
26.066	0.1787
26.390	0.2016
26.719	0.2238
27.051	0.2453
27.388	0.2661
27.729	0.2863
28.074	0.3058
28.424	0.3248
28.778	0.3432
29.136	0.3611
29.499	0.3786
29.866	0.3955
30.238	0.4121
30.614	0.4283
30.995	0.4441
31.381	0.4596
31.772	0.4748
32.167	0.4897
32.568	0.5044
32.973	0.5190
33.383	0.5333
33.799	0.5476
34.220	0.5617
34.646	0.5758
35.077	0.5898
35.514	0.6039
35.956	0.6179
36.403	0.6319
36.857	0.6459
37.315	0.6600
37.780	0.6743
38.250	0.6887
38.726	0.7033
39.209	0.7178
39.697	0.7321
40.191	0.7461
40.691	0.7596
41.198	0.7726
41.711	0.7853
42.230	0.7976
42.756	0.8096
43.288	0.8214
43.827	0.8330
44.372	0.8443
44.925	0.8554
45.484	0.8662
46.050	0.8766
46.623	0.8867
47.204	0.8965
47.791	0.9059
48.386	0.9148
48.989	0.9234
49.599	0.9314
50.216	0.9390
50.841	0.9460
51.474	0.9526
52.115	0.9586
52.764	0.9640
53.420	0.9689
54.085	0.9731
54.759	0.9767
55.440	0.9797
56.131	0.9821
56.829	0.9839
57.537	0.9851
58.253	0.9857
58.978	0.9857
59.712	0.9852
60.456	0.9841
61.208	0.9825
61.970	0.9803
62.742	0.9776
63.523	0.9742
64.314	0.9704
65.114	0.9660
65.925	0.9613
66.745	0.9562
67.576	0.9509
68.418	0.9454
69.269	0.9398
70.132	0.9339
71.005	0.9278
71.889	0.9214
72.784	0.9148
73.690	0.9079
74.607	0.9007
75.536	0.8934
76.476	0.8858
77.428	0.8781
78.392	0.8702
79.368	0.8622
80.356	0.8541
81.356	0.8460
82.369	0.8379
83.394	0.8299
84.433	0.8220
85.484	0.8142
86.548	0.8066
87.625	0.7991
88.716	0.7916
89.820	0.7843
90.939	0.7770
92.071	0.7698
93.217	0.7626
94.377	0.7557
95.552	0.7489
96.742	0.7424
97.946	0.7361
99.165	0.7302
100.400	0.7246
101.650	0.7193
102.915	0.7143
104.196	0.7097
105.493	0.7054
106.806	0.7014
108.136	0.6976
109.482	0.6940
110.845	0.6906
112.225	0.6875
113.622	0.6847
115.037	0.6821
116.469	0.6795
117.919	0.6772
119.386	0.6750
120.873	0.6729
122.377	0.6710
123.901	0.6692
125.443	0.6676
127.005	0.6661
128.586	0.6647
130.187	0.6633
131.807	0.6619
133.448	0.6606
135.109	0.6592
136.791	0.6578
138.494	0.6561
140.218	0.6540
141.964	0.6514
143.731	0.6485
145.520	0.6453
147.332	0.6419
149.166	0.6383
151.023	0.6345
152.903	0.6304
154.806	0.6260
156.734	0.6212
158.685	0.6160
160.660	0.6104
162.660	0.6044
164.685	0.5979
166.735	0.5909
168.811	0.5835
170.912	0.5757
173.040	0.5674
175.194	0.5587
177.375	0.5497
179.583	0.5406
181.819	0.5313
184.082	0.5218
186.374	0.5119
188.694	0.5019
191.043	0.4916
193.421	0.4813
195.829	0.4709
198.267	0.4605
200.735	0.4501
203.234	0.4396
205.764	0.4292
208.325	0.4188
210.919	0.4086
213.544	0.3987
216.203	0.3890
218.894	0.3797
221.619	0.3707
224.378	0.3619
227.171	0.3532
229.999	0.3445
232.862	0.3360
235.761	0.3279
238.696	0.3201
241.668	0.3125
244.676	0.3049
247.722	0.2972
250.806	0.2896
253.928	0.2818
257.089	0.2739
260.290	0.2659
263.530	0.2576
266.810	0.2493
270.132	0.2409
273.495	0.2325
276.899	0.2244
280.346	0.2165
283.836	0.2088
287.370	0.2013
290.947	0.1940
294.569	0.1868
298.236	0.1798
301.949	0.1727
305.708	0.1657
309.513	0.1586
313.366	0.1513
317.267	0.1437
321.217	0.1358
325.216	0.1276
329.264	0.1193
333.363	0.1112
337.513	0.1036
341.715	0.0968
345.969	0.0908
350.276	0.0857
354.636	0.0811
359.051	0.0768
363.521	0.0726
368.046	0.0684
372.628	0.0641
377.266	0.0599
381.963	0.0559
386.718	0.0522
391.532	0.0488
396.406	0.0455
401.341	0.0425
406.337	0.0398
411.395	0.0373
416.517	0.0351
421.702	0.0333
426.951	0.0321
432.266	0.0314
437.648	0.0315
443.096	0.0322
448.612	0.0332
454.196	0.0345
459.851	0.0360
465.575	0.0374
471.371	0.0389
477.239	0.0405
483.180	0.0420
489.195	0.0437
495.285	0.0453
501.450	0.0471
507.693	0.0490
514.013	0.0512
520.412	0.0537
526.890	0.0569
533.449	0.0605
540.090	0.0645
546.814	0.0687
553.621	0.0727
560.513	0.0763
567.490	0.0792
574.555	0.0812
581.707	0.0823
588.949	0.0826
596.281	0.0824
603.703	0.0820
611.219	0.0815
618.828	0.0810
626.531	0.0806
634.331	0.0802
642.228	0.0796
650.222	0.0788
658.317	0.0778
666.512	0.0767
674.809	0.0756
683.210	0.0745
691.715	0.0733
700.326	0.0721
709.044	0.0708
717.871	0.0693
726.807	0.0676
735.855	0.0656
745.016	0.0634
754.290	0.0611
763.680	0.0587
773.187	0.0559
782.812	0.0532
792.557	0.0503
802.424	0.0474
812.413	0.0444
822.526	0.0410
832.766	0.0375
843.133	0.0341
853.629	0.0306
864.255	0.0269
875.014	0.0233
885.907	0.0195
896.935	0.0158
908.101	0.0120
919.406	0.0080
930.851	0.0042
942.439	0.0004
954.171	-0.0033
966.049	-0.0068
978.076	-0.0103
990.251	-0.0137
1002.579	-0.0170
1015.060	-0.0204
1027.696	-0.0238
1040.489	-0.0272
1053.442	-0.0304
1066.556	-0.0335
1079.833	-0.0363
1093.276	-0.0389
1106.886	-0.0414
1120.665	-0.0436
1134.616	-0.0457
1148.741	-0.0474
1163.041	-0.0489
1177.519	-0.0503
1192.178	-0.0512
1207.019	-0.0520
1222.045	-0.0527
1237.258	-0.0532
1252.660	-0.0533
1268.254	-0.0535
1284.042	-0.0534
1300.027	-0.0531
1316.211	-0.0526
1332.596	-0.0518
1349.185	-0.0507
1365.981	-0.0498
1382.985	-0.0486
1400.202	-0.0474
1417.633	-0.0460
1435.280	-0.0445
1453.148	-0.0430
1471.238	-0.0413
1489.553	-0.0394
1508.096	-0.0374
1526.870	-0.0351
1545.877	-0.0326
1565.121	-0.0300
1584.605	-0.0274
1604.332	-0.0246
1624.303	-0.0220
1644.524	-0.0194
1664.996	-0.0166
1685.723	-0.0137
1706.708	-0.0108
1727.955	-0.0084
1749.466	-0.0060
1771.244	-0.0034
1793.294	-0.0009
1815.618	0.0018
1838.221	0.0048
1861.104	0.0076
1884.272	0.0107
1907.729	0.0139
1931.478	0.0165
1955.523	0.0189
1979.866	0.0213
2004.513	0.0238
2029.467	0.0262
2054.731	0.0287
2080.310	0.0315
2106.207	0.0343
2132.427	0.0374
2158.973	0.0405
2185.849	0.0435
2213.060	0.0465
2240.610	0.0499
2268.503	0.0533
2296.743	0.0571
2325.334	0.0612
2354.282	0.0653
2383.590	0.0695
2413.262	0.0739
2443.305	0.0782
2473.721	0.0826
2504.515	0.0871
2535.693	0.0919
2567.260	0.0965
2599.219	0.1011
2631.576	0.1056
2664.335	0.1102
2697.503	0.1150
2731.084	0.1200
2765.082	0.1254
2799.504	0.1307
2834.354	0.1362
2869.638	0.1416
2905.362	0.1465
2941.530	0.1513
2978.148	0.1563
3015.222	0.1612
3052.758	0.1663
3090.761	0.1713
3129.237	0.1764
3168.192	0.1816
3207.632	0.1868
3247.563	0.1920
3287.991	0.1969
3328.923	0.2022
3370.364	0.2075
3412.320	0.2130
3454.799	0.2185
3497.807	0.2239
3541.351	0.2295
3585.436	0.2352
3630.070	0.2411
3675.260	0.2472
3721.012	0.2535
3767.334	0.2600
3814.233	0.2668
3861.715	0.2738
3909.789	0.2811
3958.460	0.2886
4007.738	0.2963
4057.630	0.3044
4108.142	0.3120
4159.283	0.3199
4211.061	0.3279
4263.483	0.3361
4316.559	0.3445
4370.294	0.3532
4424.699	0.3620
4479.781	0.3707
4535.548	0.3792
4592.010	0.3874
4649.175	0.3950
4707.051	0.4023
4765.648	0.4089
4824.975	0.4148
4885.039	0.4183
4945.852	0.4206
5007.421	0.4219
5069.757	0.4221
5132.870	0.4210
5196.768	0.4178
5261.460	0.4135
5326.959	0.4081
5393.273	0.4015
5460.413	0.3938
5528.388	0.3850
5597.209	0.3754
5666.887	0.3648
5737.433	0.3536
5808.857	0.3420
5881.169	0.3299
5954.383	0.3170
6028.507	0.3035
6103.555	0.2894
6179.536	0.2747
6256.464	0.2594
6334.349	0.2438
6413.204	0.2277
6493.040	0.2111
6573.870	0.1939
6655.706	0.1761
6738.562	0.1576
6822.448	0.1385
6907.379	0.1188
6993.367	0.0981
7080.426	0.0763
7168.568	0.0535
7257.808	0.0296
7348.158	0.0055
7439.633	-0.0199
7532.248	-0.0465
7626.015	-0.0743
7720.949	-0.1026
7817.065	-0.1316
7914.377	-0.1618
8012.901	-0.1929
8112.652	-0.2250
8213.645	-0.2570
8315.894	-0.2898
8419.416	-0.3234
8524.228	-0.3579
8630.343	-0.3933
8737.780	-0.4295
8846.555	-0.4664
8956.683	-0.5046
9068.182	-0.5439
9181.069	-0.5845
9295.362	-0.6263
9411.078	-0.6696
9528.233	-0.7146
9646.849	-0.7615
9766.939	-0.8110
9888.525	-0.8628
10011.625	-0.9165
10136.257	-0.9724
10262.440	-1.0303
10390.195	-1.0892
10519.540	-1.1505
10650.495	-1.2142
10783.080	-1.2804
10917.316	-1.3490
11053.223	-1.4200
11190.821	-1.4934
11330.133	-1.5691
11471.179	-1.6470
11613.980	-1.7264
11758.561	-1.8075
11904.939	-1.8903
12053.141	-1.9748
12203.188	-2.0608
12355.102	-2.1478
12508.907	-2.2362
12664.627	-2.3261
12822.286	-2.4174
12981.907	-2.5094
13143.516	-2.6023
13307.136	-2.6965
13472.793	-2.7924
13640.512	-2.8895
13810.319	-2.9875
13982.240	-3.0865
14156.302	-3.1869
14332.529	-3.2885
14510.951	-3.3909
14691.595	-3.4934
14874.486	-3.5968
15059.655	-3.7011
15247.129	-3.8061
15436.937	-3.9111
15629.106	-4.0164
15823.669	-4.1221
16020.654	-4.2283
16220.091	-4.3348
16422.010	-4.4412
16626.443	-4.5474
16833.422	-4.6537
17042.977	-4.7599
17255.141	-4.8659
17469.945	-4.9712
17687.424	-5.0761
17907.609	-5.1651
18130.537	-5.2550
18356.240	-5.3453
18584.752	-5.4360
18816.107	-5.5277
19050.346	-5.6203
19287.498	-5.7137
19527.604	-5.8083
19770.697	-5.9038
20016.816	-6.0004
