Sens Factor =-.83dB, SERNO: 7009175
10.054	-6.2426
10.179	-6.0679
10.306	-5.8963
10.434	-5.7280
10.564	-5.5629
10.696	-5.4008
10.829	-5.2419
10.964	-5.0860
11.1	-4.9332
11.238	-4.7833
11.378	-4.6364
11.52	-4.4925
11.663	-4.3515
11.809	-4.2132
11.956	-4.0779
12.104	-3.9454
12.255	-3.8156
12.408	-3.6886
12.562	-3.5643
12.718	-3.4427
12.877	-3.3236
13.037	-3.2073
13.199	-3.0935
13.364	-2.9822
13.53	-2.8734
13.698	-2.7672
13.869	-2.6634
14.042	-2.5620
14.216	-2.4630
14.393	-2.3663
14.573	-2.2719
14.754	-2.1799
14.938	-2.0901
15.124	-2.0026
15.312	-1.9172
15.503	-1.8340
15.696	-1.7529
15.891	-1.6739
16.089	-1.5970
16.289	-1.5221
16.492	-1.4492
16.697	-1.3783
16.905	-1.3093
17.115	-1.2422
17.328	-1.1770
17.544	-1.1136
17.763	-1.0520
17.984	-0.9922
18.208	-0.9341
18.434	-0.8778
18.664	-0.8231
18.896	-0.7701
19.131	-0.7187
19.369	-0.6688
19.611	-0.6205
19.855	-0.5737
20.102	-0.5284
20.352	-0.4846
20.605	-0.4422
20.862	-0.4011
21.122	-0.3614
21.385	-0.3230
21.651	-0.2860
21.92	-0.2502
22.193	-0.2156
22.47	-0.1821
22.749	-0.1499
23.032	-0.1188
23.319	-0.0888
23.609	-0.0598
23.903	-0.0319
24.201	-0.0050
24.502	0.0210
24.807	0.0460
25.116	0.0701
25.429	0.0934
25.745	0.1158
26.066	0.1374
26.39	0.1582
26.719	0.1783
27.051	0.1977
27.388	0.2164
27.729	0.2344
28.074	0.2519
28.424	0.2688
28.778	0.2851
29.136	0.3009
29.499	0.3162
29.866	0.3311
30.238	0.3455
30.614	0.3596
30.995	0.3733
31.381	0.3867
31.772	0.3998
32.167	0.4126
32.568	0.4252
32.973	0.4376
33.383	0.4499
33.799	0.4620
34.22	0.4740
34.646	0.4860
35.077	0.4979
35.514	0.5091
35.956	0.5205
36.403	0.5324
36.857	0.5447
37.315	0.5576
37.78	0.5711
38.25	0.5852
38.726	0.5999
39.209	0.6150
39.697	0.6303
40.191	0.6455
40.691	0.6605
41.198	0.6749
41.711	0.6887
42.23	0.7016
42.756	0.7138
43.288	0.7251
43.827	0.7357
44.372	0.7455
44.925	0.7544
45.484	0.7626
46.05	0.7701
46.623	0.7768
47.204	0.7828
47.791	0.7881
48.386	0.7927
48.989	0.7966
49.599	0.7997
50.216	0.8021
50.841	0.8037
51.474	0.8047
52.115	0.8050
52.764	0.8047
53.42	0.8035
54.085	0.8017
54.759	0.7990
55.44	0.7956
56.131	0.7913
56.829	0.7862
57.537	0.7804
58.253	0.7737
58.978	0.7663
59.712	0.7581
60.456	0.7492
61.208	0.7395
61.97	0.7291
62.742	0.7180
63.523	0.7062
64.314	0.6940
65.114	0.6815
65.925	0.6688
66.745	0.6561
67.576	0.6436
68.418	0.6313
69.269	0.6193
70.132	0.6076
71.005	0.5962
71.889	0.5849
72.784	0.5737
73.69	0.5626
74.607	0.5515
75.536	0.5403
76.476	0.5290
77.428	0.5176
78.392	0.5062
79.368	0.4948
80.356	0.4834
81.356	0.4721
82.369	0.4612
83.394	0.4506
84.433	0.4404
85.484	0.4308
86.548	0.4217
87.625	0.4131
88.716	0.4050
89.82	0.3973
90.939	0.3900
92.071	0.3830
93.217	0.3762
94.377	0.3697
95.552	0.3635
96.742	0.3576
97.946	0.3520
99.165	0.3468
100.4	0.3421
101.65	0.3378
102.915	0.3341
104.196	0.3310
105.493	0.3284
106.806	0.3263
108.136	0.3247
109.482	0.3233
110.845	0.3224
112.225	0.3217
113.622	0.3215
115.037	0.3215
116.469	0.3219
117.919	0.3225
119.386	0.3234
120.873	0.3245
122.377	0.3260
123.901	0.3279
125.443	0.3300
127.005	0.3324
128.586	0.3351
130.187	0.3381
131.807	0.3413
133.448	0.3448
135.109	0.3483
136.791	0.3516
138.494	0.3545
140.218	0.3570
141.964	0.3591
143.731	0.3607
145.52	0.3618
147.332	0.3626
149.166	0.3630
151.023	0.3629
152.903	0.3625
154.806	0.3617
156.734	0.3606
158.685	0.3590
160.66	0.3570
162.66	0.3546
164.685	0.3516
166.735	0.3481
168.811	0.3440
170.912	0.3393
173.04	0.3340
175.194	0.3281
177.375	0.3218
179.583	0.3153
181.819	0.3085
184.082	0.3015
186.374	0.2939
188.694	0.2860
191.043	0.2778
193.421	0.2695
195.829	0.2612
198.267	0.2529
200.735	0.2449
203.234	0.2370
205.764	0.2291
208.325	0.2212
210.919	0.2135
213.544	0.2058
216.203	0.1982
218.894	0.1907
221.619	0.1832
224.378	0.1758
227.171	0.1684
229.999	0.1609
232.862	0.1534
235.761	0.1460
238.696	0.1387
241.668	0.1313
244.676	0.1238
247.722	0.1162
250.806	0.1086
253.928	0.1011
257.089	0.0937
260.29	0.0863
263.53	0.0788
266.81	0.0713
270.132	0.0639
273.495	0.0565
276.899	0.0492
280.346	0.0420
283.836	0.0349
287.37	0.0279
290.947	0.0211
294.569	0.0142
298.236	0.0073
301.949	0.0002
305.708	-0.0069
309.513	-0.0139
313.366	-0.0208
317.267	-0.0277
321.217	-0.0345
325.216	-0.0412
329.264	-0.0476
333.363	-0.0537
337.513	-0.0591
341.715	-0.0634
345.969	-0.0666
350.276	-0.0689
354.636	-0.0704
359.051	-0.0714
363.521	-0.0720
368.046	-0.0725
372.628	-0.0727
377.266	-0.0727
381.963	-0.0723
386.718	-0.0715
391.532	-0.0704
396.406	-0.0689
401.341	-0.0671
406.337	-0.0649
411.395	-0.0624
416.517	-0.0597
421.702	-0.0567
426.951	-0.0535
432.266	-0.0498
437.648	-0.0456
443.096	-0.0410
448.612	-0.0361
454.196	-0.0309
459.851	-0.0254
465.575	-0.0196
471.371	-0.0138
477.239	-0.0078
483.18	-0.0017
489.195	0.0046
495.285	0.0111
501.45	0.0178
507.693	0.0249
514.013	0.0322
520.412	0.0398
526.89	0.0477
533.449	0.0557
540.09	0.0637
546.814	0.0715
553.621	0.0787
560.513	0.0850
567.49	0.0903
574.555	0.0944
581.707	0.0974
588.949	0.0996
596.281	0.1009
603.703	0.1018
611.219	0.1024
618.828	0.1027
626.531	0.1029
634.331	0.1029
642.228	0.1027
650.222	0.1023
658.317	0.1017
666.512	0.1009
674.809	0.0999
683.21	0.0988
691.715	0.0976
700.326	0.0964
709.044	0.0950
717.871	0.0934
726.807	0.0915
735.855	0.0895
745.016	0.0872
754.29	0.0848
763.68	0.0823
773.187	0.0797
782.812	0.0772
792.557	0.0745
802.424	0.0717
812.413	0.0688
822.526	0.0659
832.766	0.0628
843.133	0.0597
853.629	0.0567
864.255	0.0537
875.014	0.0509
885.907	0.0482
896.935	0.0456
908.101	0.0432
919.406	0.0409
930.851	0.0389
942.439	0.0369
954.171	0.0352
966.049	0.0335
978.076	0.0320
990.251	0.0305
1002.579	0.0290
1015.06	0.0275
1027.696	0.0260
1040.489	0.0247
1053.442	0.0235
1066.556	0.0224
1079.833	0.0215
1093.276	0.0208
1106.886	0.0204
1120.665	0.0202
1134.616	0.0203
1148.741	0.0207
1163.041	0.0214
1177.519	0.0224
1192.178	0.0237
1207.019	0.0253
1222.045	0.0273
1237.258	0.0297
1252.66	0.0324
1268.254	0.0353
1284.042	0.0385
1300.027	0.0419
1316.211	0.0456
1332.596	0.0497
1349.185	0.0540
1365.981	0.0586
1382.985	0.0636
1400.202	0.0689
1417.633	0.0743
1435.28	0.0798
1453.148	0.0854
1471.238	0.0911
1489.553	0.0968
1508.096	0.1026
1526.87	0.1086
1545.877	0.1146
1565.121	0.1207
1584.605	0.1269
1604.332	0.1333
1624.303	0.1399
1644.524	0.1466
1664.996	0.1537
1685.723	0.1610
1706.708	0.1686
1727.955	0.1763
1749.466	0.1842
1771.244	0.1922
1793.294	0.2003
1815.618	0.2086
1838.221	0.2169
1861.104	0.2253
1884.272	0.2338
1907.729	0.2424
1931.478	0.2513
1955.523	0.2604
1979.866	0.2696
2004.513	0.2792
2029.467	0.2890
2054.731	0.2994
2080.31	0.3103
2106.207	0.3216
2132.427	0.3333
2158.973	0.3454
2185.849	0.3578
2213.06	0.3706
2240.61	0.3836
2268.503	0.3969
2296.743	0.4103
2325.334	0.4239
2354.282	0.4378
2383.59	0.4521
2413.262	0.4668
2443.305	0.4818
2473.721	0.4971
2504.515	0.5128
2535.693	0.5288
2567.26	0.5450
2599.219	0.5615
2631.576	0.5782
2664.335	0.5951
2697.503	0.6122
2731.084	0.6296
2765.082	0.6472
2799.504	0.6651
2834.354	0.6831
2869.638	0.7013
2905.362	0.7198
2941.53	0.7384
2978.148	0.7573
3015.222	0.7765
3052.758	0.7959
3090.761	0.8155
3129.237	0.8354
3168.192	0.8554
3207.632	0.8758
3247.563	0.8963
3287.991	0.9171
3328.923	0.9381
3370.364	0.9592
3412.32	0.9803
3454.799	1.0015
3497.807	1.0229
3541.351	1.0445
3585.436	1.0663
3630.07	1.0885
3675.26	1.1111
3721.012	1.1342
3767.334	1.1578
3814.233	1.1820
3861.715	1.2069
3909.789	1.2323
3958.46	1.2581
4007.738	1.2844
4057.63	1.3111
4108.142	1.3384
4159.283	1.3661
4211.061	1.3942
4263.483	1.4229
4316.559	1.4519
4370.294	1.4814
4424.699	1.5112
4479.781	1.5412
4535.548	1.5715
4592.01	1.6019
4649.175	1.6324
4707.051	1.6629
4765.648	1.6933
4824.975	1.7235
4885.039	1.7535
4945.852	1.7831
5007.421	1.8123
5069.757	1.8409
5132.87	1.8690
5196.768	1.8965
5261.46	1.9234
5326.959	1.9497
5393.273	1.9755
5460.413	2.0007
5528.388	2.0255
5597.209	2.0498
5666.887	2.0736
5737.433	2.0971
5808.857	2.1202
5881.169	2.1430
5954.383	2.1655
6028.507	2.1876
6103.555	2.2096
6179.536	2.2314
6256.464	2.2530
6334.349	2.2745
6413.204	2.2958
6493.04	2.3171
6573.87	2.3382
6655.706	2.3592
6738.562	2.3800
6822.448	2.4004
6907.379	2.4205
6993.367	2.4402
7080.426	2.4593
7168.568	2.4777
7257.808	2.4954
7348.158	2.5125
7439.633	2.5287
7532.248	2.5442
7626.015	2.5589
7720.949	2.5727
7817.065	2.5856
7914.377	2.5976
8012.901	2.6087
8112.652	2.6191
8213.645	2.6287
8315.894	2.6376
8419.416	2.6457
8524.228	2.6533
8630.343	2.6601
8737.78	2.6661
8846.555	2.6713
8956.683	2.6756
9068.182	2.6789
9181.069	2.6812
9295.362	2.6824
9411.078	2.6823
9528.233	2.6808
9646.849	2.6779
9766.939	2.6733
9888.525	2.6671
10011.625	2.6592
10136.257	2.6495
10262.44	2.6378
10390.195	2.6242
10519.54	2.6088
10650.495	2.5915
10783.08	2.5723
10917.316	2.5511
11053.223	2.5280
11190.821	2.5029
11330.133	2.4762
11471.179	2.4478
11613.98	2.4179
11758.561	2.3865
11904.939	2.3540
12053.141	2.3205
12203.188	2.2860
12355.102	2.2504
12508.907	2.2138
12664.627	2.1763
12822.286	2.1379
12981.907	2.0989
13143.516	2.0591
13307.136	2.0186
13472.793	1.9772
13640.512	1.9350
13810.319	1.8919
13982.24	1.8481
14156.302	1.8038
14332.529	1.7590
14510.951	1.7137
14691.595	1.6683
14874.486	1.6228
15059.655	1.5772
15247.129	1.5320
15436.937	1.4872
15629.106	1.4425
15823.669	1.3982
16020.654	1.3543
16220.091	1.3109
16422.01	1.2679
16626.443	1.2257
16833.422	1.1844
17042.977	1.1440
17255.141	1.1046
17469.945	1.0662
17687.424	1.0290
17907.609	1.0071
18130.537	0.9852
18356.24	0.9633
18584.752	0.9415
18816.107	0.9196
19050.346	0.8976
19287.498	0.8756
19527.604	0.8536
19770.697	0.8315
20016.816	0.8091
