Sens Factor =.4363dB, SERNO: 7009167
"Auto-generated 90-degree calibration file"
10.054	-6.3485
10.179	-6.1724
10.306	-5.9994
10.434	-5.8297
10.564	-5.6631
10.696	-5.4996
10.829	-5.3393
10.964	-5.1820
11.100	-5.0278
11.238	-4.8765
11.378	-4.7282
11.520	-4.5828
11.663	-4.4403
11.809	-4.3007
11.956	-4.1639
12.104	-4.0300
12.255	-3.8988
12.408	-3.7703
12.562	-3.6446
12.718	-3.5216
12.877	-3.4011
13.037	-3.2834
13.199	-3.1682
13.364	-3.0554
13.530	-2.9453
13.698	-2.8376
13.869	-2.7324
14.042	-2.6295
14.216	-2.5292
14.393	-2.4311
14.573	-2.3353
14.754	-2.2418
14.938	-2.1506
15.124	-2.0616
15.312	-1.9748
15.503	-1.8902
15.696	-1.8077
15.891	-1.7273
16.089	-1.6489
16.289	-1.5727
16.492	-1.4983
16.697	-1.4260
16.905	-1.3556
17.115	-1.2871
17.328	-1.2204
17.544	-1.1556
17.763	-1.0926
17.984	-1.0314
18.208	-0.9719
18.434	-0.9141
18.664	-0.8580
18.896	-0.8036
19.131	-0.7507
19.369	-0.6995
19.611	-0.6497
19.855	-0.6015
20.102	-0.5548
20.352	-0.5095
20.605	-0.4657
20.862	-0.4232
21.122	-0.3821
21.385	-0.3423
21.651	-0.3038
21.920	-0.2666
22.193	-0.2306
22.470	-0.1957
22.749	-0.1621
23.032	-0.1296
23.319	-0.0981
23.609	-0.0678
23.903	-0.0384
24.201	-0.0100
24.502	0.0173
24.807	0.0438
25.116	0.0693
25.429	0.0940
25.745	0.1178
26.066	0.1409
26.390	0.1631
26.719	0.1846
27.051	0.2054
27.388	0.2255
27.729	0.2450
28.074	0.2639
28.424	0.2822
28.778	0.2999
29.136	0.3171
29.499	0.3339
29.866	0.3501
30.238	0.3660
30.614	0.3815
30.995	0.3966
31.381	0.4114
31.772	0.4259
32.167	0.4402
32.568	0.4542
32.973	0.4681
33.383	0.4817
33.799	0.4953
34.220	0.5087
34.646	0.5221
35.077	0.5355
35.514	0.5483
35.956	0.5613
36.403	0.5746
36.857	0.5882
37.315	0.6022
37.780	0.6166
38.250	0.6313
38.726	0.6463
39.209	0.6611
39.697	0.6757
40.191	0.6898
40.691	0.7032
41.198	0.7158
41.711	0.7276
42.230	0.7386
42.756	0.7490
43.288	0.7586
43.827	0.7677
44.372	0.7761
44.925	0.7838
45.484	0.7909
46.050	0.7973
46.623	0.8030
47.204	0.8080
47.791	0.8123
48.386	0.8158
48.989	0.8186
49.599	0.8205
50.216	0.8217
50.841	0.8222
51.474	0.8219
52.115	0.8209
52.764	0.8191
53.420	0.8165
54.085	0.8131
54.759	0.8088
55.440	0.8038
56.131	0.7980
56.829	0.7916
57.537	0.7845
58.253	0.7768
58.978	0.7686
59.712	0.7598
60.456	0.7505
61.208	0.7406
61.970	0.7302
62.742	0.7193
63.523	0.7080
64.314	0.6964
65.114	0.6845
65.925	0.6726
66.745	0.6608
67.576	0.6490
68.418	0.6375
69.269	0.6262
70.132	0.6150
71.005	0.6040
71.889	0.5931
72.784	0.5821
73.690	0.5711
74.607	0.5601
75.536	0.5490
76.476	0.5378
77.428	0.5266
78.392	0.5154
79.368	0.5041
80.356	0.4929
81.356	0.4818
82.369	0.4709
83.394	0.4604
84.433	0.4502
85.484	0.4404
86.548	0.4310
87.625	0.4219
88.716	0.4132
89.820	0.4047
90.939	0.3965
92.071	0.3885
93.217	0.3808
94.377	0.3733
95.552	0.3660
96.742	0.3591
97.946	0.3525
99.165	0.3463
100.400	0.3405
101.650	0.3352
102.915	0.3303
104.196	0.3260
105.493	0.3221
106.806	0.3188
108.136	0.3160
109.482	0.3136
110.845	0.3117
112.225	0.3104
113.622	0.3095
115.037	0.3091
116.469	0.3091
117.919	0.3094
119.386	0.3101
120.873	0.3110
122.377	0.3121
123.901	0.3135
125.443	0.3150
127.005	0.3168
128.586	0.3187
130.187	0.3207
131.807	0.3228
133.448	0.3250
135.109	0.3272
136.791	0.3293
138.494	0.3310
140.218	0.3325
141.964	0.3337
143.731	0.3346
145.520	0.3352
147.332	0.3358
149.166	0.3362
151.023	0.3365
152.903	0.3366
154.806	0.3364
156.734	0.3361
158.685	0.3356
160.660	0.3347
162.660	0.3335
164.685	0.3319
166.735	0.3300
168.811	0.3275
170.912	0.3246
173.040	0.3212
175.194	0.3174
177.375	0.3132
179.583	0.3087
181.819	0.3040
184.082	0.2988
186.374	0.2931
188.694	0.2868
191.043	0.2802
193.421	0.2734
195.829	0.2666
198.267	0.2599
200.735	0.2532
203.234	0.2464
205.764	0.2396
208.325	0.2329
210.919	0.2263
213.544	0.2200
216.203	0.2140
218.894	0.2083
221.619	0.2030
224.378	0.1980
227.171	0.1932
229.999	0.1886
232.862	0.1842
235.761	0.1800
238.696	0.1762
241.668	0.1725
244.676	0.1688
247.722	0.1651
250.806	0.1613
253.928	0.1576
257.089	0.1538
260.290	0.1497
263.530	0.1453
266.810	0.1407
270.132	0.1358
273.495	0.1306
276.899	0.1253
280.346	0.1199
283.836	0.1144
287.370	0.1088
290.947	0.1030
294.569	0.0971
298.236	0.0910
301.949	0.0848
305.708	0.0786
309.513	0.0724
313.366	0.0663
317.267	0.0601
321.217	0.0538
325.216	0.0474
329.264	0.0411
333.363	0.0350
337.513	0.0294
341.715	0.0246
345.969	0.0204
350.276	0.0169
354.636	0.0138
359.051	0.0109
363.521	0.0080
368.046	0.0050
372.628	0.0017
377.266	-0.0015
381.963	-0.0047
386.718	-0.0077
391.532	-0.0108
396.406	-0.0138
401.341	-0.0168
406.337	-0.0196
411.395	-0.0223
416.517	-0.0249
421.702	-0.0272
426.951	-0.0293
432.266	-0.0307
437.648	-0.0316
443.096	-0.0319
448.612	-0.0316
454.196	-0.0309
459.851	-0.0298
465.575	-0.0283
471.371	-0.0265
477.239	-0.0243
483.180	-0.0219
489.195	-0.0193
495.285	-0.0163
501.450	-0.0131
507.693	-0.0098
514.013	-0.0062
520.412	-0.0023
526.890	0.0018
533.449	0.0062
540.090	0.0107
546.814	0.0152
553.621	0.0193
560.513	0.0230
567.490	0.0261
574.555	0.0285
581.707	0.0301
588.949	0.0312
596.281	0.0319
603.703	0.0323
611.219	0.0326
618.828	0.0329
626.531	0.0332
634.331	0.0334
642.228	0.0334
650.222	0.0333
658.317	0.0330
666.512	0.0326
674.809	0.0322
683.210	0.0317
691.715	0.0312
700.326	0.0306
709.044	0.0301
717.871	0.0295
726.807	0.0287
735.855	0.0277
745.016	0.0267
754.290	0.0256
763.680	0.0243
773.187	0.0225
782.812	0.0209
792.557	0.0191
802.424	0.0172
812.413	0.0153
822.526	0.0131
832.766	0.0108
843.133	0.0086
853.629	0.0064
864.255	0.0039
875.014	0.0015
885.907	-0.0010
896.935	-0.0034
908.101	-0.0061
919.406	-0.0088
930.851	-0.0114
942.439	-0.0142
954.171	-0.0169
966.049	-0.0196
978.076	-0.0224
990.251	-0.0251
1002.579	-0.0279
1015.060	-0.0308
1027.696	-0.0339
1040.489	-0.0371
1053.442	-0.0401
1066.556	-0.0430
1079.833	-0.0458
1093.276	-0.0484
1106.886	-0.0510
1120.665	-0.0533
1134.616	-0.0555
1148.741	-0.0575
1163.041	-0.0593
1177.519	-0.0610
1192.178	-0.0624
1207.019	-0.0636
1222.045	-0.0650
1237.258	-0.0661
1252.660	-0.0670
1268.254	-0.0679
1284.042	-0.0685
1300.027	-0.0690
1316.211	-0.0692
1332.596	-0.0692
1349.185	-0.0690
1365.981	-0.0690
1382.985	-0.0689
1400.202	-0.0686
1417.633	-0.0683
1435.280	-0.0678
1453.148	-0.0674
1471.238	-0.0668
1489.553	-0.0660
1508.096	-0.0651
1526.870	-0.0639
1545.877	-0.0624
1565.121	-0.0608
1584.605	-0.0590
1604.332	-0.0571
1624.303	-0.0552
1644.524	-0.0531
1664.996	-0.0509
1685.723	-0.0484
1706.708	-0.0459
1727.955	-0.0438
1749.466	-0.0416
1771.244	-0.0393
1793.294	-0.0370
1815.618	-0.0345
1838.221	-0.0317
1861.104	-0.0290
1884.272	-0.0260
1907.729	-0.0228
1931.478	-0.0202
1955.523	-0.0178
1979.866	-0.0154
2004.513	-0.0132
2029.467	-0.0111
2054.731	-0.0090
2080.310	-0.0068
2106.207	-0.0046
2132.427	-0.0023
2158.973	-0.0002
2185.849	0.0018
2213.060	0.0037
2240.610	0.0057
2268.503	0.0076
2296.743	0.0096
2325.334	0.0117
2354.282	0.0136
2383.590	0.0156
2413.262	0.0177
2443.305	0.0196
2473.721	0.0215
2504.515	0.0236
2535.693	0.0259
2567.260	0.0280
2599.219	0.0300
2631.576	0.0320
2664.335	0.0340
2697.503	0.0361
2731.084	0.0386
2765.082	0.0412
2799.504	0.0440
2834.354	0.0468
2869.638	0.0496
2905.362	0.0518
2941.530	0.0540
2978.148	0.0563
3015.222	0.0586
3052.758	0.0611
3090.761	0.0634
3129.237	0.0657
3168.192	0.0682
3207.632	0.0707
3247.563	0.0731
3287.991	0.0754
3328.923	0.0780
3370.364	0.0810
3412.320	0.0842
3454.799	0.0876
3497.807	0.0910
3541.351	0.0948
3585.436	0.0988
3630.070	0.1032
3675.260	0.1079
3721.012	0.1129
3767.334	0.1184
3814.233	0.1244
3861.715	0.1309
3909.789	0.1378
3958.460	0.1450
4007.738	0.1525
4057.630	0.1605
4108.142	0.1680
4159.283	0.1758
4211.061	0.1838
4263.483	0.1920
4316.559	0.2005
4370.294	0.2093
4424.699	0.2182
4479.781	0.2270
4535.548	0.2358
4592.010	0.2442
4649.175	0.2521
4707.051	0.2597
4765.648	0.2667
4824.975	0.2729
4885.039	0.2769
4945.852	0.2797
5007.421	0.2815
5069.757	0.2823
5132.870	0.2818
5196.768	0.2792
5261.460	0.2755
5326.959	0.2707
5393.273	0.2648
5460.413	0.2577
5528.388	0.2497
5597.209	0.2407
5666.887	0.2308
5737.433	0.2202
5808.857	0.2093
5881.169	0.1977
5954.383	0.1855
6028.507	0.1725
6103.555	0.1590
6179.536	0.1449
6256.464	0.1302
6334.349	0.1151
6413.204	0.0995
6493.040	0.0833
6573.870	0.0665
6655.706	0.0491
6738.562	0.0310
6822.448	0.0122
6907.379	-0.0073
6993.367	-0.0277
7080.426	-0.0494
7168.568	-0.0722
7257.808	-0.0961
7348.158	-0.1204
7439.633	-0.1460
7532.248	-0.1728
7626.015	-0.2010
7720.949	-0.2296
7817.065	-0.2591
7914.377	-0.2899
8012.901	-0.3218
8112.652	-0.3547
8213.645	-0.3874
8315.894	-0.4211
8419.416	-0.4557
8524.228	-0.4912
8630.343	-0.5276
8737.780	-0.5648
8846.555	-0.6030
8956.683	-0.6425
9068.182	-0.6831
9181.069	-0.7251
9295.362	-0.7686
9411.078	-0.8136
9528.233	-0.8604
9646.849	-0.9092
9766.939	-0.9607
9888.525	-1.0146
10011.625	-1.0706
10136.257	-1.1290
10262.440	-1.1895
10390.195	-1.2512
10519.540	-1.3155
10650.495	-1.3823
10783.080	-1.4517
10917.316	-1.5236
11053.223	-1.5979
11190.821	-1.6747
11330.133	-1.7539
11471.179	-1.8356
11613.980	-1.9189
11758.561	-2.0039
11904.939	-2.0907
12053.141	-2.1791
12203.188	-2.2691
12355.102	-2.3599
12508.907	-2.4523
12664.627	-2.5460
12822.286	-2.6409
12981.907	-2.7365
13143.516	-2.8328
13307.136	-2.9302
13472.793	-3.0291
13640.512	-3.1292
13810.319	-3.2299
13982.240	-3.3317
14156.302	-3.4346
14332.529	-3.5385
14510.951	-3.6432
14691.595	-3.7477
14874.486	-3.8528
15059.655	-3.9586
15247.129	-4.0645
15436.937	-4.1699
15629.106	-4.2752
15823.669	-4.3805
16020.654	-4.4860
16220.091	-4.5916
16422.010	-4.6971
16626.443	-4.8025
16833.422	-4.9078
17042.977	-5.0130
17255.141	-5.1180
17469.945	-5.2224
17687.424	-5.3264
17907.609	-5.4154
18130.537	-5.5051
18356.240	-5.5951
18584.752	-5.6854
18816.107	-5.7765
19050.346	-5.8681
19287.498	-5.9603
19527.604	-6.0534
19770.697	-6.1472
20016.816	-6.2418
