"Sens Factor =-0.518dB, AGain =18dB, SERNO: 7100588"
10.054	-3.8374
10.179	-3.6782
10.306	-3.5223
10.434	-3.3695
10.564	-3.2199
10.696	-3.0734
10.829	-2.9300
10.964	-2.7897
11.1	-2.6524
11.238	-2.5181
11.378	-2.3868
11.52	-2.2584
11.663	-2.1329
11.809	-2.0103
11.956	-1.8905
12.104	-1.7735
12.255	-1.6593
12.408	-1.5479
12.562	-1.4391
12.718	-1.3330
12.877	-1.2296
13.037	-1.1287
13.199	-1.0305
13.364	-0.9348
13.53	-0.8416
13.698	-0.7509
13.869	-0.6626
14.042	-0.5768
14.216	-0.4933
14.393	-0.4122
14.573	-0.3335
14.754	-0.2570
14.938	-0.1827
15.124	-0.1107
15.312	-0.0409
15.503	0.0267
15.696	0.0923
15.891	0.1557
16.089	0.2171
16.289	0.2764
16.492	0.3337
16.697	0.3891
16.905	0.4426
17.115	0.4941
17.328	0.5438
17.544	0.5916
17.763	0.6376
17.984	0.6819
18.208	0.7244
18.434	0.7652
18.664	0.8043
18.896	0.8418
19.131	0.8777
19.369	0.9120
19.611	0.9447
19.855	0.9759
20.102	1.0057
20.352	1.0340
20.605	1.0608
20.862	1.0863
21.122	1.1105
21.385	1.1333
21.651	1.1548
21.92	1.1751
22.193	1.1941
22.47	1.2120
22.749	1.2286
23.032	1.2442
23.319	1.2587
23.609	1.2721
23.903	1.2844
24.201	1.2958
24.502	1.3062
24.807	1.3157
25.116	1.3242
25.429	1.3319
25.745	1.3388
26.066	1.3448
26.39	1.3501
26.719	1.3546
27.051	1.3585
27.388	1.3616
27.729	1.3641
28.074	1.3660
28.424	1.3673
28.778	1.3681
29.136	1.3683
29.499	1.3681
29.866	1.3674
30.238	1.3663
30.614	1.3648
30.995	1.3630
31.381	1.3608
31.772	1.3583
32.167	1.3556
32.568	1.3527
32.973	1.3495
33.383	1.3462
33.799	1.3428
34.22	1.3393
34.646	1.3357
35.077	1.3321
35.514	1.3293
35.956	1.3261
36.403	1.3225
36.857	1.3184
37.315	1.3140
37.78	1.3091
38.25	1.3040
38.726	1.2987
39.209	1.2935
39.697	1.2885
40.191	1.2838
40.691	1.2798
41.198	1.2763
41.711	1.2734
42.23	1.2711
42.756	1.2693
43.288	1.2678
43.827	1.2666
44.372	1.2656
44.925	1.2646
45.484	1.2637
46.05	1.2627
46.623	1.2616
47.204	1.2603
47.791	1.2588
48.386	1.2569
48.989	1.2547
49.599	1.2520
50.216	1.2489
50.841	1.2454
51.474	1.2414
52.115	1.2370
52.764	1.2322
53.42	1.2271
54.085	1.2219
54.759	1.2165
55.44	1.2111
56.131	1.2059
56.829	1.2011
57.537	1.1968
58.253	1.1930
58.978	1.1897
59.712	1.1869
60.456	1.1844
61.208	1.1823
61.97	1.1803
62.742	1.1785
63.523	1.1768
64.314	1.1750
65.114	1.1730
65.925	1.1707
66.745	1.1679
67.576	1.1645
68.418	1.1604
69.269	1.1556
70.132	1.1502
71.005	1.1442
71.889	1.1377
72.784	1.1308
73.69	1.1236
74.607	1.1162
75.536	1.1085
76.476	1.1008
77.428	1.0930
78.392	1.0851
79.368	1.0773
80.356	1.0696
81.356	1.0619
82.369	1.0545
83.394	1.0472
84.433	1.0401
85.484	1.0331
86.548	1.0264
87.625	1.0198
88.716	1.0133
89.82	1.0070
90.939	1.0007
92.071	0.9944
93.217	0.9878
94.377	0.9809
95.552	0.9735
96.742	0.9655
97.946	0.9570
99.165	0.9481
100.4	0.9389
101.65	0.9295
102.915	0.9201
104.196	0.9108
105.493	0.9015
106.806	0.8924
108.136	0.8834
109.482	0.8746
110.845	0.8659
112.225	0.8575
113.622	0.8493
115.037	0.8413
116.469	0.8337
117.919	0.8265
119.386	0.8198
120.873	0.8136
122.377	0.8079
123.901	0.8028
125.443	0.7984
127.005	0.7945
128.586	0.7911
130.187	0.7882
131.807	0.7857
133.448	0.7835
135.109	0.7814
136.791	0.7792
138.494	0.7768
140.218	0.7742
141.964	0.7713
143.731	0.7681
145.52	0.7647
147.332	0.7611
149.166	0.7573
151.023	0.7533
152.903	0.7490
154.806	0.7442
156.734	0.7390
158.685	0.7333
160.66	0.7269
162.66	0.7201
164.685	0.7130
166.735	0.7058
168.811	0.6988
170.912	0.6922
173.04	0.6861
175.194	0.6805
177.375	0.6752
179.583	0.6700
181.819	0.6647
184.082	0.6592
186.374	0.6532
188.694	0.6467
191.043	0.6398
193.421	0.6327
195.829	0.6258
198.267	0.6189
200.735	0.6123
203.234	0.6058
205.764	0.5993
208.325	0.5926
210.919	0.5858
213.544	0.5787
216.203	0.5713
218.894	0.5637
221.619	0.5559
224.378	0.5483
227.171	0.5407
229.999	0.5335
232.862	0.5266
235.761	0.5201
238.696	0.5140
241.668	0.5082
244.676	0.5026
247.722	0.4971
250.806	0.4919
253.928	0.4870
257.089	0.4823
260.29	0.4781
263.53	0.4742
266.81	0.4706
270.132	0.4674
273.495	0.4640
276.899	0.4605
280.346	0.4564
283.836	0.4515
287.37	0.4457
290.947	0.4388
294.569	0.4312
298.236	0.4231
301.949	0.4147
305.708	0.4064
309.513	0.3983
313.366	0.3905
317.267	0.3831
321.217	0.3756
325.216	0.3678
329.264	0.3597
333.363	0.3511
337.513	0.3422
341.715	0.3329
345.969	0.3235
350.276	0.3141
354.636	0.3047
359.051	0.2957
363.521	0.2874
368.046	0.2799
372.628	0.2730
377.266	0.2668
381.963	0.2609
386.718	0.2552
391.532	0.2494
396.406	0.2432
401.341	0.2364
406.337	0.2288
411.395	0.2209
416.517	0.2132
421.702	0.2057
426.951	0.1985
432.266	0.1917
437.648	0.1852
443.096	0.1792
448.612	0.1736
454.196	0.1685
459.851	0.1639
465.575	0.1598
471.371	0.1562
477.239	0.1531
483.18	0.1505
489.195	0.1483
495.285	0.1466
501.45	0.1453
507.693	0.1442
514.013	0.1433
520.412	0.1427
526.89	0.1423
533.449	0.1420
540.09	0.1418
546.814	0.1417
553.621	0.1417
560.513	0.1417
567.49	0.1417
574.555	0.1416
581.707	0.1414
588.949	0.1409
596.281	0.1400
603.703	0.1383
611.219	0.1358
618.828	0.1325
626.531	0.1285
634.331	0.1240
642.228	0.1192
650.222	0.1145
658.317	0.1100
666.512	0.1063
674.809	0.1031
683.21	0.1001
691.715	0.0969
700.326	0.0935
709.044	0.0897
717.871	0.0858
726.807	0.0817
735.855	0.0776
745.016	0.0735
754.29	0.0694
763.68	0.0654
773.187	0.0615
782.812	0.0576
792.557	0.0538
802.424	0.0501
812.413	0.0466
822.526	0.0432
832.766	0.0399
843.133	0.0368
853.629	0.0338
864.255	0.0309
875.014	0.0281
885.907	0.0253
896.935	0.0224
908.101	0.0193
919.406	0.0161
930.851	0.0127
942.439	0.0090
954.171	0.0051
966.049	0.0009
978.076	-0.0038
990.251	-0.0091
1002.579	-0.0150
1015.06	-0.0215
1027.696	-0.0284
1040.489	-0.0356
1053.442	-0.0428
1066.556	-0.0500
1079.833	-0.0571
1093.276	-0.0638
1106.886	-0.0703
1120.665	-0.0765
1134.616	-0.0824
1148.741	-0.0879
1163.041	-0.0930
1177.519	-0.0977
1192.178	-0.1021
1207.019	-0.1063
1222.045	-0.1102
1237.258	-0.1141
1252.66	-0.1177
1268.254	-0.1213
1284.042	-0.1246
1300.027	-0.1277
1316.211	-0.1307
1332.596	-0.1334
1349.185	-0.1360
1365.981	-0.1384
1382.985	-0.1407
1400.202	-0.1428
1417.633	-0.1448
1435.28	-0.1465
1453.148	-0.1481
1471.238	-0.1494
1489.553	-0.1503
1508.096	-0.1510
1526.87	-0.1514
1545.877	-0.1516
1565.121	-0.1515
1584.605	-0.1514
1604.332	-0.1511
1624.303	-0.1503
1644.524	-0.1491
1664.996	-0.1472
1685.723	-0.1447
1706.708	-0.1418
1727.955	-0.1386
1749.466	-0.1352
1771.244	-0.1315
1793.294	-0.1277
1815.618	-0.1236
1838.221	-0.1194
1861.104	-0.1149
1884.272	-0.1101
1907.729	-0.1050
1931.478	-0.0996
1955.523	-0.0938
1979.866	-0.0876
2004.513	-0.0811
2029.467	-0.0743
2054.731	-0.0673
2080.31	-0.0601
2106.207	-0.0529
2132.427	-0.0459
2158.973	-0.0391
2185.849	-0.0325
2213.06	-0.0261
2240.61	-0.0199
2268.503	-0.0138
2296.743	-0.0081
2325.334	-0.0027
2354.282	0.0024
2383.59	0.0077
2413.262	0.0134
2443.305	0.0195
2473.721	0.0261
2504.515	0.0332
2535.693	0.0410
2567.26	0.0494
2599.219	0.0585
2631.576	0.0683
2664.335	0.0789
2697.503	0.0902
2731.084	0.1020
2765.082	0.1144
2799.504	0.1271
2834.354	0.1402
2869.638	0.1537
2905.362	0.1675
2941.53	0.1814
2978.148	0.1956
3015.222	0.2099
3052.758	0.2242
3090.761	0.2386
3129.237	0.2531
3168.192	0.2675
3207.632	0.2820
3247.563	0.2965
3287.991	0.3111
3328.923	0.3257
3370.364	0.3404
3412.32	0.3552
3454.799	0.3702
3497.807	0.3856
3541.351	0.4015
3585.436	0.4181
3630.07	0.4353
3675.26	0.4531
3721.012	0.4714
3767.334	0.4904
3814.233	0.5101
3861.715	0.5304
3909.789	0.5509
3958.46	0.5713
4007.738	0.5914
4057.63	0.6113
4108.142	0.6311
4159.283	0.6510
4211.061	0.6710
4263.483	0.6912
4316.559	0.7116
4370.294	0.7323
4424.699	0.7532
4479.781	0.7744
4535.548	0.7957
4592.01	0.8173
4649.175	0.8392
4707.051	0.8612
4765.648	0.8833
4824.975	0.9054
4885.039	0.9272
4945.852	0.9488
5007.421	0.9699
5069.757	0.9903
5132.87	1.0096
5196.768	1.0277
5261.46	1.0445
5326.959	1.0598
5393.273	1.0737
5460.413	1.0863
5528.388	1.0975
5597.209	1.1075
5666.887	1.1164
5737.433	1.1246
5808.857	1.1324
5881.169	1.1401
5954.383	1.1477
6028.507	1.1552
6103.555	1.1628
6179.536	1.1704
6256.464	1.1783
6334.349	1.1863
6413.204	1.1948
6493.04	1.2039
6573.87	1.2136
6655.706	1.2238
6738.562	1.2343
6822.448	1.2449
6907.379	1.2553
6993.367	1.2654
7080.426	1.2748
7168.568	1.2832
7257.808	1.2903
7348.158	1.2954
7439.633	1.2983
7532.248	1.2983
7626.015	1.2954
7720.949	1.2900
7817.065	1.2830
7914.377	1.2748
8012.901	1.2657
8112.652	1.2556
8213.645	1.2443
8315.894	1.2314
8419.416	1.2164
8524.228	1.1989
8630.343	1.1782
8737.78	1.1540
8846.555	1.1273
8956.683	1.0993
9068.182	1.0705
9181.069	1.0414
9295.362	1.0123
9411.078	0.9831
9528.233	0.9532
9646.849	0.9222
9766.939	0.8897
9888.525	0.8553
10011.625	0.8190
10136.257	0.7805
10262.44	0.7398
10390.195	0.6969
10519.54	0.6519
10650.495	0.6050
10783.08	0.5563
10917.316	0.5060
11053.223	0.4541
11190.821	0.4009
11330.133	0.3468
11471.179	0.2919
11613.98	0.2365
11758.561	0.1813
11904.939	0.1273
12053.141	0.0749
12203.188	0.0241
12355.102	-0.0248
12508.907	-0.0718
12664.627	-0.1168
12822.286	-0.1605
12981.907	-0.2037
13143.516	-0.2469
13307.136	-0.2906
13472.793	-0.3346
13640.512	-0.3788
13810.319	-0.4225
13982.24	-0.4650
14156.302	-0.5056
14332.529	-0.5433
14510.951	-0.5775
14691.595	-0.6094
14874.486	-0.6399
15059.655	-0.6694
15247.129	-0.6983
15436.937	-0.7267
15629.106	-0.7545
15823.669	-0.7814
16020.654	-0.8072
16220.091	-0.8316
16422.01	-0.8540
16626.443	-0.8742
16833.422	-0.8918
17042.977	-0.9067
17255.141	-0.9190
17469.945	-0.9283
17687.424	-0.9346
17907.609	-0.9419
18130.537	-0.9488
18356.24	-0.9553
18584.752	-0.9615
18816.107	-0.9675
19050.346	-0.9736
19287.498	-0.9797
19527.604	-0.9865
19770.697	-0.9949
20016.816	-1.0050

