"Sens Factor =-2.655dB, AGain =18dB, SERNO: 7100578"
"Auto-generated 90-degree calibration file"
10.054	-4.2765
10.179	-4.1162
10.306	-3.9591
10.434	-3.8052
10.564	-3.6545
10.696	-3.5069
10.829	-3.3624
10.964	-3.2210
11.100	-3.0826
11.238	-2.9472
11.378	-2.8147
11.520	-2.6852
11.663	-2.5586
11.809	-2.4349
11.956	-2.3140
12.104	-2.1959
12.255	-2.0806
12.408	-1.9680
12.562	-1.8581
12.718	-1.7509
12.877	-1.6463
13.037	-1.5444
13.199	-1.4450
13.364	-1.3482
13.530	-1.2539
13.698	-1.1621
13.869	-1.0727
14.042	-0.9858
14.216	-0.9012
14.393	-0.8190
14.573	-0.7391
14.754	-0.6615
14.938	-0.5861
15.124	-0.5130
15.312	-0.4421
15.503	-0.3733
15.696	-0.3067
15.891	-0.2421
16.089	-0.1796
16.289	-0.1192
16.492	-0.0607
16.697	-0.0042
16.905	0.0503
17.115	0.1030
17.328	0.1538
17.544	0.2027
17.763	0.2499
17.984	0.2952
18.208	0.3388
18.434	0.3808
18.664	0.4210
18.896	0.4596
19.131	0.4966
19.369	0.5320
19.611	0.5658
19.855	0.5982
20.102	0.6291
20.352	0.6585
20.605	0.6865
20.862	0.7131
21.122	0.7383
21.385	0.7622
21.651	0.7849
21.920	0.8063
22.193	0.8264
22.470	0.8454
22.749	0.8632
23.032	0.8799
23.319	0.8954
23.609	0.9100
23.903	0.9234
24.201	0.9359
24.502	0.9474
24.807	0.9580
25.116	0.9677
25.429	0.9765
25.745	0.9845
26.066	0.9916
26.390	0.9980
26.719	1.0037
27.051	1.0086
27.388	1.0129
27.729	1.0165
28.074	1.0195
28.424	1.0219
28.778	1.0238
29.136	1.0252
29.499	1.0261
29.866	1.0265
30.238	1.0265
30.614	1.0261
30.995	1.0254
31.381	1.0243
31.772	1.0230
32.167	1.0214
32.568	1.0195
32.973	1.0175
33.383	1.0153
33.799	1.0130
34.220	1.0106
34.646	1.0081
35.077	1.0056
35.514	1.0037
35.956	1.0015
36.403	0.9990
36.857	0.9962
37.315	0.9931
37.780	0.9898
38.250	0.9865
38.726	0.9831
39.209	0.9799
39.697	0.9770
40.191	0.9745
40.691	0.9725
41.198	0.9708
41.711	0.9694
42.230	0.9681
42.756	0.9670
43.288	0.9659
43.827	0.9648
44.372	0.9637
44.925	0.9625
45.484	0.9613
46.050	0.9600
46.623	0.9585
47.204	0.9569
47.791	0.9550
48.386	0.9529
48.989	0.9505
49.599	0.9477
50.216	0.9445
50.841	0.9409
51.474	0.9370
52.115	0.9328
52.764	0.9283
53.420	0.9234
54.085	0.9185
54.759	0.9134
55.440	0.9084
56.131	0.9037
56.829	0.8993
57.537	0.8954
58.253	0.8921
58.978	0.8893
59.712	0.8869
60.456	0.8848
61.208	0.8830
61.970	0.8812
62.742	0.8794
63.523	0.8776
64.314	0.8755
65.114	0.8731
65.925	0.8703
66.745	0.8671
67.576	0.8632
68.418	0.8590
69.269	0.8544
70.132	0.8495
71.005	0.8443
71.889	0.8390
72.784	0.8333
73.690	0.8274
74.607	0.8213
75.536	0.8149
76.476	0.8084
77.428	0.8019
78.392	0.7953
79.368	0.7887
80.356	0.7822
81.356	0.7758
82.369	0.7695
83.394	0.7634
84.433	0.7575
85.484	0.7516
86.548	0.7459
87.625	0.7402
88.716	0.7346
89.820	0.7288
90.939	0.7231
92.071	0.7171
93.217	0.7108
94.377	0.7040
95.552	0.6966
96.742	0.6884
97.946	0.6797
99.165	0.6704
100.400	0.6606
101.650	0.6506
102.915	0.6404
104.196	0.6301
105.493	0.6198
106.806	0.6094
108.136	0.5991
109.482	0.5889
110.845	0.5789
112.225	0.5691
113.622	0.5594
115.037	0.5499
116.469	0.5407
117.919	0.5318
119.386	0.5232
120.873	0.5150
122.377	0.5072
123.901	0.4998
125.443	0.4927
127.005	0.4858
128.586	0.4792
130.187	0.4727
131.807	0.4664
133.448	0.4601
135.109	0.4539
136.791	0.4477
138.494	0.4414
140.218	0.4352
141.964	0.4290
143.731	0.4228
145.520	0.4168
147.332	0.4108
149.166	0.4049
151.023	0.3990
152.903	0.3931
154.806	0.3870
156.734	0.3808
158.685	0.3744
160.660	0.3678
162.660	0.3611
164.685	0.3543
166.735	0.3476
168.811	0.3409
170.912	0.3344
173.040	0.3280
175.194	0.3217
177.375	0.3153
179.583	0.3089
181.819	0.3023
184.082	0.2956
186.374	0.2885
188.694	0.2813
191.043	0.2738
193.421	0.2662
195.829	0.2588
198.267	0.2515
200.735	0.2445
203.234	0.2375
205.764	0.2306
208.325	0.2238
210.919	0.2171
213.544	0.2104
216.203	0.2037
218.894	0.1972
221.619	0.1909
224.378	0.1848
227.171	0.1788
229.999	0.1731
232.862	0.1675
235.761	0.1621
238.696	0.1568
241.668	0.1516
244.676	0.1465
247.722	0.1415
250.806	0.1365
253.928	0.1316
257.089	0.1268
260.290	0.1221
263.530	0.1175
266.810	0.1130
270.132	0.1086
273.495	0.1041
276.899	0.0996
280.346	0.0949
283.836	0.0901
287.370	0.0851
290.947	0.0800
294.569	0.0749
298.236	0.0699
301.949	0.0649
305.708	0.0600
309.513	0.0554
313.366	0.0510
317.267	0.0467
321.217	0.0424
325.216	0.0380
329.264	0.0336
333.363	0.0293
337.513	0.0253
341.715	0.0215
345.969	0.0180
350.276	0.0148
354.636	0.0118
359.051	0.0088
363.521	0.0055
368.046	0.0019
372.628	-0.0020
377.266	-0.0060
381.963	-0.0101
386.718	-0.0144
391.532	-0.0188
396.406	-0.0235
401.341	-0.0284
406.337	-0.0335
411.395	-0.0384
416.517	-0.0428
421.702	-0.0467
426.951	-0.0502
432.266	-0.0532
437.648	-0.0558
443.096	-0.0580
448.612	-0.0599
454.196	-0.0615
459.851	-0.0628
465.575	-0.0638
471.371	-0.0647
477.239	-0.0653
483.180	-0.0658
489.195	-0.0660
495.285	-0.0661
501.450	-0.0661
507.693	-0.0659
514.013	-0.0656
520.412	-0.0652
526.890	-0.0647
533.449	-0.0640
540.090	-0.0632
546.814	-0.0625
553.621	-0.0620
560.513	-0.0616
567.490	-0.0615
574.555	-0.0617
581.707	-0.0622
588.949	-0.0626
596.281	-0.0632
603.703	-0.0635
611.219	-0.0635
618.828	-0.0633
626.531	-0.0630
634.331	-0.0626
642.228	-0.0620
650.222	-0.0611
658.317	-0.0597
666.512	-0.0577
674.809	-0.0555
683.210	-0.0532
691.715	-0.0513
700.326	-0.0498
709.044	-0.0485
717.871	-0.0475
726.807	-0.0467
735.855	-0.0460
745.016	-0.0453
754.290	-0.0447
763.680	-0.0442
773.187	-0.0442
782.812	-0.0441
792.557	-0.0440
802.424	-0.0439
812.413	-0.0438
822.526	-0.0438
832.766	-0.0438
843.133	-0.0436
853.629	-0.0433
864.255	-0.0430
875.014	-0.0426
885.907	-0.0422
896.935	-0.0419
908.101	-0.0419
919.406	-0.0421
930.851	-0.0424
942.439	-0.0432
954.171	-0.0441
966.049	-0.0453
978.076	-0.0469
990.251	-0.0488
1002.579	-0.0510
1015.060	-0.0535
1027.696	-0.0564
1040.489	-0.0596
1053.442	-0.0627
1066.556	-0.0660
1079.833	-0.0693
1093.276	-0.0726
1106.886	-0.0760
1120.665	-0.0793
1134.616	-0.0826
1148.741	-0.0856
1163.041	-0.0884
1177.519	-0.0910
1192.178	-0.0934
1207.019	-0.0956
1222.045	-0.0980
1237.258	-0.1002
1252.660	-0.1022
1268.254	-0.1041
1284.042	-0.1058
1300.027	-0.1073
1316.211	-0.1084
1332.596	-0.1095
1349.185	-0.1103
1365.981	-0.1115
1382.985	-0.1127
1400.202	-0.1138
1417.633	-0.1149
1435.280	-0.1158
1453.148	-0.1168
1471.238	-0.1175
1489.553	-0.1178
1508.096	-0.1178
1526.870	-0.1175
1545.877	-0.1166
1565.121	-0.1152
1584.605	-0.1135
1604.332	-0.1113
1624.303	-0.1089
1644.524	-0.1059
1664.996	-0.1025
1685.723	-0.0986
1706.708	-0.0943
1727.955	-0.0903
1749.466	-0.0861
1771.244	-0.0816
1793.294	-0.0770
1815.618	-0.0722
1838.221	-0.0670
1861.104	-0.0617
1884.272	-0.0559
1907.729	-0.0499
1931.478	-0.0442
1955.523	-0.0384
1979.866	-0.0321
2004.513	-0.0254
2029.467	-0.0182
2054.731	-0.0108
2080.310	-0.0030
2106.207	0.0045
2132.427	0.0120
2158.973	0.0190
2185.849	0.0257
2213.060	0.0321
2240.610	0.0384
2268.503	0.0444
2296.743	0.0503
2325.334	0.0561
2354.282	0.0615
2383.590	0.0670
2413.262	0.0727
2443.305	0.0785
2473.721	0.0845
2504.515	0.0908
2535.693	0.0975
2567.260	0.1042
2599.219	0.1110
2631.576	0.1179
2664.335	0.1252
2697.503	0.1329
2731.084	0.1413
2765.082	0.1503
2799.504	0.1596
2834.354	0.1693
2869.638	0.1792
2905.362	0.1887
2941.530	0.1983
2978.148	0.2082
3015.222	0.2182
3052.758	0.2284
3090.761	0.2386
3129.237	0.2489
3168.192	0.2593
3207.632	0.2697
3247.563	0.2798
3287.991	0.2896
3328.923	0.2994
3370.364	0.3092
3412.320	0.3194
3454.799	0.3300
3497.807	0.3412
3541.351	0.3535
3585.436	0.3667
3630.070	0.3806
3675.260	0.3953
3721.012	0.4105
3767.334	0.4264
3814.233	0.4429
3861.715	0.4597
3909.789	0.4769
3958.460	0.4941
4007.738	0.5113
4057.630	0.5285
4108.142	0.5452
4159.283	0.5621
4211.061	0.5792
4263.483	0.5965
4316.559	0.6141
4370.294	0.6322
4424.699	0.6504
4479.781	0.6687
4535.548	0.6870
4592.010	0.7049
4649.175	0.7226
4707.051	0.7402
4765.648	0.7575
4824.975	0.7746
4885.039	0.7899
4945.852	0.8045
5007.421	0.8191
5069.757	0.8334
5132.870	0.8471
5196.768	0.8595
5261.460	0.8714
5326.959	0.8826
5393.273	0.8930
5460.413	0.9023
5528.388	0.9108
5597.209	0.9185
5666.887	0.9254
5737.433	0.9316
5808.857	0.9373
5881.169	0.9425
5954.383	0.9471
6028.507	0.9513
6103.555	0.9552
6179.536	0.9587
6256.464	0.9621
6334.349	0.9656
6413.204	0.9694
6493.040	0.9736
6573.870	0.9782
6655.706	0.9834
6738.562	0.9889
6822.448	0.9944
6907.379	0.9998
6993.367	1.0047
7080.426	1.0088
7168.568	1.0119
7257.808	1.0131
7348.158	1.0122
7439.633	1.0073
7532.248	0.9975
7626.015	0.9825
7720.949	0.9643
7817.065	0.9439
7914.377	0.9218
8012.901	0.8987
8112.652	0.8745
8213.645	0.8501
8315.894	0.8234
8419.416	0.7927
8524.228	0.7569
8630.343	0.7141
8737.780	0.6635
8846.555	0.6063
8956.683	0.5443
9068.182	0.4791
9181.069	0.4114
9295.362	0.3417
9411.078	0.2703
9528.233	0.1970
9646.849	0.1213
9766.939	0.0420
9888.525	-0.0408
10011.625	-0.1270
10136.257	-0.2171
10262.440	-0.3108
10390.195	-0.4068
10519.540	-0.5063
10650.495	-0.6090
10783.080	-0.7146
10917.316	-0.8229
11053.223	-0.9340
11190.821	-1.0478
11330.133	-1.1642
11471.179	-1.2834
11613.980	-1.4051
11758.561	-1.5293
11904.939	-1.6552
12053.141	-1.7818
12203.188	-1.9082
12355.102	-2.0327
12508.907	-2.1551
12664.627	-2.2753
12822.286	-2.3943
12981.907	-2.5129
13143.516	-2.6323
13307.136	-2.7534
13472.793	-2.8765
13640.512	-3.0014
13810.319	-3.1264
13982.240	-3.2505
14156.302	-3.3728
14332.529	-3.4909
14510.951	-3.6037
14691.595	-3.7117
14874.486	-3.8173
15059.655	-3.9219
15247.129	-4.0261
15436.937	-4.1299
15629.106	-4.2335
15823.669	-4.3369
16020.654	-4.4401
16220.091	-4.5426
16422.010	-4.6435
16626.443	-4.7426
16833.422	-4.8399
17042.977	-4.9351
17255.141	-5.0279
17469.945	-5.1177
17687.424	-5.2051
17907.609	-5.2880
18130.537	-5.3718
18356.240	-5.4563
18584.752	-5.5417
18816.107	-5.6281
19050.346	-5.7153
19287.498	-5.8026
19527.604	-5.8905
19770.697	-5.9793
20016.816	-6.0693
