"Sens Factor =-1.228dB, AGain =18dB, SERNO: 7100540"
10.054	-5.0845
10.179	-4.9186
10.306	-4.7559
10.434	-4.5964
10.564	-4.4400
10.696	-4.2868
10.829	-4.1367
10.964	-3.9896
11.1	-3.8456
11.238	-3.7046
11.378	-3.5665
11.52	-3.4314
11.663	-3.2992
11.809	-3.1698
11.956	-3.0433
12.104	-2.9196
12.255	-2.7986
12.408	-2.6804
12.562	-2.5649
12.718	-2.4521
12.877	-2.3419
13.037	-2.2343
13.199	-2.1294
13.364	-2.0269
13.53	-1.9270
13.698	-1.8296
13.869	-1.7346
14.042	-1.6420
14.216	-1.5518
14.393	-1.4640
14.573	-1.3784
14.754	-1.2952
14.938	-1.2142
15.124	-1.1355
15.312	-1.0589
15.503	-0.9845
15.696	-0.9123
15.891	-0.8421
16.089	-0.7740
16.289	-0.7079
16.492	-0.6439
16.697	-0.5818
16.905	-0.5216
17.115	-0.4633
17.328	-0.4069
17.544	-0.3523
17.763	-0.2996
17.984	-0.2486
18.208	-0.1993
18.434	-0.1518
18.664	-0.1059
18.896	-0.0617
19.131	-0.0191
19.369	0.0219
19.611	0.0614
19.855	0.0994
20.102	0.1358
20.352	0.1709
20.605	0.2045
20.862	0.2367
21.122	0.2676
21.385	0.2971
21.651	0.3254
21.92	0.3524
22.193	0.3782
22.47	0.4027
22.749	0.4262
23.032	0.4485
23.319	0.4697
23.609	0.4898
23.903	0.5089
24.201	0.5270
24.502	0.5441
24.807	0.5603
25.116	0.5757
25.429	0.5901
25.745	0.6037
26.066	0.6165
26.39	0.6285
26.719	0.6397
27.051	0.6503
27.388	0.6602
27.729	0.6694
28.074	0.6781
28.424	0.6861
28.778	0.6936
29.136	0.7006
29.499	0.7071
29.866	0.7131
30.238	0.7188
30.614	0.7240
30.995	0.7289
31.381	0.7335
31.772	0.7377
32.167	0.7417
32.568	0.7455
32.973	0.7491
33.383	0.7526
33.799	0.7559
34.22	0.7591
34.646	0.7622
35.077	0.7653
35.514	0.7691
35.956	0.7725
36.403	0.7757
36.857	0.7785
37.315	0.7809
37.78	0.7831
38.25	0.7851
38.726	0.7870
39.209	0.7890
39.697	0.7913
40.191	0.7938
40.691	0.7968
41.198	0.8001
41.711	0.8038
42.23	0.8078
42.756	0.8121
43.288	0.8165
43.827	0.8210
44.372	0.8255
44.925	0.8298
45.484	0.8339
46.05	0.8378
46.623	0.8413
47.204	0.8443
47.791	0.8468
48.386	0.8487
48.989	0.8500
49.599	0.8506
50.216	0.8506
50.841	0.8499
51.474	0.8486
52.115	0.8467
52.764	0.8443
53.42	0.8414
54.085	0.8383
54.759	0.8350
55.44	0.8318
56.131	0.8289
56.829	0.8266
57.537	0.8249
58.253	0.8241
58.978	0.8238
59.712	0.8241
60.456	0.8249
61.208	0.8260
61.97	0.8273
62.742	0.8287
63.523	0.8300
64.314	0.8312
65.114	0.8320
65.925	0.8323
66.745	0.8320
67.576	0.8309
68.418	0.8292
69.269	0.8267
70.132	0.8235
71.005	0.8195
71.889	0.8150
72.784	0.8100
73.69	0.8045
74.607	0.7988
75.536	0.7931
76.476	0.7873
77.428	0.7816
78.392	0.7761
79.368	0.7708
80.356	0.7656
81.356	0.7607
82.369	0.7560
83.394	0.7516
84.433	0.7473
85.484	0.7433
86.548	0.7393
87.625	0.7355
88.716	0.7318
89.82	0.7280
90.939	0.7242
92.071	0.7201
93.217	0.7157
94.377	0.7106
95.552	0.7048
96.742	0.6984
97.946	0.6912
99.165	0.6836
100.4	0.6756
101.65	0.6674
102.915	0.6590
104.196	0.6506
105.493	0.6423
106.806	0.6340
108.136	0.6258
109.482	0.6179
110.845	0.6102
112.225	0.6029
113.622	0.5959
115.037	0.5894
116.469	0.5834
117.919	0.5779
119.386	0.5730
120.873	0.5686
122.377	0.5648
123.901	0.5613
125.443	0.5583
127.005	0.5554
128.586	0.5527
130.187	0.5501
131.807	0.5476
133.448	0.5451
135.109	0.5427
136.791	0.5404
138.494	0.5383
140.218	0.5363
141.964	0.5345
143.731	0.5329
145.52	0.5314
147.332	0.5301
149.166	0.5288
151.023	0.5274
152.903	0.5259
154.806	0.5241
156.734	0.5221
158.685	0.5198
160.66	0.5173
162.66	0.5145
164.685	0.5115
166.735	0.5082
168.811	0.5045
170.912	0.5004
173.04	0.4959
175.194	0.4911
177.375	0.4861
179.583	0.4810
181.819	0.4756
184.082	0.4701
186.374	0.4643
188.694	0.4583
191.043	0.4522
193.421	0.4459
195.829	0.4397
198.267	0.4334
200.735	0.4271
203.234	0.4208
205.764	0.4145
208.325	0.4084
210.919	0.4024
213.544	0.3967
216.203	0.3913
218.894	0.3861
221.619	0.3812
224.378	0.3764
227.171	0.3717
229.999	0.3672
232.862	0.3628
235.761	0.3586
238.696	0.3545
241.668	0.3506
244.676	0.3468
247.722	0.3433
250.806	0.3399
253.928	0.3368
257.089	0.3338
260.29	0.3310
263.53	0.3282
266.81	0.3255
270.132	0.3228
273.495	0.3200
276.899	0.3173
280.346	0.3146
283.836	0.3122
287.37	0.3099
290.947	0.3077
294.569	0.3056
298.236	0.3035
301.949	0.3015
305.708	0.2995
309.513	0.2975
313.366	0.2955
317.267	0.2935
321.217	0.2913
325.216	0.2887
329.264	0.2861
333.363	0.2834
337.513	0.2807
341.715	0.2780
345.969	0.2754
350.276	0.2726
354.636	0.2695
359.051	0.2658
363.521	0.2615
368.046	0.2563
372.628	0.2506
377.266	0.2444
381.963	0.2378
386.718	0.2307
391.532	0.2231
396.406	0.2147
401.341	0.2058
406.337	0.1966
411.395	0.1874
416.517	0.1783
421.702	0.1694
426.951	0.1609
432.266	0.1528
437.648	0.1451
443.096	0.1379
448.612	0.1310
454.196	0.1245
459.851	0.1184
465.575	0.1125
471.371	0.1069
477.239	0.1014
483.18	0.0960
489.195	0.0908
495.285	0.0856
501.45	0.0806
507.693	0.0757
514.013	0.0710
520.412	0.0666
526.89	0.0625
533.449	0.0588
540.09	0.0554
546.814	0.0522
553.621	0.0492
560.513	0.0461
567.49	0.0430
574.555	0.0399
581.707	0.0368
588.949	0.0339
596.281	0.0315
603.703	0.0298
611.219	0.0289
618.828	0.0285
626.531	0.0286
634.331	0.0291
642.228	0.0299
650.222	0.0312
658.317	0.0330
666.512	0.0352
674.809	0.0375
683.21	0.0395
691.715	0.0411
700.326	0.0421
709.044	0.0427
717.871	0.0427
726.807	0.0422
735.855	0.0415
745.016	0.0406
754.29	0.0396
763.68	0.0385
773.187	0.0375
782.812	0.0365
792.557	0.0357
802.424	0.0349
812.413	0.0342
822.526	0.0337
832.766	0.0333
843.133	0.0330
853.629	0.0329
864.255	0.0327
875.014	0.0325
885.907	0.0320
896.935	0.0312
908.101	0.0300
919.406	0.0283
930.851	0.0261
942.439	0.0235
954.171	0.0204
966.049	0.0168
978.076	0.0128
990.251	0.0084
1002.579	0.0036
1015.06	-0.0015
1027.696	-0.0067
1040.489	-0.0120
1053.442	-0.0172
1066.556	-0.0223
1079.833	-0.0272
1093.276	-0.0318
1106.886	-0.0362
1120.665	-0.0402
1134.616	-0.0438
1148.741	-0.0469
1163.041	-0.0496
1177.519	-0.0518
1192.178	-0.0535
1207.019	-0.0549
1222.045	-0.0560
1237.258	-0.0569
1252.66	-0.0576
1268.254	-0.0582
1284.042	-0.0586
1300.027	-0.0590
1316.211	-0.0593
1332.596	-0.0595
1349.185	-0.0597
1365.981	-0.0598
1382.985	-0.0599
1400.202	-0.0599
1417.633	-0.0599
1435.28	-0.0598
1453.148	-0.0594
1471.238	-0.0588
1489.553	-0.0576
1508.096	-0.0558
1526.87	-0.0533
1545.877	-0.0502
1565.121	-0.0462
1584.605	-0.0413
1604.332	-0.0356
1624.303	-0.0290
1644.524	-0.0215
1664.996	-0.0131
1685.723	-0.0040
1706.708	0.0056
1727.955	0.0156
1749.466	0.0258
1771.244	0.0364
1793.294	0.0472
1815.618	0.0583
1838.221	0.0696
1861.104	0.0813
1884.272	0.0934
1907.729	0.1060
1931.478	0.1191
1955.523	0.1330
1979.866	0.1475
2004.513	0.1629
2029.467	0.1789
2054.731	0.1954
2080.31	0.2122
2106.207	0.2287
2132.427	0.2448
2158.973	0.2604
2185.849	0.2756
2213.06	0.2904
2240.61	0.3048
2268.503	0.3184
2296.743	0.3309
2325.334	0.3422
2354.282	0.3523
2383.59	0.3621
2413.262	0.3719
2443.305	0.3820
2473.721	0.3925
2504.515	0.4033
2535.693	0.4145
2567.26	0.4261
2599.219	0.4380
2631.576	0.4502
2664.335	0.4629
2697.503	0.4762
2731.084	0.4900
2765.082	0.5045
2799.504	0.5194
2834.354	0.5349
2869.638	0.5508
2905.362	0.5673
2941.53	0.5843
2978.148	0.6017
3015.222	0.6197
3052.758	0.6381
3090.761	0.6570
3129.237	0.6763
3168.192	0.6959
3207.632	0.7158
3247.563	0.7358
3287.991	0.7560
3328.923	0.7763
3370.364	0.7970
3412.32	0.8182
3454.799	0.8406
3497.807	0.8646
3541.351	0.8905
3585.436	0.9182
3630.07	0.9473
3675.26	0.9775
3721.012	1.0086
3767.334	1.0407
3814.233	1.0740
3861.715	1.1082
3909.789	1.1428
3958.46	1.1772
4007.738	1.2111
4057.63	1.2447
4108.142	1.2783
4159.283	1.3120
4211.061	1.3459
4263.483	1.3802
4316.559	1.4147
4370.294	1.4496
4424.699	1.4848
4479.781	1.5201
4535.548	1.5556
4592.01	1.5913
4649.175	1.6272
4707.051	1.6633
4765.648	1.6994
4824.975	1.7355
4885.039	1.7716
4945.852	1.8078
5007.421	1.8441
5069.757	1.8806
5132.87	1.9169
5196.768	1.9527
5261.46	1.9877
5326.959	2.0213
5393.273	2.0533
5460.413	2.0836
5528.388	2.1124
5597.209	2.1398
5666.887	2.1659
5737.433	2.1908
5808.857	2.2151
5881.169	2.2388
5954.383	2.2623
6028.507	2.2860
6103.555	2.3100
6179.536	2.3347
6256.464	2.3603
6334.349	2.3872
6413.204	2.4159
6493.04	2.4469
6573.87	2.4804
6655.706	2.5165
6738.562	2.5545
6822.448	2.5937
6907.379	2.6336
6993.367	2.6736
7080.426	2.7131
7168.568	2.7508
7257.808	2.7854
7348.158	2.8149
7439.633	2.8378
7532.248	2.8527
7626.015	2.8596
7720.949	2.8609
7817.065	2.8596
7914.377	2.8576
8012.901	2.8557
8112.652	2.8541
8213.645	2.8523
8315.894	2.8482
8419.416	2.8394
8524.228	2.8246
8630.343	2.8011
8737.78	2.7679
8846.555	2.7276
8956.683	2.6833
9068.182	2.6369
9181.069	2.5897
9295.362	2.5424
9411.078	2.4952
9528.233	2.4474
9646.849	2.3983
9766.939	2.3469
9888.525	2.2927
10011.625	2.2351
10136.257	2.1737
10262.44	2.1087
10390.195	2.0403
10519.54	1.9689
10650.495	1.8948
10783.08	1.8187
10917.316	1.7404
11053.223	1.6602
11190.821	1.5784
11330.133	1.4954
11471.179	1.4115
11613.98	1.3264
11758.561	1.2414
11904.939	1.1588
12053.141	1.0802
12203.188	1.0070
12355.102	0.9402
12508.907	0.8807
12664.627	0.8282
12822.286	0.7798
12981.907	0.7327
13143.516	0.6850
13307.136	0.6354
13472.793	0.5837
13640.512	0.5301
13810.319	0.4764
13982.24	0.4248
14156.302	0.3774
14332.529	0.3371
14510.951	0.3055
14691.595	0.2804
14874.486	0.2594
15059.655	0.2405
15247.129	0.2225
15436.937	0.2047
15629.106	0.1869
15823.669	0.1695
16020.654	0.1532
16220.091	0.1384
16422.01	0.1257
16626.443	0.1159
16833.422	0.1092
17042.977	0.1058
17255.141	0.1059
17469.945	0.1103
17687.424	0.1185
17907.609	0.1213
18130.537	0.1241
18356.24	0.1269
18584.752	0.1292
18816.107	0.1309
19050.346	0.1322
19287.498	0.1338
19527.604	0.1348
19770.697	0.1336
20016.816	0.1299

