"Sens Factor =-1.558dB, AGain =18dB, SERNO: 7100597"
10.054	-3.6161
10.179	-3.4570
10.306	-3.3011
10.434	-3.1483
10.564	-2.9988
10.696	-2.8523
10.829	-2.7090
10.964	-2.5687
11.1	-2.4315
11.238	-2.2972
11.378	-2.1660
11.52	-2.0376
11.663	-1.9122
11.809	-1.7896
11.956	-1.6699
12.104	-1.5529
12.255	-1.4388
12.408	-1.3274
12.562	-1.2186
12.718	-1.1126
12.877	-1.0092
13.037	-0.9084
13.199	-0.8102
13.364	-0.7146
13.53	-0.6214
13.698	-0.5308
13.869	-0.4425
14.042	-0.3568
14.216	-0.2733
14.393	-0.1923
14.573	-0.1136
14.754	-0.0371
14.938	0.0371
15.124	0.1090
15.312	0.1788
15.503	0.2464
15.696	0.3119
15.891	0.3753
16.089	0.4366
16.289	0.4959
16.492	0.5532
16.697	0.6085
16.905	0.6619
17.115	0.7134
17.328	0.7630
17.544	0.8108
17.763	0.8567
17.984	0.9009
18.208	0.9434
18.434	0.9842
18.664	1.0232
18.896	1.0607
19.131	1.0965
19.369	1.1308
19.611	1.1634
19.855	1.1946
20.102	1.2243
20.352	1.2526
20.605	1.2794
20.862	1.3048
21.122	1.3289
21.385	1.3517
21.651	1.3732
21.92	1.3934
22.193	1.4124
22.47	1.4302
22.749	1.4468
23.032	1.4623
23.319	1.4767
23.609	1.4901
23.903	1.5024
24.201	1.5137
24.502	1.5241
24.807	1.5335
25.116	1.5420
25.429	1.5497
25.745	1.5565
26.066	1.5625
26.39	1.5677
26.719	1.5722
27.051	1.5760
27.388	1.5791
27.729	1.5815
28.074	1.5834
28.424	1.5846
28.778	1.5853
29.136	1.5855
29.499	1.5853
29.866	1.5845
30.238	1.5834
30.614	1.5818
30.995	1.5799
31.381	1.5777
31.772	1.5752
32.167	1.5724
32.568	1.5694
32.973	1.5663
33.383	1.5629
33.799	1.5594
34.22	1.5559
34.646	1.5522
35.077	1.5486
35.514	1.5454
35.956	1.5421
36.403	1.5384
36.857	1.5345
37.315	1.5302
37.78	1.5256
38.25	1.5208
38.726	1.5157
39.209	1.5105
39.697	1.5050
40.191	1.4995
40.691	1.4937
41.198	1.4877
41.711	1.4815
42.23	1.4752
42.756	1.4688
43.288	1.4623
43.827	1.4558
44.372	1.4494
44.925	1.4430
45.484	1.4367
46.05	1.4305
46.623	1.4244
47.204	1.4183
47.791	1.4122
48.386	1.4061
48.989	1.4000
49.599	1.3938
50.216	1.3875
50.841	1.3811
51.474	1.3746
52.115	1.3679
52.764	1.3612
53.42	1.3543
54.085	1.3473
54.759	1.3402
55.44	1.3330
56.131	1.3258
56.829	1.3186
57.537	1.3114
58.253	1.3041
58.978	1.2966
59.712	1.2889
60.456	1.2809
61.208	1.2726
61.97	1.2640
62.742	1.2550
63.523	1.2457
64.314	1.2361
65.114	1.2262
65.925	1.2161
66.745	1.2058
67.576	1.1954
68.418	1.1850
69.269	1.1747
70.132	1.1644
71.005	1.1540
71.889	1.1435
72.784	1.1328
73.69	1.1220
74.607	1.1108
75.536	1.0994
76.476	1.0878
77.428	1.0759
78.392	1.0638
79.368	1.0514
80.356	1.0388
81.356	1.0259
82.369	1.0129
83.394	0.9997
84.433	0.9863
85.484	0.9726
86.548	0.9588
87.625	0.9447
88.716	0.9304
89.82	0.9160
90.939	0.9014
92.071	0.8867
93.217	0.8718
94.377	0.8567
95.552	0.8413
96.742	0.8258
97.946	0.8103
99.165	0.7948
100.4	0.7795
101.65	0.7645
102.915	0.7497
104.196	0.7353
105.493	0.7212
106.806	0.7074
108.136	0.6937
109.482	0.6801
110.845	0.6665
112.225	0.6529
113.622	0.6394
115.037	0.6259
116.469	0.6126
117.919	0.5995
119.386	0.5869
120.873	0.5747
122.377	0.5631
123.901	0.5521
125.443	0.5418
127.005	0.5321
128.586	0.5231
130.187	0.5148
131.807	0.5069
133.448	0.4993
135.109	0.4918
136.791	0.4843
138.494	0.4765
140.218	0.4685
141.964	0.4601
143.731	0.4515
145.52	0.4426
147.332	0.4336
149.166	0.4243
151.023	0.4146
152.903	0.4043
154.806	0.3934
156.734	0.3817
158.685	0.3693
160.66	0.3561
162.66	0.3424
164.685	0.3284
166.735	0.3145
168.811	0.3011
170.912	0.2884
173.04	0.2768
175.194	0.2661
177.375	0.2563
179.583	0.2469
181.819	0.2379
184.082	0.2290
186.374	0.2200
188.694	0.2109
191.043	0.2017
193.421	0.1929
195.829	0.1845
198.267	0.1767
200.735	0.1694
203.234	0.1623
205.764	0.1552
208.325	0.1478
210.919	0.1401
213.544	0.1318
216.203	0.1230
218.894	0.1137
221.619	0.1042
224.378	0.0948
227.171	0.0855
229.999	0.0766
232.862	0.0682
235.761	0.0605
238.696	0.0533
241.668	0.0467
244.676	0.0405
247.722	0.0349
250.806	0.0302
253.928	0.0262
257.089	0.0234
260.29	0.0216
263.53	0.0211
266.81	0.0215
270.132	0.0228
273.495	0.0244
276.899	0.0260
280.346	0.0268
283.836	0.0265
287.37	0.0248
290.947	0.0216
294.569	0.0172
298.236	0.0122
301.949	0.0071
305.708	0.0024
309.513	-0.0014
313.366	-0.0041
317.267	-0.0059
321.217	-0.0074
325.216	-0.0090
329.264	-0.0110
333.363	-0.0138
337.513	-0.0174
341.715	-0.0220
345.969	-0.0275
350.276	-0.0334
354.636	-0.0393
359.051	-0.0442
363.521	-0.0473
368.046	-0.0483
372.628	-0.0473
377.266	-0.0447
381.963	-0.0413
386.718	-0.0375
391.532	-0.0342
396.406	-0.0329
401.341	-0.0349
406.337	-0.0397
411.395	-0.0460
416.517	-0.0526
421.702	-0.0591
426.951	-0.0654
432.266	-0.0712
437.648	-0.0767
443.096	-0.0816
448.612	-0.0861
454.196	-0.0899
459.851	-0.0931
465.575	-0.0955
471.371	-0.0971
477.239	-0.0980
483.18	-0.0981
489.195	-0.0977
495.285	-0.0968
501.45	-0.0958
507.693	-0.0947
514.013	-0.0939
520.412	-0.0934
526.89	-0.0932
533.449	-0.0933
540.09	-0.0936
546.814	-0.0937
553.621	-0.0936
560.513	-0.0928
567.49	-0.0913
574.555	-0.0889
581.707	-0.0859
588.949	-0.0828
596.281	-0.0803
603.703	-0.0792
611.219	-0.0798
618.828	-0.0820
626.531	-0.0855
634.331	-0.0896
642.228	-0.0941
650.222	-0.0981
658.317	-0.1000
666.512	-0.0985
674.809	-0.0940
683.21	-0.0880
691.715	-0.0818
700.326	-0.0758
709.044	-0.0703
717.871	-0.0654
726.807	-0.0612
735.855	-0.0574
745.016	-0.0541
754.29	-0.0512
763.68	-0.0487
773.187	-0.0463
782.812	-0.0441
792.557	-0.0421
802.424	-0.0399
812.413	-0.0377
822.526	-0.0354
832.766	-0.0329
843.133	-0.0305
853.629	-0.0281
864.255	-0.0258
875.014	-0.0236
885.907	-0.0215
896.935	-0.0195
908.101	-0.0176
919.406	-0.0159
930.851	-0.0143
942.439	-0.0129
954.171	-0.0116
966.049	-0.0105
978.076	-0.0097
990.251	-0.0092
1002.579	-0.0089
1015.06	-0.0087
1027.696	-0.0087
1040.489	-0.0088
1053.442	-0.0089
1066.556	-0.0090
1079.833	-0.0088
1093.276	-0.0085
1106.886	-0.0080
1120.665	-0.0074
1134.616	-0.0067
1148.741	-0.0059
1163.041	-0.0048
1177.519	-0.0036
1192.178	-0.0020
1207.019	-0.0002
1222.045	0.0018
1237.258	0.0039
1252.66	0.0062
1268.254	0.0086
1284.042	0.0111
1300.027	0.0138
1316.211	0.0167
1332.596	0.0199
1349.185	0.0232
1365.981	0.0266
1382.985	0.0301
1400.202	0.0338
1417.633	0.0376
1435.28	0.0415
1453.148	0.0456
1471.238	0.0498
1489.553	0.0543
1508.096	0.0590
1526.87	0.0642
1545.877	0.0697
1565.121	0.0757
1584.605	0.0821
1604.332	0.0891
1624.303	0.0968
1644.524	0.1051
1664.996	0.1139
1685.723	0.1229
1706.708	0.1323
1727.955	0.1419
1749.466	0.1516
1771.244	0.1616
1793.294	0.1719
1815.618	0.1823
1838.221	0.1931
1861.104	0.2041
1884.272	0.2156
1907.729	0.2275
1931.478	0.2399
1955.523	0.2528
1979.866	0.2664
2004.513	0.2806
2029.467	0.2953
2054.731	0.3106
2080.31	0.3261
2106.207	0.3418
2132.427	0.3576
2158.973	0.3735
2185.849	0.3895
2213.06	0.4057
2240.61	0.4220
2268.503	0.4383
2296.743	0.4543
2325.334	0.4701
2354.282	0.4858
2383.59	0.5018
2413.262	0.5183
2443.305	0.5353
2473.721	0.5529
2504.515	0.5709
2535.693	0.5893
2567.26	0.6080
2599.219	0.6271
2631.576	0.6464
2664.335	0.6660
2697.503	0.6859
2731.084	0.7062
2765.082	0.7269
2799.504	0.7479
2834.354	0.7693
2869.638	0.7911
2905.362	0.8133
2941.53	0.8358
2978.148	0.8587
3015.222	0.8818
3052.758	0.9052
3090.761	0.9287
3129.237	0.9525
3168.192	0.9764
3207.632	1.0003
3247.563	1.0243
3287.991	1.0484
3328.923	1.0725
3370.364	1.0969
3412.32	1.1216
3454.799	1.1469
3497.807	1.1731
3541.351	1.2003
3585.436	1.2285
3630.07	1.2574
3675.26	1.2870
3721.012	1.3173
3767.334	1.3483
3814.233	1.3802
3861.715	1.4130
3909.789	1.4466
3958.46	1.4808
4007.738	1.5153
4057.63	1.5502
4108.142	1.5856
4159.283	1.6214
4211.061	1.6577
4263.483	1.6944
4316.559	1.7315
4370.294	1.7691
4424.699	1.8070
4479.781	1.8453
4535.548	1.8837
4592.01	1.9224
4649.175	1.9613
4707.051	2.0002
4765.648	2.0392
4824.975	2.0781
4885.039	2.1168
4945.852	2.1553
5007.421	2.1937
5069.757	2.2318
5132.87	2.2695
5196.768	2.3066
5261.46	2.3431
5326.959	2.3788
5393.273	2.4136
5460.413	2.4474
5528.388	2.4803
5597.209	2.5122
5666.887	2.5431
5737.433	2.5732
5808.857	2.6025
5881.169	2.6312
5954.383	2.6596
6028.507	2.6876
6103.555	2.7154
6179.536	2.7433
6256.464	2.7712
6334.349	2.7992
6413.204	2.8275
6493.04	2.8560
6573.87	2.8847
6655.706	2.9136
6738.562	2.9423
6822.448	2.9708
6907.379	2.9987
6993.367	3.0260
7080.426	3.0523
7168.568	3.0771
7257.808	3.0996
7348.158	3.1189
7439.633	3.1341
7532.248	3.1439
7626.015	3.1479
7720.949	3.1474
7817.065	3.1441
7914.377	3.1391
8012.901	3.1326
8112.652	3.1246
8213.645	3.1146
8315.894	3.1013
8419.416	3.0834
8524.228	3.0597
8630.343	3.0282
8737.78	2.9879
8846.555	2.9408
8956.683	2.8891
9068.182	2.8344
9181.069	2.7778
9295.362	2.7198
9411.078	2.6606
9528.233	2.6000
9646.849	2.5374
9766.939	2.4723
9888.525	2.4043
10011.625	2.3331
10136.257	2.2583
10262.44	2.1801
10390.195	2.0987
10519.54	2.0144
10650.495	1.9275
10783.08	1.8384
10917.316	1.7471
11053.223	1.6538
11190.821	1.5587
11330.133	1.4618
11471.179	1.3631
11613.98	1.2625
11758.561	1.1605
11904.939	1.0579
12053.141	0.9559
12203.188	0.8553
12355.102	0.7571
12508.907	0.6624
12664.627	0.5716
12822.286	0.4833
12981.907	0.3960
13143.516	0.3086
13307.136	0.2207
13472.793	0.1325
13640.512	0.0443
13810.319	-0.0425
13982.24	-0.1267
14156.302	-0.2068
14332.529	-0.2805
14510.951	-0.3469
14691.595	-0.4078
14874.486	-0.4650
15059.655	-0.5202
15247.129	-0.5742
15436.937	-0.6275
15629.106	-0.6803
15823.669	-0.7323
16020.654	-0.7832
16220.091	-0.8325
16422.01	-0.8798
16626.443	-0.9247
16833.422	-0.9670
17042.977	-1.0066
17255.141	-1.0435
17469.945	-1.0778
17687.424	-1.1094
17907.609	-1.1299
18130.537	-1.1505
18356.24	-1.1714
18584.752	-1.1926
18816.107	-1.2139
19050.346	-1.2351
19287.498	-1.2557
19527.604	-1.2758
19770.697	-1.2959
20016.816	-1.3163

