"Sens Factor =-0.211dB, AGain =18dB, SERNO: 7100526"
"Auto-generated 90-degree calibration file"
10.054	-4.0959
10.179	-3.9360
10.306	-3.7794
10.434	-3.6259
10.564	-3.4756
10.696	-3.3284
10.829	-3.1843
10.964	-3.0433
11.100	-2.9053
11.238	-2.7703
11.378	-2.6383
11.520	-2.5092
11.663	-2.3830
11.809	-2.2597
11.956	-2.1392
12.104	-2.0215
12.255	-1.9066
12.408	-1.7944
12.562	-1.6850
12.718	-1.5782
12.877	-1.4740
13.037	-1.3725
13.199	-1.2736
13.364	-1.1772
13.530	-1.0833
13.698	-0.9919
13.869	-0.9029
14.042	-0.8164
14.216	-0.7322
14.393	-0.6504
14.573	-0.5709
14.754	-0.4937
14.938	-0.4188
15.124	-0.3461
15.312	-0.2756
15.503	-0.2072
15.696	-0.1410
15.891	-0.0769
16.089	-0.0148
16.289	0.0452
16.492	0.1033
16.697	0.1594
16.905	0.2135
17.115	0.2657
17.328	0.3161
17.544	0.3646
17.763	0.4114
17.984	0.4563
18.208	0.4995
18.434	0.5410
18.664	0.5809
18.896	0.6190
19.131	0.6556
19.369	0.6906
19.611	0.7240
19.855	0.7560
20.102	0.7864
20.352	0.8154
20.605	0.8430
20.862	0.8692
21.122	0.8940
21.385	0.9175
21.651	0.9397
21.920	0.9607
22.193	0.9805
22.470	0.9990
22.749	1.0164
23.032	1.0327
23.319	1.0478
23.609	1.0619
23.903	1.0750
24.201	1.0871
24.502	1.0982
24.807	1.1083
25.116	1.1176
25.429	1.1260
25.745	1.1336
26.066	1.1403
26.390	1.1463
26.719	1.1515
27.051	1.1560
27.388	1.1599
27.729	1.1631
28.074	1.1657
28.424	1.1677
28.778	1.1692
29.136	1.1701
29.499	1.1706
29.866	1.1706
30.238	1.1702
30.614	1.1694
30.995	1.1682
31.381	1.1668
31.772	1.1650
32.167	1.1630
32.568	1.1607
32.973	1.1583
33.383	1.1557
33.799	1.1530
34.220	1.1501
34.646	1.1473
35.077	1.1443
35.514	1.1411
35.956	1.1380
36.403	1.1351
36.857	1.1323
37.315	1.1297
37.780	1.1273
38.250	1.1251
38.726	1.1231
39.209	1.1213
39.697	1.1199
40.191	1.1190
40.691	1.1185
41.198	1.1185
41.711	1.1188
42.230	1.1193
42.756	1.1198
43.288	1.1202
43.827	1.1206
44.372	1.1210
44.925	1.1213
45.484	1.1216
46.050	1.1217
46.623	1.1218
47.204	1.1216
47.791	1.1211
48.386	1.1203
48.989	1.1191
49.599	1.1175
50.216	1.1155
50.841	1.1132
51.474	1.1105
52.115	1.1075
52.764	1.1043
53.420	1.1009
54.085	1.0974
54.759	1.0938
55.440	1.0901
56.131	1.0863
56.829	1.0827
57.537	1.0792
58.253	1.0759
58.978	1.0729
59.712	1.0702
60.456	1.0677
61.208	1.0653
61.970	1.0632
62.742	1.0610
63.523	1.0589
64.314	1.0567
65.114	1.0543
65.925	1.0515
66.745	1.0481
67.576	1.0440
68.418	1.0390
69.269	1.0334
70.132	1.0273
71.005	1.0207
71.889	1.0139
72.784	1.0068
73.690	0.9994
74.607	0.9918
75.536	0.9840
76.476	0.9761
77.428	0.9681
78.392	0.9602
79.368	0.9523
80.356	0.9445
81.356	0.9369
82.369	0.9294
83.394	0.9220
84.433	0.9149
85.484	0.9081
86.548	0.9015
87.625	0.8953
88.716	0.8894
89.820	0.8839
90.939	0.8784
92.071	0.8729
93.217	0.8674
94.377	0.8616
95.552	0.8556
96.742	0.8491
97.946	0.8422
99.165	0.8350
100.400	0.8273
101.650	0.8195
102.915	0.8114
104.196	0.8033
105.493	0.7953
106.806	0.7872
108.136	0.7791
109.482	0.7712
110.845	0.7634
112.225	0.7558
113.622	0.7485
115.037	0.7416
116.469	0.7352
117.919	0.7292
119.386	0.7238
120.873	0.7187
122.377	0.7141
123.901	0.7098
125.443	0.7059
127.005	0.7022
128.586	0.6987
130.187	0.6953
131.807	0.6922
133.448	0.6894
135.109	0.6867
136.791	0.6843
138.494	0.6820
140.218	0.6799
141.964	0.6777
143.731	0.6756
145.520	0.6733
147.332	0.6708
149.166	0.6682
151.023	0.6657
152.903	0.6633
154.806	0.6610
156.734	0.6587
158.685	0.6564
160.660	0.6542
162.660	0.6519
164.685	0.6497
166.735	0.6473
168.811	0.6449
170.912	0.6423
173.040	0.6395
175.194	0.6366
177.375	0.6335
179.583	0.6303
181.819	0.6269
184.082	0.6233
186.374	0.6194
188.694	0.6153
191.043	0.6107
193.421	0.6057
195.829	0.6003
198.267	0.5948
200.735	0.5891
203.234	0.5831
205.764	0.5771
208.325	0.5710
210.919	0.5650
213.544	0.5590
216.203	0.5530
218.894	0.5469
221.619	0.5408
224.378	0.5345
227.171	0.5282
229.999	0.5220
232.862	0.5159
235.761	0.5100
238.696	0.5043
241.668	0.4989
244.676	0.4936
247.722	0.4883
250.806	0.4829
253.928	0.4774
257.089	0.4718
260.290	0.4658
263.530	0.4596
266.810	0.4531
270.132	0.4464
273.495	0.4394
276.899	0.4324
280.346	0.4252
283.836	0.4180
287.370	0.4106
290.947	0.4031
294.569	0.3955
298.236	0.3878
301.949	0.3799
305.708	0.3720
309.513	0.3639
313.366	0.3559
317.267	0.3480
321.217	0.3403
325.216	0.3327
329.264	0.3253
333.363	0.3182
337.513	0.3116
341.715	0.3054
345.969	0.2994
350.276	0.2937
354.636	0.2881
359.051	0.2825
363.521	0.2767
368.046	0.2707
372.628	0.2644
377.266	0.2579
381.963	0.2511
386.718	0.2440
391.532	0.2367
396.406	0.2290
401.341	0.2207
406.337	0.2119
411.395	0.2030
416.517	0.1943
421.702	0.1859
426.951	0.1780
432.266	0.1707
437.648	0.1639
443.096	0.1578
448.612	0.1521
454.196	0.1469
459.851	0.1420
465.575	0.1374
471.371	0.1331
477.239	0.1292
483.180	0.1256
489.195	0.1222
495.285	0.1192
501.450	0.1165
507.693	0.1141
514.013	0.1120
520.412	0.1103
526.890	0.1088
533.449	0.1075
540.090	0.1063
546.814	0.1050
553.621	0.1035
560.513	0.1017
567.490	0.0995
574.555	0.0970
581.707	0.0942
588.949	0.0914
596.281	0.0884
603.703	0.0857
611.219	0.0832
618.828	0.0811
626.531	0.0792
634.331	0.0774
642.228	0.0756
650.222	0.0739
658.317	0.0724
666.512	0.0713
674.809	0.0705
683.210	0.0698
691.715	0.0689
700.326	0.0676
709.044	0.0661
717.871	0.0641
726.807	0.0619
735.855	0.0594
745.016	0.0568
754.290	0.0540
763.680	0.0511
773.187	0.0476
782.812	0.0443
792.557	0.0409
802.424	0.0376
812.413	0.0343
822.526	0.0309
832.766	0.0276
843.133	0.0245
853.629	0.0213
864.255	0.0180
875.014	0.0148
885.907	0.0115
896.935	0.0081
908.101	0.0044
919.406	0.0005
930.851	-0.0034
942.439	-0.0077
954.171	-0.0120
966.049	-0.0166
978.076	-0.0214
990.251	-0.0263
1002.579	-0.0315
1015.060	-0.0368
1027.696	-0.0424
1040.489	-0.0481
1053.442	-0.0536
1066.556	-0.0592
1079.833	-0.0646
1093.276	-0.0699
1106.886	-0.0751
1120.665	-0.0800
1134.616	-0.0847
1148.741	-0.0890
1163.041	-0.0930
1177.519	-0.0968
1192.178	-0.1003
1207.019	-0.1036
1222.045	-0.1071
1237.258	-0.1104
1252.660	-0.1134
1268.254	-0.1163
1284.042	-0.1191
1300.027	-0.1217
1316.211	-0.1241
1332.596	-0.1264
1349.185	-0.1285
1365.981	-0.1311
1382.985	-0.1336
1400.202	-0.1362
1417.633	-0.1387
1435.280	-0.1410
1453.148	-0.1434
1471.238	-0.1454
1489.553	-0.1471
1508.096	-0.1483
1526.870	-0.1491
1545.877	-0.1493
1565.121	-0.1489
1584.605	-0.1481
1604.332	-0.1468
1624.303	-0.1451
1644.524	-0.1430
1664.996	-0.1404
1685.723	-0.1373
1706.708	-0.1339
1727.955	-0.1308
1749.466	-0.1275
1771.244	-0.1239
1793.294	-0.1202
1815.618	-0.1162
1838.221	-0.1117
1861.104	-0.1071
1884.272	-0.1021
1907.729	-0.0969
1931.478	-0.0920
1955.523	-0.0870
1979.866	-0.0816
2004.513	-0.0758
2029.467	-0.0695
2054.731	-0.0629
2080.310	-0.0560
2106.207	-0.0490
2132.427	-0.0420
2158.973	-0.0352
2185.849	-0.0286
2213.060	-0.0221
2240.610	-0.0155
2268.503	-0.0091
2296.743	-0.0027
2325.334	0.0036
2354.282	0.0095
2383.590	0.0153
2413.262	0.0212
2443.305	0.0270
2473.721	0.0330
2504.515	0.0391
2535.693	0.0456
2567.260	0.0521
2599.219	0.0585
2631.576	0.0650
2664.335	0.0718
2697.503	0.0790
2731.084	0.0867
2765.082	0.0949
2799.504	0.1034
2834.354	0.1121
2869.638	0.1211
2905.362	0.1295
2941.530	0.1381
2978.148	0.1469
3015.222	0.1559
3052.758	0.1652
3090.761	0.1745
3129.237	0.1840
3168.192	0.1936
3207.632	0.2034
3247.563	0.2129
3287.991	0.2221
3328.923	0.2315
3370.364	0.2410
3412.320	0.2510
3454.799	0.2614
3497.807	0.2724
3541.351	0.2845
3585.436	0.2975
3630.070	0.3112
3675.260	0.3257
3721.012	0.3406
3767.334	0.3561
3814.233	0.3722
3861.715	0.3886
3909.789	0.4053
3958.460	0.4220
4007.738	0.4387
4057.630	0.4554
4108.142	0.4715
4159.283	0.4877
4211.061	0.5040
4263.483	0.5204
4316.559	0.5369
4370.294	0.5538
4424.699	0.5706
4479.781	0.5875
4535.548	0.6043
4592.010	0.6208
4649.175	0.6371
4707.051	0.6532
4765.648	0.6690
4824.975	0.6845
4885.039	0.6981
4945.852	0.7110
5007.421	0.7235
5069.757	0.7355
5132.870	0.7467
5196.768	0.7561
5261.460	0.7645
5326.959	0.7715
5393.273	0.7771
5460.413	0.7809
5528.388	0.7831
5597.209	0.7836
5666.887	0.7826
5737.433	0.7803
5808.857	0.7772
5881.169	0.7732
5954.383	0.7682
6028.507	0.7625
6103.555	0.7562
6179.536	0.7495
6256.464	0.7425
6334.349	0.7355
6413.204	0.7286
6493.040	0.7221
6573.870	0.7158
6655.706	0.7099
6738.562	0.7040
6822.448	0.6981
6907.379	0.6920
6993.367	0.6853
7080.426	0.6775
7168.568	0.6684
7257.808	0.6570
7348.158	0.6430
7439.633	0.6243
7532.248	0.5997
7626.015	0.5685
7720.949	0.5326
7817.065	0.4937
7914.377	0.4525
8012.901	0.4094
8112.652	0.3644
8213.645	0.3180
8315.894	0.2679
8419.416	0.2127
8524.228	0.1515
8630.343	0.0825
8737.780	0.0056
8846.555	-0.0774
8956.683	-0.1650
9068.182	-0.2558
9181.069	-0.3487
9295.362	-0.4431
9411.078	-0.5387
9528.233	-0.6361
9646.849	-0.7358
9766.939	-0.8390
9888.525	-0.9458
10011.625	-1.0562
10136.257	-1.1708
10262.440	-1.2894
10390.195	-1.4106
10519.540	-1.5355
10650.495	-1.6636
10783.080	-1.7946
10917.316	-1.9282
11053.223	-2.0642
11190.821	-2.2026
11330.133	-2.3433
11471.179	-2.4868
11613.980	-2.6326
11758.561	-2.7806
11904.939	-2.9302
12053.141	-3.0805
12203.188	-3.2300
12355.102	-3.3771
12508.907	-3.5212
12664.627	-3.6616
12822.286	-3.7997
12981.907	-3.9366
13143.516	-4.0736
13307.136	-4.2116
13472.793	-4.3508
13640.512	-4.4904
13810.319	-4.6288
13982.240	-4.7651
14156.302	-4.8984
14332.529	-5.0266
14510.951	-5.1490
14691.595	-5.2665
14874.486	-5.3812
15059.655	-5.4946
15247.129	-5.6075
15436.937	-5.7197
15629.106	-5.8314
15823.669	-5.9429
16020.654	-6.0538
16220.091	-6.1639
16422.010	-6.2720
16626.443	-6.3778
16833.422	-6.4815
17042.977	-6.5828
17255.141	-6.6813
17469.945	-6.7764
17687.424	-6.8686
17907.609	-6.9544
18130.537	-7.0412
18356.240	-7.1288
18584.752	-7.2172
18816.107	-7.3069
19050.346	-7.3973
19287.498	-7.4879
19527.604	-7.5791
19770.697	-7.6709
20016.816	-7.7636
