"Sens Factor =-1.835dB, AGain =18dB, SERNO: 7100509"
10.054	-3.1186
10.179	-2.9658
10.306	-2.8162
10.434	-2.6698
10.564	-2.5266
10.696	-2.3865
10.829	-2.2495
10.964	-2.1156
11.1	-1.9846
11.238	-1.8567
11.378	-1.7318
11.52	-1.6098
11.663	-1.4906
11.809	-1.3744
11.956	-1.2610
12.104	-1.1504
12.255	-1.0426
12.408	-0.9375
12.562	-0.8351
12.718	-0.7354
12.877	-0.6384
13.037	-0.5439
13.199	-0.4520
13.364	-0.3627
13.53	-0.2759
13.698	-0.1915
13.869	-0.1097
14.042	-0.0302
14.216	0.0469
14.393	0.1216
14.573	0.1939
14.754	0.2641
14.938	0.3319
15.124	0.3975
15.312	0.4610
15.503	0.5222
15.696	0.5814
15.891	0.6385
16.089	0.6934
16.289	0.7464
16.492	0.7974
16.697	0.8464
16.905	0.8934
17.115	0.9386
17.328	0.9819
17.544	1.0233
17.763	1.0629
17.984	1.1008
18.208	1.1369
18.434	1.1714
18.664	1.2041
18.896	1.2352
19.131	1.2647
19.369	1.2927
19.611	1.3190
19.855	1.3438
20.102	1.3672
20.352	1.3891
20.605	1.4096
20.862	1.4287
21.122	1.4465
21.385	1.4629
21.651	1.4781
21.92	1.4920
22.193	1.5046
22.47	1.5161
22.749	1.5264
23.032	1.5356
23.319	1.5437
23.609	1.5507
23.903	1.5567
24.201	1.5616
24.502	1.5657
24.807	1.5688
25.116	1.5709
25.429	1.5722
25.745	1.5727
26.066	1.5724
26.39	1.5713
26.719	1.5694
27.051	1.5669
27.388	1.5637
27.729	1.5598
28.074	1.5553
28.424	1.5502
28.778	1.5446
29.136	1.5385
29.499	1.5318
29.866	1.5248
30.238	1.5173
30.614	1.5094
30.995	1.5012
31.381	1.4926
31.772	1.4838
32.167	1.4747
32.568	1.4654
32.973	1.4559
33.383	1.4462
33.799	1.4364
34.22	1.4265
34.646	1.4165
35.077	1.4065
35.514	1.3982
35.956	1.3890
36.403	1.3789
36.857	1.3681
37.315	1.3565
37.78	1.3443
38.25	1.3316
38.726	1.3186
39.209	1.3057
39.697	1.2930
40.191	1.2808
40.691	1.2694
41.198	1.2589
41.711	1.2493
42.23	1.2406
42.756	1.2326
43.288	1.2253
43.827	1.2185
44.372	1.2119
44.925	1.2056
45.484	1.1994
46.05	1.1933
46.623	1.1871
47.204	1.1807
47.791	1.1742
48.386	1.1673
48.989	1.1601
49.599	1.1525
50.216	1.1445
50.841	1.1362
51.474	1.1276
52.115	1.1186
52.764	1.1095
53.42	1.1001
54.085	1.0907
54.759	1.0812
55.44	1.0718
56.131	1.0624
56.829	1.0533
57.537	1.0446
58.253	1.0363
58.978	1.0285
59.712	1.0213
60.456	1.0143
61.208	1.0077
61.97	1.0013
62.742	0.9949
63.523	0.9886
64.314	0.9823
65.114	0.9758
65.925	0.9690
66.745	0.9619
67.576	0.9542
68.418	0.9459
69.269	0.9369
70.132	0.9272
71.005	0.9170
71.889	0.9063
72.784	0.8951
73.69	0.8836
74.607	0.8718
75.536	0.8599
76.476	0.8480
77.428	0.8361
78.392	0.8244
79.368	0.8129
80.356	0.8017
81.356	0.7908
82.369	0.7802
83.394	0.7699
84.433	0.7600
85.484	0.7503
86.548	0.7410
87.625	0.7320
88.716	0.7233
89.82	0.7149
90.939	0.7066
92.071	0.6984
93.217	0.6901
94.377	0.6817
95.552	0.6731
96.742	0.6640
97.946	0.6546
99.165	0.6447
100.4	0.6346
101.65	0.6243
102.915	0.6140
104.196	0.6038
105.493	0.5937
106.806	0.5836
108.136	0.5737
109.482	0.5639
110.845	0.5542
112.225	0.5447
113.622	0.5354
115.037	0.5264
116.469	0.5176
117.919	0.5092
119.386	0.5011
120.873	0.4934
122.377	0.4860
123.901	0.4790
125.443	0.4723
127.005	0.4659
128.586	0.4596
130.187	0.4535
131.807	0.4474
133.448	0.4415
135.109	0.4355
136.791	0.4296
138.494	0.4237
140.218	0.4178
141.964	0.4119
143.731	0.4061
145.52	0.4003
147.332	0.3946
149.166	0.3888
151.023	0.3830
152.903	0.3770
154.806	0.3710
156.734	0.3649
158.685	0.3586
160.66	0.3523
162.66	0.3457
164.685	0.3390
166.735	0.3321
168.811	0.3251
170.912	0.3181
173.04	0.3111
175.194	0.3040
177.375	0.2969
179.583	0.2897
181.819	0.2825
184.082	0.2751
186.374	0.2676
188.694	0.2600
191.043	0.2526
193.421	0.2454
195.829	0.2384
198.267	0.2316
200.735	0.2251
203.234	0.2189
205.764	0.2128
208.325	0.2067
210.919	0.2006
213.544	0.1946
216.203	0.1885
218.894	0.1823
221.619	0.1760
224.378	0.1698
227.171	0.1635
229.999	0.1571
232.862	0.1508
235.761	0.1445
238.696	0.1381
241.668	0.1317
244.676	0.1251
247.722	0.1185
250.806	0.1117
253.928	0.1047
257.089	0.0975
260.29	0.0903
263.53	0.0832
266.81	0.0761
270.132	0.0693
273.495	0.0628
276.899	0.0566
280.346	0.0508
283.836	0.0452
287.37	0.0398
290.947	0.0345
294.569	0.0295
298.236	0.0248
301.949	0.0204
305.708	0.0165
309.513	0.0132
313.366	0.0104
317.267	0.0083
321.217	0.0065
325.216	0.0050
329.264	0.0037
333.363	0.0023
337.513	0.0009
341.715	-0.0009
345.969	-0.0030
350.276	-0.0055
354.636	-0.0085
359.051	-0.0118
363.521	-0.0154
368.046	-0.0190
372.628	-0.0225
377.266	-0.0257
381.963	-0.0287
386.718	-0.0316
391.532	-0.0351
396.406	-0.0393
401.341	-0.0444
406.337	-0.0497
411.395	-0.0549
416.517	-0.0595
421.702	-0.0634
426.951	-0.0666
432.266	-0.0693
437.648	-0.0714
443.096	-0.0731
448.612	-0.0746
454.196	-0.0758
459.851	-0.0767
465.575	-0.0775
471.371	-0.0782
477.239	-0.0788
483.18	-0.0794
489.195	-0.0799
495.285	-0.0804
501.45	-0.0810
507.693	-0.0817
514.013	-0.0827
520.412	-0.0839
526.89	-0.0855
533.449	-0.0875
540.09	-0.0896
546.814	-0.0920
553.621	-0.0943
560.513	-0.0965
567.49	-0.0983
574.555	-0.0996
581.707	-0.1004
588.949	-0.1007
596.281	-0.1005
603.703	-0.0998
611.219	-0.0989
618.828	-0.0979
626.531	-0.0969
634.331	-0.0960
642.228	-0.0949
650.222	-0.0933
658.317	-0.0907
666.512	-0.0872
674.809	-0.0832
683.21	-0.0791
691.715	-0.0751
700.326	-0.0713
709.044	-0.0678
717.871	-0.0644
726.807	-0.0613
735.855	-0.0583
745.016	-0.0554
754.29	-0.0526
763.68	-0.0499
773.187	-0.0473
782.812	-0.0447
792.557	-0.0422
802.424	-0.0397
812.413	-0.0370
822.526	-0.0343
832.766	-0.0314
843.133	-0.0283
853.629	-0.0252
864.255	-0.0221
875.014	-0.0191
885.907	-0.0163
896.935	-0.0138
908.101	-0.0116
919.406	-0.0097
930.851	-0.0082
942.439	-0.0070
954.171	-0.0061
966.049	-0.0055
978.076	-0.0052
990.251	-0.0052
1002.579	-0.0056
1015.06	-0.0062
1027.696	-0.0070
1040.489	-0.0079
1053.442	-0.0089
1066.556	-0.0098
1079.833	-0.0105
1093.276	-0.0110
1106.886	-0.0113
1120.665	-0.0114
1134.616	-0.0114
1148.741	-0.0112
1163.041	-0.0109
1177.519	-0.0104
1192.178	-0.0099
1207.019	-0.0091
1222.045	-0.0082
1237.258	-0.0071
1252.66	-0.0058
1268.254	-0.0044
1284.042	-0.0027
1300.027	-0.0008
1316.211	0.0012
1332.596	0.0035
1349.185	0.0058
1365.981	0.0083
1382.985	0.0107
1400.202	0.0132
1417.633	0.0158
1435.28	0.0186
1453.148	0.0215
1471.238	0.0248
1489.553	0.0285
1508.096	0.0327
1526.87	0.0375
1545.877	0.0428
1565.121	0.0486
1584.605	0.0549
1604.332	0.0618
1624.303	0.0693
1644.524	0.0774
1664.996	0.0862
1685.723	0.0955
1706.708	0.1051
1727.955	0.1151
1749.466	0.1253
1771.244	0.1358
1793.294	0.1464
1815.618	0.1573
1838.221	0.1684
1861.104	0.1798
1884.272	0.1916
1907.729	0.2039
1931.478	0.2167
1955.523	0.2301
1979.866	0.2441
2004.513	0.2587
2029.467	0.2738
2054.731	0.2893
2080.31	0.3047
2106.207	0.3200
2132.427	0.3352
2158.973	0.3504
2185.849	0.3656
2213.06	0.3809
2240.61	0.3962
2268.503	0.4113
2296.743	0.4260
2325.334	0.4400
2354.282	0.4535
2383.59	0.4671
2413.262	0.4810
2443.305	0.4952
2473.721	0.5097
2504.515	0.5246
2535.693	0.5398
2567.26	0.5552
2599.219	0.5710
2631.576	0.5870
2664.335	0.6034
2697.503	0.6200
2731.084	0.6369
2765.082	0.6542
2799.504	0.6718
2834.354	0.6899
2869.638	0.7084
2905.362	0.7274
2941.53	0.7468
2978.148	0.7667
3015.222	0.7869
3052.758	0.8074
3090.761	0.8283
3129.237	0.8494
3168.192	0.8707
3207.632	0.8922
3247.563	0.9138
3287.991	0.9356
3328.923	0.9576
3370.364	0.9800
3412.32	1.0031
3454.799	1.0271
3497.807	1.0526
3541.351	1.0793
3585.436	1.1072
3630.07	1.1358
3675.26	1.1649
3721.012	1.1945
3767.334	1.2247
3814.233	1.2556
3861.715	1.2873
3909.789	1.3196
3958.46	1.3521
4007.738	1.3848
4057.63	1.4177
4108.142	1.4508
4159.283	1.4843
4211.061	1.5182
4263.483	1.5525
4316.559	1.5872
4370.294	1.6224
4424.699	1.6581
4479.781	1.6942
4535.548	1.7306
4592.01	1.7674
4649.175	1.8043
4707.051	1.8414
4765.648	1.8785
4824.975	1.9155
4885.039	1.9524
4945.852	1.9892
5007.421	2.0259
5069.757	2.0626
5132.87	2.0988
5196.768	2.1344
5261.46	2.1692
5326.959	2.2027
5393.273	2.2348
5460.413	2.2656
5528.388	2.2949
5597.209	2.3230
5666.887	2.3499
5737.433	2.3757
5808.857	2.4007
5881.169	2.4251
5954.383	2.4491
6028.507	2.4728
6103.555	2.4966
6179.536	2.5207
6256.464	2.5450
6334.349	2.5697
6413.204	2.5950
6493.04	2.6209
6573.87	2.6473
6655.706	2.6740
6738.562	2.7004
6822.448	2.7261
6907.379	2.7506
6993.367	2.7733
7080.426	2.7928
7168.568	2.8081
7257.808	2.8179
7348.158	2.8220
7439.633	2.8211
7532.248	2.8153
7626.015	2.8055
7720.949	2.7936
7817.065	2.7806
7914.377	2.7669
8012.901	2.7522
8112.652	2.7360
8213.645	2.7168
8315.894	2.6926
8419.416	2.6622
8524.228	2.6263
8630.343	2.5848
8737.78	2.5394
8846.555	2.4923
8956.683	2.4443
9068.182	2.3957
9181.069	2.3467
9295.362	2.2968
9411.078	2.2459
9528.233	2.1932
9646.849	2.1383
9766.939	2.0807
9888.525	2.0202
10011.625	1.9567
10136.257	1.8900
10262.44	1.8204
10390.195	1.7482
10519.54	1.6737
10650.495	1.5968
10783.08	1.5178
10917.316	1.4366
11053.223	1.3533
11190.821	1.2686
11330.133	1.1831
11471.179	1.0979
11613.98	1.0141
11758.561	0.9341
11904.939	0.8604
12053.141	0.7941
12203.188	0.7346
12355.102	0.6809
12508.907	0.6322
12664.627	0.5870
12822.286	0.5431
12981.907	0.4991
13143.516	0.4544
13307.136	0.4088
13472.793	0.3627
13640.512	0.3173
13810.319	0.2746
13982.24	0.2358
14156.302	0.2007
14332.529	0.1696
14510.951	0.1410
14691.595	0.1133
14874.486	0.0859
15059.655	0.0586
15247.129	0.0315
15436.937	0.0048
15629.106	-0.0212
15823.669	-0.0462
16020.654	-0.0696
16220.091	-0.0915
16422.01	-0.1117
16626.443	-0.1298
16833.422	-0.1460
17042.977	-0.1604
17255.141	-0.1722
17469.945	-0.1817
17687.424	-0.1891
17907.609	-0.1898
18130.537	-0.1893
18356.24	-0.1876
18584.752	-0.1850
18816.107	-0.1816
19050.346	-0.1781
19287.498	-0.1750
19527.604	-0.1738
19770.697	-0.1766
20016.816	-0.1834

