"Sens Factor =-1.596dB, AGain =18dB, SERNO: 7100516"
10.054	-1.6930
10.179	-1.5520
10.306	-1.4144
10.434	-1.2798
10.564	-1.1484
10.696	-1.0203
10.829	-0.8951
10.964	-0.7731
11.1	-0.6540
11.238	-0.5379
11.378	-0.4248
11.52	-0.3147
11.663	-0.2074
11.809	-0.1032
11.956	-0.0016
12.104	0.0972
12.255	0.1931
12.408	0.2863
12.562	0.3769
12.718	0.4648
12.877	0.5499
13.037	0.6325
13.199	0.7125
13.364	0.7899
13.53	0.8649
13.698	0.9374
13.869	1.0074
14.042	1.0749
14.216	1.1402
14.393	1.2031
14.573	1.2635
14.754	1.3218
14.938	1.3777
15.124	1.4315
15.312	1.4831
15.503	1.5325
15.696	1.5797
15.891	1.6250
16.089	1.6681
16.289	1.7092
16.492	1.7483
16.697	1.7854
16.905	1.8206
17.115	1.8539
17.328	1.8854
17.544	1.9149
17.763	1.9427
17.984	1.9687
18.208	1.9929
18.434	2.0155
18.664	2.0364
18.896	2.0556
19.131	2.0733
19.369	2.0893
19.611	2.1038
19.855	2.1167
20.102	2.1283
20.352	2.1383
20.605	2.1470
20.862	2.1542
21.122	2.1600
21.385	2.1646
21.651	2.1679
21.92	2.1700
22.193	2.1708
22.47	2.1703
22.749	2.1688
23.032	2.1661
23.319	2.1623
23.609	2.1575
23.903	2.1516
24.201	2.1447
24.502	2.1369
24.807	2.1281
25.116	2.1184
25.429	2.1078
25.745	2.0965
26.066	2.0842
26.39	2.0713
26.719	2.0576
27.051	2.0432
27.388	2.0281
27.729	2.0123
28.074	1.9960
28.424	1.9790
28.778	1.9615
29.136	1.9435
29.499	1.9250
29.866	1.9061
30.238	1.8867
30.614	1.8670
30.995	1.8469
31.381	1.8265
31.772	1.8058
32.167	1.7848
32.568	1.7636
32.973	1.7423
33.383	1.7207
33.799	1.6990
34.22	1.6772
34.646	1.6554
35.077	1.6336
35.514	1.6121
35.956	1.5903
36.403	1.5684
36.857	1.5464
37.315	1.5242
37.78	1.5021
38.25	1.4801
38.726	1.4583
39.209	1.4369
39.697	1.4163
40.191	1.3965
40.691	1.3778
41.198	1.3602
41.711	1.3436
42.23	1.3278
42.756	1.3128
43.288	1.2982
43.827	1.2840
44.372	1.2700
44.925	1.2563
45.484	1.2428
46.05	1.2295
46.623	1.2163
47.204	1.2033
47.791	1.1904
48.386	1.1776
48.989	1.1649
49.599	1.1523
50.216	1.1397
50.841	1.1273
51.474	1.1149
52.115	1.1026
52.764	1.0905
53.42	1.0785
54.085	1.0668
54.759	1.0553
55.44	1.0440
56.131	1.0331
56.829	1.0226
57.537	1.0126
58.253	1.0032
58.978	0.9945
59.712	0.9865
60.456	0.9792
61.208	0.9724
61.97	0.9661
62.742	0.9601
63.523	0.9544
64.314	0.9489
65.114	0.9434
65.925	0.9377
66.745	0.9316
67.576	0.9249
68.418	0.9175
69.269	0.9096
70.132	0.9012
71.005	0.8925
71.889	0.8835
72.784	0.8744
73.69	0.8652
74.607	0.8559
75.536	0.8467
76.476	0.8376
77.428	0.8288
78.392	0.8202
79.368	0.8119
80.356	0.8040
81.356	0.7964
82.369	0.7892
83.394	0.7824
84.433	0.7760
85.484	0.7700
86.548	0.7644
87.625	0.7592
88.716	0.7544
89.82	0.7498
90.939	0.7456
92.071	0.7416
93.217	0.7376
94.377	0.7336
95.552	0.7295
96.742	0.7250
97.946	0.7200
99.165	0.7146
100.4	0.7087
101.65	0.7026
102.915	0.6962
104.196	0.6897
105.493	0.6830
106.806	0.6762
108.136	0.6694
109.482	0.6625
110.845	0.6557
112.225	0.6488
113.622	0.6421
115.037	0.6355
116.469	0.6290
117.919	0.6229
119.386	0.6170
120.873	0.6114
122.377	0.6062
123.901	0.6012
125.443	0.5964
127.005	0.5919
128.586	0.5876
130.187	0.5835
131.807	0.5794
133.448	0.5755
135.109	0.5717
136.791	0.5679
138.494	0.5642
140.218	0.5605
141.964	0.5569
143.731	0.5534
145.52	0.5500
147.332	0.5467
149.166	0.5434
151.023	0.5402
152.903	0.5369
154.806	0.5337
156.734	0.5304
158.685	0.5271
160.66	0.5237
162.66	0.5204
164.685	0.5170
166.735	0.5135
168.811	0.5102
170.912	0.5069
173.04	0.5039
175.194	0.5011
177.375	0.4983
179.583	0.4957
181.819	0.4932
184.082	0.4907
186.374	0.4881
188.694	0.4855
191.043	0.4830
193.421	0.4808
195.829	0.4787
198.267	0.4769
200.735	0.4752
203.234	0.4736
205.764	0.4720
208.325	0.4703
210.919	0.4684
213.544	0.4661
216.203	0.4635
218.894	0.4606
221.619	0.4572
224.378	0.4535
227.171	0.4494
229.999	0.4450
232.862	0.4403
235.761	0.4353
238.696	0.4301
241.668	0.4247
244.676	0.4190
247.722	0.4130
250.806	0.4067
253.928	0.4003
257.089	0.3937
260.29	0.3870
263.53	0.3803
266.81	0.3737
270.132	0.3671
273.495	0.3606
276.899	0.3541
280.346	0.3476
283.836	0.3412
287.37	0.3346
290.947	0.3280
294.569	0.3214
298.236	0.3149
301.949	0.3085
305.708	0.3025
309.513	0.2970
313.366	0.2920
317.267	0.2875
321.217	0.2834
325.216	0.2797
329.264	0.2761
333.363	0.2727
337.513	0.2695
341.715	0.2662
345.969	0.2630
350.276	0.2599
354.636	0.2567
359.051	0.2536
363.521	0.2506
368.046	0.2478
372.628	0.2452
377.266	0.2428
381.963	0.2406
386.718	0.2383
391.532	0.2353
396.406	0.2310
401.341	0.2254
406.337	0.2191
411.395	0.2129
416.517	0.2070
421.702	0.2016
426.951	0.1968
432.266	0.1923
437.648	0.1882
443.096	0.1843
448.612	0.1807
454.196	0.1774
459.851	0.1743
465.575	0.1714
471.371	0.1686
477.239	0.1660
483.18	0.1634
489.195	0.1607
495.285	0.1580
501.45	0.1552
507.693	0.1521
514.013	0.1487
520.412	0.1450
526.89	0.1408
533.449	0.1361
540.09	0.1311
546.814	0.1257
553.621	0.1200
560.513	0.1142
567.49	0.1085
574.555	0.1028
581.707	0.0973
588.949	0.0920
596.281	0.0870
603.703	0.0822
611.219	0.0776
618.828	0.0732
626.531	0.0690
634.331	0.0649
642.228	0.0611
650.222	0.0583
658.317	0.0568
666.512	0.0566
674.809	0.0573
683.21	0.0581
691.715	0.0587
700.326	0.0590
709.044	0.0589
717.871	0.0585
726.807	0.0578
735.855	0.0569
745.016	0.0558
754.29	0.0545
763.68	0.0531
773.187	0.0516
782.812	0.0501
792.557	0.0485
802.424	0.0470
812.413	0.0455
822.526	0.0441
832.766	0.0429
843.133	0.0417
853.629	0.0406
864.255	0.0396
875.014	0.0385
885.907	0.0372
896.935	0.0358
908.101	0.0341
919.406	0.0322
930.851	0.0300
942.439	0.0276
954.171	0.0251
966.049	0.0224
978.076	0.0195
990.251	0.0163
1002.579	0.0128
1015.06	0.0091
1027.696	0.0052
1040.489	0.0012
1053.442	-0.0029
1066.556	-0.0069
1079.833	-0.0108
1093.276	-0.0144
1106.886	-0.0178
1120.665	-0.0209
1134.616	-0.0237
1148.741	-0.0264
1163.041	-0.0287
1177.519	-0.0309
1192.178	-0.0328
1207.019	-0.0344
1222.045	-0.0357
1237.258	-0.0368
1252.66	-0.0375
1268.254	-0.0381
1284.042	-0.0383
1300.027	-0.0383
1316.211	-0.0382
1332.596	-0.0377
1349.185	-0.0371
1365.981	-0.0363
1382.985	-0.0354
1400.202	-0.0343
1417.633	-0.0331
1435.28	-0.0317
1453.148	-0.0300
1471.238	-0.0279
1489.553	-0.0253
1508.096	-0.0223
1526.87	-0.0187
1545.877	-0.0145
1565.121	-0.0099
1584.605	-0.0048
1604.332	0.0008
1624.303	0.0069
1644.524	0.0136
1664.996	0.0210
1685.723	0.0289
1706.708	0.0372
1727.955	0.0459
1749.466	0.0549
1771.244	0.0641
1793.294	0.0736
1815.618	0.0833
1838.221	0.0934
1861.104	0.1038
1884.272	0.1146
1907.729	0.1259
1931.478	0.1377
1955.523	0.1501
1979.866	0.1631
2004.513	0.1767
2029.467	0.1908
2054.731	0.2052
2080.31	0.2197
2106.207	0.2340
2132.427	0.2484
2158.973	0.2629
2185.849	0.2777
2213.06	0.2926
2240.61	0.3077
2268.503	0.3229
2296.743	0.3379
2325.334	0.3525
2354.282	0.3669
2383.59	0.3816
2413.262	0.3967
2443.305	0.4122
2473.721	0.4282
2504.515	0.4446
2535.693	0.4613
2567.26	0.4784
2599.219	0.4958
2631.576	0.5136
2664.335	0.5319
2697.503	0.5505
2731.084	0.5695
2765.082	0.5891
2799.504	0.6090
2834.354	0.6295
2869.638	0.6505
2905.362	0.6719
2941.53	0.6939
2978.148	0.7163
3015.222	0.7392
3052.758	0.7624
3090.761	0.7860
3129.237	0.8099
3168.192	0.8340
3207.632	0.8584
3247.563	0.8829
3287.991	0.9077
3328.923	0.9327
3370.364	0.9582
3412.32	0.9844
3454.799	1.0117
3497.807	1.0403
3541.351	1.0702
3585.436	1.1011
3630.07	1.1329
3675.26	1.1652
3721.012	1.1982
3767.334	1.2320
3814.233	1.2665
3861.715	1.3021
3909.789	1.3388
3958.46	1.3761
4007.738	1.4141
4057.63	1.4528
4108.142	1.4922
4159.283	1.5322
4211.061	1.5729
4263.483	1.6142
4316.559	1.6561
4370.294	1.6985
4424.699	1.7416
4479.781	1.7850
4535.548	1.8289
4592.01	1.8730
4649.175	1.9174
4707.051	1.9619
4765.648	2.0064
4824.975	2.0509
4885.039	2.0954
4945.852	2.1399
5007.421	2.1848
5069.757	2.2301
5132.87	2.2757
5196.768	2.3220
5261.46	2.3690
5326.959	2.4164
5393.273	2.4639
5460.413	2.5115
5528.388	2.5592
5597.209	2.6070
5666.887	2.6545
5737.433	2.7016
5808.857	2.7481
5881.169	2.7941
5954.383	2.8397
6028.507	2.8851
6103.555	2.9306
6179.536	2.9761
6256.464	3.0219
6334.349	3.0681
6413.204	3.1150
6493.04	3.1624
6573.87	3.2103
6655.706	3.2587
6738.562	3.3075
6822.448	3.3562
6907.379	3.4047
6993.367	3.4524
7080.426	3.4988
7168.568	3.5432
7257.808	3.5844
7348.158	3.6223
7439.633	3.6570
7532.248	3.6888
7626.015	3.7182
7720.949	3.7462
7817.065	3.7737
7914.377	3.8009
8012.901	3.8279
8112.652	3.8546
8213.645	3.8796
8315.894	3.9014
8419.416	3.9187
8524.228	3.9316
8630.343	3.9393
8737.78	3.9424
8846.555	3.9422
8956.683	3.9395
9068.182	3.9344
9181.069	3.9270
9295.362	3.9171
9411.078	3.9048
9528.233	3.8900
9646.849	3.8724
9766.939	3.8518
9888.525	3.8278
10011.625	3.8004
10136.257	3.7696
10262.44	3.7354
10390.195	3.6980
10519.54	3.6576
10650.495	3.6140
10783.08	3.5671
10917.316	3.5168
11053.223	3.4629
11190.821	3.4061
11330.133	3.3468
11471.179	3.2856
11613.98	3.2232
11758.561	3.1612
11904.939	3.1011
12053.141	3.0441
12203.188	2.9899
12355.102	2.9382
12508.907	2.8885
12664.627	2.8396
12822.286	2.7905
12981.907	2.7400
13143.516	2.6876
13307.136	2.6330
13472.793	2.5764
13640.512	2.5187
13810.319	2.4612
13982.24	2.4051
14156.302	2.3504
14332.529	2.2977
14510.951	2.2464
14691.595	2.1956
14874.486	2.1448
15059.655	2.0940
15247.129	2.0434
15436.937	1.9931
15629.106	1.9432
15823.669	1.8944
16020.654	1.8467
16220.091	1.8005
16422.01	1.7558
16626.443	1.7131
16833.422	1.6720
17042.977	1.6329
17255.141	1.5961
17469.945	1.5616
17687.424	1.5292
17907.609	1.5129
18130.537	1.4976
18356.24	1.4831
18584.752	1.4693
18816.107	1.4561
19050.346	1.4430
19287.498	1.4298
19527.604	1.4155
19770.697	1.3989
20016.816	1.3797

