"Sens Factor =-0.194dB, AGain =18dB, SERNO: 7100533"
"Auto-generated 90-degree calibration file"
10.054	-3.7011
10.179	-3.5454
10.306	-3.3929
10.434	-3.2436
10.564	-3.0975
10.696	-2.9545
10.829	-2.8146
10.964	-2.6778
11.100	-2.5440
11.238	-2.4132
11.378	-2.2853
11.520	-2.1604
11.663	-2.0384
11.809	-1.9193
11.956	-1.8030
12.104	-1.6895
12.255	-1.5788
12.408	-1.4708
12.562	-1.3655
12.718	-1.2629
12.877	-1.1630
13.037	-1.0656
13.199	-0.9708
13.364	-0.8787
13.530	-0.7889
13.698	-0.7017
13.869	-0.6170
14.042	-0.5346
14.216	-0.4546
14.393	-0.3770
14.573	-0.3017
14.754	-0.2287
14.938	-0.1580
15.124	-0.0895
15.312	-0.0231
15.503	0.0410
15.696	0.1030
15.891	0.1630
16.089	0.2209
16.289	0.2767
16.492	0.3306
16.697	0.3825
16.905	0.4324
17.115	0.4805
17.328	0.5267
17.544	0.5710
17.763	0.6135
17.984	0.6543
18.208	0.6933
18.434	0.7306
18.664	0.7663
18.896	0.8003
19.131	0.8327
19.369	0.8635
19.611	0.8927
19.855	0.9204
20.102	0.9467
20.352	0.9715
20.605	0.9949
20.862	1.0169
21.122	1.0375
21.385	1.0569
21.651	1.0749
21.920	1.0917
22.193	1.1072
22.470	1.1216
22.749	1.1348
23.032	1.1469
23.319	1.1579
23.609	1.1678
23.903	1.1767
24.201	1.1845
24.502	1.1914
24.807	1.1974
25.116	1.2025
25.429	1.2067
25.745	1.2101
26.066	1.2126
26.390	1.2144
26.719	1.2155
27.051	1.2158
27.388	1.2155
27.729	1.2145
28.074	1.2129
28.424	1.2107
28.778	1.2080
29.136	1.2047
29.499	1.2010
29.866	1.1968
30.238	1.1922
30.614	1.1873
30.995	1.1819
31.381	1.1763
31.772	1.1703
32.167	1.1641
32.568	1.1577
32.973	1.1510
33.383	1.1443
33.799	1.1373
34.220	1.1303
34.646	1.1232
35.077	1.1161
35.514	1.1085
35.956	1.1011
36.403	1.0940
36.857	1.0871
37.315	1.0806
37.780	1.0746
38.250	1.0691
38.726	1.0644
39.209	1.0604
39.697	1.0571
40.191	1.0542
40.691	1.0511
41.198	1.0475
41.711	1.0430
42.230	1.0375
42.756	1.0310
43.288	1.0237
43.827	1.0160
44.372	1.0079
44.925	0.9998
45.484	0.9917
46.050	0.9837
46.623	0.9759
47.204	0.9683
47.791	0.9610
48.386	0.9540
48.989	0.9473
49.599	0.9410
50.216	0.9352
50.841	0.9300
51.474	0.9255
52.115	0.9215
52.764	0.9183
53.420	0.9156
54.085	0.9134
54.759	0.9118
55.440	0.9105
56.131	0.9095
56.829	0.9085
57.537	0.9076
58.253	0.9065
58.978	0.9053
59.712	0.9038
60.456	0.9022
61.208	0.9003
61.970	0.8981
62.742	0.8955
63.523	0.8923
64.314	0.8885
65.114	0.8839
65.925	0.8787
66.745	0.8732
67.576	0.8678
68.418	0.8630
69.269	0.8591
70.132	0.8563
71.005	0.8546
71.889	0.8537
72.784	0.8534
73.690	0.8536
74.607	0.8540
75.536	0.8545
76.476	0.8550
77.428	0.8553
78.392	0.8555
79.368	0.8555
80.356	0.8553
81.356	0.8547
82.369	0.8539
83.394	0.8528
84.433	0.8512
85.484	0.8492
86.548	0.8469
87.625	0.8442
88.716	0.8411
89.820	0.8378
90.939	0.8342
92.071	0.8302
93.217	0.8261
94.377	0.8219
95.552	0.8177
96.742	0.8135
97.946	0.8094
99.165	0.8054
100.400	0.8015
101.650	0.7977
102.915	0.7941
104.196	0.7906
105.493	0.7874
106.806	0.7845
108.136	0.7819
109.482	0.7796
110.845	0.7776
112.225	0.7758
113.622	0.7742
115.037	0.7727
116.469	0.7712
117.919	0.7696
119.386	0.7679
120.873	0.7660
122.377	0.7640
123.901	0.7616
125.443	0.7590
127.005	0.7561
128.586	0.7528
130.187	0.7491
131.807	0.7448
133.448	0.7399
135.109	0.7342
136.791	0.7277
138.494	0.7206
140.218	0.7131
141.964	0.7056
143.731	0.6986
145.520	0.6920
147.332	0.6859
149.166	0.6801
151.023	0.6746
152.903	0.6693
154.806	0.6641
156.734	0.6591
158.685	0.6541
160.660	0.6493
162.660	0.6448
164.685	0.6405
166.735	0.6364
168.811	0.6325
170.912	0.6288
173.040	0.6250
175.194	0.6213
177.375	0.6175
179.583	0.6131
181.819	0.6081
184.082	0.6026
186.374	0.5967
188.694	0.5904
191.043	0.5838
193.421	0.5773
195.829	0.5707
198.267	0.5644
200.735	0.5581
203.234	0.5517
205.764	0.5452
208.325	0.5388
210.919	0.5325
213.544	0.5264
216.203	0.5207
218.894	0.5155
221.619	0.5109
224.378	0.5071
227.171	0.5043
229.999	0.5024
232.862	0.5012
235.761	0.5002
238.696	0.4991
241.668	0.4976
244.676	0.4958
247.722	0.4937
250.806	0.4914
253.928	0.4889
257.089	0.4863
260.290	0.4835
263.530	0.4805
266.810	0.4770
270.132	0.4730
273.495	0.4683
276.899	0.4629
280.346	0.4566
283.836	0.4497
287.370	0.4422
290.947	0.4341
294.569	0.4257
298.236	0.4174
301.949	0.4091
305.708	0.4010
309.513	0.3931
313.366	0.3853
317.267	0.3775
321.217	0.3696
325.216	0.3617
329.264	0.3538
333.363	0.3462
337.513	0.3391
341.715	0.3326
345.969	0.3265
350.276	0.3211
354.636	0.3163
359.051	0.3116
363.521	0.3069
368.046	0.3020
372.628	0.2965
377.266	0.2905
381.963	0.2839
386.718	0.2767
391.532	0.2691
396.406	0.2618
401.341	0.2555
406.337	0.2508
411.395	0.2477
416.517	0.2451
421.702	0.2424
426.951	0.2394
432.266	0.2363
437.648	0.2329
443.096	0.2295
448.612	0.2262
454.196	0.2231
459.851	0.2203
465.575	0.2178
471.371	0.2157
477.239	0.2139
483.180	0.2123
489.195	0.2110
495.285	0.2097
501.450	0.2087
507.693	0.2076
514.013	0.2064
520.412	0.2053
526.890	0.2040
533.449	0.2027
540.090	0.2012
546.814	0.1996
553.621	0.1976
560.513	0.1952
567.490	0.1924
574.555	0.1892
581.707	0.1856
588.949	0.1817
596.281	0.1777
603.703	0.1737
611.219	0.1700
618.828	0.1667
626.531	0.1640
634.331	0.1617
642.228	0.1598
650.222	0.1580
658.317	0.1558
666.512	0.1528
674.809	0.1480
683.210	0.1417
691.715	0.1349
700.326	0.1281
709.044	0.1216
717.871	0.1154
726.807	0.1094
735.855	0.1035
745.016	0.0979
754.290	0.0924
763.680	0.0869
773.187	0.0810
782.812	0.0754
792.557	0.0698
802.424	0.0644
812.413	0.0590
822.526	0.0535
832.766	0.0482
843.133	0.0431
853.629	0.0383
864.255	0.0334
875.014	0.0290
885.907	0.0246
896.935	0.0204
908.101	0.0161
919.406	0.0119
930.851	0.0078
942.439	0.0035
954.171	-0.0008
966.049	-0.0052
978.076	-0.0099
990.251	-0.0147
1002.579	-0.0197
1015.060	-0.0249
1027.696	-0.0302
1040.489	-0.0358
1053.442	-0.0412
1066.556	-0.0467
1079.833	-0.0521
1093.276	-0.0575
1106.886	-0.0629
1120.665	-0.0681
1134.616	-0.0732
1148.741	-0.0780
1163.041	-0.0826
1177.519	-0.0872
1192.178	-0.0913
1207.019	-0.0952
1222.045	-0.0992
1237.258	-0.1030
1252.660	-0.1063
1268.254	-0.1095
1284.042	-0.1125
1300.027	-0.1152
1316.211	-0.1177
1332.596	-0.1200
1349.185	-0.1222
1365.981	-0.1246
1382.985	-0.1271
1400.202	-0.1295
1417.633	-0.1318
1435.280	-0.1339
1453.148	-0.1361
1471.238	-0.1380
1489.553	-0.1396
1508.096	-0.1409
1526.870	-0.1419
1545.877	-0.1425
1565.121	-0.1427
1584.605	-0.1426
1604.332	-0.1421
1624.303	-0.1414
1644.524	-0.1404
1664.996	-0.1391
1685.723	-0.1374
1706.708	-0.1355
1727.955	-0.1338
1749.466	-0.1320
1771.244	-0.1299
1793.294	-0.1276
1815.618	-0.1251
1838.221	-0.1221
1861.104	-0.1191
1884.272	-0.1157
1907.729	-0.1121
1931.478	-0.1088
1955.523	-0.1056
1979.866	-0.1022
2004.513	-0.0984
2029.467	-0.0944
2054.731	-0.0901
2080.310	-0.0855
2106.207	-0.0809
2132.427	-0.0760
2158.973	-0.0713
2185.849	-0.0665
2213.060	-0.0618
2240.610	-0.0568
2268.503	-0.0519
2296.743	-0.0467
2325.334	-0.0413
2354.282	-0.0361
2383.590	-0.0308
2413.262	-0.0254
2443.305	-0.0200
2473.721	-0.0146
2504.515	-0.0089
2535.693	-0.0029
2567.260	0.0030
2599.219	0.0090
2631.576	0.0150
2664.335	0.0213
2697.503	0.0279
2731.084	0.0350
2765.082	0.0425
2799.504	0.0503
2834.354	0.0582
2869.638	0.0662
2905.362	0.0738
2941.530	0.0814
2978.148	0.0891
3015.222	0.0970
3052.758	0.1051
3090.761	0.1131
3129.237	0.1213
3168.192	0.1296
3207.632	0.1381
3247.563	0.1463
3287.991	0.1543
3328.923	0.1626
3370.364	0.1710
3412.320	0.1797
3454.799	0.1888
3497.807	0.1983
3541.351	0.2083
3585.436	0.2190
3630.070	0.2302
3675.260	0.2419
3721.012	0.2539
3767.334	0.2665
3814.233	0.2794
3861.715	0.2926
3909.789	0.3062
3958.460	0.3199
4007.738	0.3338
4057.630	0.3480
4108.142	0.3616
4159.283	0.3756
4211.061	0.3896
4263.483	0.4038
4316.559	0.4182
4370.294	0.4330
4424.699	0.4479
4479.781	0.4627
4535.548	0.4776
4592.010	0.4921
4649.175	0.5064
4707.051	0.5206
4765.648	0.5346
4824.975	0.5481
4885.039	0.5599
4945.852	0.5708
5007.421	0.5813
5069.757	0.5913
5132.870	0.6004
5196.768	0.6077
5261.460	0.6141
5326.959	0.6196
5393.273	0.6240
5460.413	0.6271
5528.388	0.6292
5597.209	0.6302
5666.887	0.6301
5737.433	0.6293
5808.857	0.6279
5881.169	0.6259
5954.383	0.6230
6028.507	0.6195
6103.555	0.6154
6179.536	0.6107
6256.464	0.6056
6334.349	0.6004
6413.204	0.5949
6493.040	0.5894
6573.870	0.5837
6655.706	0.5780
6738.562	0.5720
6822.448	0.5657
6907.379	0.5590
6993.367	0.5517
7080.426	0.5434
7168.568	0.5339
7257.808	0.5227
7348.158	0.5099
7439.633	0.4939
7532.248	0.4737
7626.015	0.4491
7720.949	0.4215
7817.065	0.3918
7914.377	0.3601
8012.901	0.3267
8112.652	0.2913
8213.645	0.2549
8315.894	0.2155
8419.416	0.1722
8524.228	0.1244
8630.343	0.0710
8737.780	0.0122
8846.555	-0.0509
8956.683	-0.1175
9068.182	-0.1868
9181.069	-0.2581
9295.362	-0.3311
9411.078	-0.4059
9528.233	-0.4829
9646.849	-0.5621
9766.939	-0.6449
9888.525	-0.7309
10011.625	-0.8200
10136.257	-0.9129
10262.440	-1.0092
10390.195	-1.1075
10519.540	-1.2093
10650.495	-1.3141
10783.080	-1.4217
10917.316	-1.5322
11053.223	-1.6452
11190.821	-1.7610
11330.133	-1.8796
11471.179	-2.0011
11613.980	-2.1250
11758.561	-2.2516
11904.939	-2.3804
12053.141	-2.5110
12203.188	-2.6423
12355.102	-2.7728
12508.907	-2.9025
12664.627	-3.0311
12822.286	-3.1590
12981.907	-3.2868
13143.516	-3.4152
13307.136	-3.5448
13472.793	-3.6756
13640.512	-3.8072
13810.319	-3.9380
13982.240	-4.0677
14156.302	-4.1960
14332.529	-4.3213
14510.951	-4.4435
14691.595	-4.5628
14874.486	-4.6811
15059.655	-4.7989
15247.129	-4.9167
15436.937	-5.0341
15629.106	-5.1511
15823.669	-5.2679
16020.654	-5.3843
16220.091	-5.5001
16422.010	-5.6141
16626.443	-5.7263
16833.422	-5.8366
17042.977	-5.9448
17255.141	-6.0508
17469.945	-6.1536
17687.424	-6.2537
17907.609	-6.3452
18130.537	-6.4376
18356.240	-6.5307
18584.752	-6.6245
18816.107	-6.7193
19050.346	-6.8147
19287.498	-6.9103
19527.604	-7.0065
19770.697	-7.1031
20016.816	-7.2000
