"Sens Factor =-0.23dB, AGain =18dB, SERNO: 7100530"
10.054	-3.7331
10.179	-3.5756
10.306	-3.4215
10.434	-3.2704
10.564	-3.1226
10.696	-2.9779
10.829	-2.8362
10.964	-2.6977
11.1	-2.5621
11.238	-2.4296
11.378	-2.3000
11.52	-2.1734
11.663	-2.0496
11.809	-1.9288
11.956	-1.8107
12.104	-1.6955
12.255	-1.5830
12.408	-1.4733
12.562	-1.3663
12.718	-1.2620
12.877	-1.1603
13.037	-1.0612
13.199	-0.9647
13.364	-0.8708
13.53	-0.7793
13.698	-0.6903
13.869	-0.6038
14.042	-0.5198
14.216	-0.4380
14.393	-0.3587
14.573	-0.2817
14.754	-0.2069
14.938	-0.1345
15.124	-0.0642
15.312	0.0039
15.503	0.0697
15.696	0.1335
15.891	0.1952
16.089	0.2548
16.289	0.3124
16.492	0.3680
16.697	0.4216
16.905	0.4733
17.115	0.5231
17.328	0.5710
17.544	0.6171
17.763	0.6614
17.984	0.7039
18.208	0.7446
18.434	0.7837
18.664	0.8210
18.896	0.8568
19.131	0.8909
19.369	0.9234
19.611	0.9544
19.855	0.9839
20.102	1.0119
20.352	1.0384
20.605	1.0636
20.862	1.0873
21.122	1.1097
21.385	1.1307
21.651	1.1505
21.92	1.1690
22.193	1.1863
22.47	1.2024
22.749	1.2174
23.032	1.2312
23.319	1.2439
23.609	1.2555
23.903	1.2661
24.201	1.2757
24.502	1.2844
24.807	1.2921
25.116	1.2989
25.429	1.3049
25.745	1.3100
26.066	1.3143
26.39	1.3178
26.719	1.3206
27.051	1.3227
27.388	1.3240
27.729	1.3248
28.074	1.3249
28.424	1.3245
28.778	1.3235
29.136	1.3220
29.499	1.3200
29.866	1.3176
30.238	1.3147
30.614	1.3115
30.995	1.3079
31.381	1.3039
31.772	1.2997
32.167	1.2953
32.568	1.2906
32.973	1.2857
33.383	1.2806
33.799	1.2754
34.22	1.2702
34.646	1.2648
35.077	1.2594
35.514	1.2545
35.956	1.2493
36.403	1.2439
36.857	1.2383
37.315	1.2326
37.78	1.2268
38.25	1.2208
38.726	1.2149
39.209	1.2089
39.697	1.2029
40.191	1.1971
40.691	1.1915
41.198	1.1862
41.711	1.1812
42.23	1.1764
42.756	1.1719
43.288	1.1676
43.827	1.1634
44.372	1.1593
44.925	1.1552
45.484	1.1512
46.05	1.1472
46.623	1.1432
47.204	1.1393
47.791	1.1353
48.386	1.1312
48.989	1.1271
49.599	1.1229
50.216	1.1185
50.841	1.1140
51.474	1.1093
52.115	1.1046
52.764	1.0997
53.42	1.0947
54.085	1.0896
54.759	1.0845
55.44	1.0795
56.131	1.0746
56.829	1.0699
57.537	1.0655
58.253	1.0614
58.978	1.0576
59.712	1.0540
60.456	1.0507
61.208	1.0476
61.97	1.0446
62.742	1.0416
63.523	1.0388
64.314	1.0360
65.114	1.0332
65.925	1.0304
66.745	1.0273
67.576	1.0240
68.418	1.0202
69.269	1.0160
70.132	1.0113
71.005	1.0062
71.889	1.0009
72.784	0.9953
73.69	0.9895
74.607	0.9836
75.536	0.9777
76.476	0.9717
77.428	0.9657
78.392	0.9596
79.368	0.9535
80.356	0.9474
81.356	0.9412
82.369	0.9350
83.394	0.9289
84.433	0.9229
85.484	0.9170
86.548	0.9114
87.625	0.9060
88.716	0.9010
89.82	0.8961
90.939	0.8913
92.071	0.8864
93.217	0.8813
94.377	0.8761
95.552	0.8706
96.742	0.8647
97.946	0.8585
99.165	0.8520
100.4	0.8453
101.65	0.8383
102.915	0.8312
104.196	0.8241
105.493	0.8169
106.806	0.8096
108.136	0.8024
109.482	0.7951
110.845	0.7880
112.225	0.7810
113.622	0.7742
115.037	0.7676
116.469	0.7614
117.919	0.7554
119.386	0.7497
120.873	0.7441
122.377	0.7387
123.901	0.7335
125.443	0.7283
127.005	0.7233
128.586	0.7182
130.187	0.7132
131.807	0.7082
133.448	0.7033
135.109	0.6984
136.791	0.6936
138.494	0.6888
140.218	0.6840
141.964	0.6792
143.731	0.6743
145.52	0.6694
147.332	0.6645
149.166	0.6596
151.023	0.6550
152.903	0.6506
154.806	0.6465
156.734	0.6427
158.685	0.6389
160.66	0.6353
162.66	0.6318
164.685	0.6283
166.735	0.6247
168.811	0.6211
170.912	0.6175
173.04	0.6138
175.194	0.6101
177.375	0.6064
179.583	0.6028
181.819	0.5990
184.082	0.5951
186.374	0.5909
188.694	0.5863
191.043	0.5813
193.421	0.5759
195.829	0.5700
198.267	0.5638
200.735	0.5573
203.234	0.5508
205.764	0.5442
208.325	0.5377
210.919	0.5313
213.544	0.5250
216.203	0.5187
218.894	0.5125
221.619	0.5063
224.378	0.4999
227.171	0.4936
229.999	0.4873
232.862	0.4811
235.761	0.4750
238.696	0.4687
241.668	0.4624
244.676	0.4559
247.722	0.4491
250.806	0.4418
253.928	0.4341
257.089	0.4259
260.29	0.4172
263.53	0.4080
266.81	0.3985
270.132	0.3887
273.495	0.3788
276.899	0.3686
280.346	0.3585
283.836	0.3482
287.37	0.3379
290.947	0.3274
294.569	0.3168
298.236	0.3062
301.949	0.2955
305.708	0.2849
309.513	0.2744
313.366	0.2642
317.267	0.2544
321.217	0.2450
325.216	0.2362
329.264	0.2279
333.363	0.2203
337.513	0.2134
341.715	0.2072
345.969	0.2015
350.276	0.1962
354.636	0.1913
359.051	0.1861
363.521	0.1805
368.046	0.1744
372.628	0.1677
377.266	0.1608
381.963	0.1534
386.718	0.1459
391.532	0.1383
396.406	0.1306
401.341	0.1229
406.337	0.1154
411.395	0.1082
416.517	0.1017
421.702	0.0957
426.951	0.0905
432.266	0.0861
437.648	0.0822
443.096	0.0790
448.612	0.0761
454.196	0.0737
459.851	0.0715
465.575	0.0695
471.371	0.0678
477.239	0.0662
483.18	0.0649
489.195	0.0636
495.285	0.0625
501.45	0.0616
507.693	0.0608
514.013	0.0602
520.412	0.0598
526.89	0.0594
533.449	0.0591
540.09	0.0587
546.814	0.0581
553.621	0.0571
560.513	0.0557
567.49	0.0536
574.555	0.0511
581.707	0.0482
588.949	0.0452
596.281	0.0423
603.703	0.0400
611.219	0.0384
618.828	0.0374
626.531	0.0369
634.331	0.0368
642.228	0.0369
650.222	0.0372
658.317	0.0377
666.512	0.0383
674.809	0.0388
683.21	0.0391
691.715	0.0391
700.326	0.0388
709.044	0.0380
717.871	0.0369
726.807	0.0356
735.855	0.0340
745.016	0.0324
754.29	0.0307
763.68	0.0291
773.187	0.0275
782.812	0.0260
792.557	0.0246
802.424	0.0232
812.413	0.0218
822.526	0.0204
832.766	0.0191
843.133	0.0178
853.629	0.0166
864.255	0.0154
875.014	0.0144
885.907	0.0134
896.935	0.0124
908.101	0.0114
919.406	0.0104
930.851	0.0094
942.439	0.0083
954.171	0.0072
966.049	0.0059
978.076	0.0045
990.251	0.0030
1002.579	0.0015
1015.06	0.0000
1027.696	-0.0014
1040.489	-0.0027
1053.442	-0.0037
1066.556	-0.0047
1079.833	-0.0056
1093.276	-0.0063
1106.886	-0.0069
1120.665	-0.0072
1134.616	-0.0074
1148.741	-0.0073
1163.041	-0.0070
1177.519	-0.0064
1192.178	-0.0056
1207.019	-0.0046
1222.045	-0.0035
1237.258	-0.0021
1252.66	-0.0006
1268.254	0.0011
1284.042	0.0029
1300.027	0.0049
1316.211	0.0071
1332.596	0.0094
1349.185	0.0119
1365.981	0.0146
1382.985	0.0174
1400.202	0.0205
1417.633	0.0237
1435.28	0.0270
1453.148	0.0306
1471.238	0.0343
1489.553	0.0383
1508.096	0.0426
1526.87	0.0473
1545.877	0.0524
1565.121	0.0578
1584.605	0.0637
1604.332	0.0701
1624.303	0.0768
1644.524	0.0839
1664.996	0.0913
1685.723	0.0990
1706.708	0.1070
1727.955	0.1151
1749.466	0.1234
1771.244	0.1319
1793.294	0.1406
1815.618	0.1495
1838.221	0.1586
1861.104	0.1679
1884.272	0.1775
1907.729	0.1874
1931.478	0.1976
1955.523	0.2082
1979.866	0.2191
2004.513	0.2306
2029.467	0.2424
2054.731	0.2547
2080.31	0.2673
2106.207	0.2802
2132.427	0.2933
2158.973	0.3066
2185.849	0.3202
2213.06	0.3341
2240.61	0.3481
2268.503	0.3623
2296.743	0.3766
2325.334	0.3910
2354.282	0.4054
2383.59	0.4201
2413.262	0.4351
2443.305	0.4505
2473.721	0.4662
2504.515	0.4822
2535.693	0.4985
2567.26	0.5150
2599.219	0.5318
2631.576	0.5489
2664.335	0.5662
2697.503	0.5839
2731.084	0.6020
2765.082	0.6205
2799.504	0.6392
2834.354	0.6582
2869.638	0.6775
2905.362	0.6971
2941.53	0.7169
2978.148	0.7370
3015.222	0.7574
3052.758	0.7780
3090.761	0.7990
3129.237	0.8203
3168.192	0.8418
3207.632	0.8636
3247.563	0.8855
3287.991	0.9077
3328.923	0.9302
3370.364	0.9529
3412.32	0.9761
3454.799	0.9997
3497.807	1.0239
3541.351	1.0489
3585.436	1.0746
3630.07	1.1010
3675.26	1.1281
3721.012	1.1557
3767.334	1.1840
3814.233	1.2129
3861.715	1.2424
3909.789	1.2725
3958.46	1.3030
4007.738	1.3339
4057.63	1.3653
4108.142	1.3971
4159.283	1.4294
4211.061	1.4621
4263.483	1.4953
4316.559	1.5289
4370.294	1.5629
4424.699	1.5972
4479.781	1.6317
4535.548	1.6664
4592.01	1.7013
4649.175	1.7363
4707.051	1.7713
4765.648	1.8064
4824.975	1.8415
4885.039	1.8764
4945.852	1.9110
5007.421	1.9455
5069.757	1.9797
5132.87	2.0136
5196.768	2.0470
5261.46	2.0799
5326.959	2.1121
5393.273	2.1435
5460.413	2.1743
5528.388	2.2043
5597.209	2.2338
5666.887	2.2626
5737.433	2.2908
5808.857	2.3186
5881.169	2.3459
5954.383	2.3728
6028.507	2.3993
6103.555	2.4257
6179.536	2.4519
6256.464	2.4782
6334.349	2.5046
6413.204	2.5311
6493.04	2.5580
6573.87	2.5851
6655.706	2.6126
6738.562	2.6401
6822.448	2.6677
6907.379	2.6950
6993.367	2.7220
7080.426	2.7483
7168.568	2.7737
7257.808	2.7975
7348.158	2.8192
7439.633	2.8381
7532.248	2.8535
7626.015	2.8650
7720.949	2.8734
7817.065	2.8797
7914.377	2.8845
8012.901	2.8880
8112.652	2.8901
8213.645	2.8906
8315.894	2.8886
8419.416	2.8833
8524.228	2.8744
8630.343	2.8606
8737.78	2.8421
8846.555	2.8200
8956.683	2.7951
9068.182	2.7681
9181.069	2.7394
9295.362	2.7093
9411.078	2.6777
9528.233	2.6445
9646.849	2.6094
9766.939	2.5721
9888.525	2.5323
10011.625	2.4896
10136.257	2.4439
10262.44	2.3952
10390.195	2.3434
10519.54	2.2887
10650.495	2.2315
10783.08	2.1718
10917.316	2.1096
11053.223	2.0450
11190.821	1.9782
11330.133	1.9091
11471.179	1.8375
11613.98	1.7636
11758.561	1.6875
11904.939	1.6099
12053.141	1.5312
12203.188	1.4523
12355.102	1.3742
12508.907	1.2975
12664.627	1.2226
12822.286	1.1487
12981.907	1.0751
13143.516	1.0012
13307.136	0.9267
13472.793	0.8518
13640.512	0.7766
13810.319	0.7020
13982.24	0.6286
14156.302	0.5572
14332.529	0.4890
14510.951	0.4241
14691.595	0.3614
14874.486	0.3005
15059.655	0.2407
15247.129	0.1817
15436.937	0.1233
15629.106	0.0657
15823.669	0.0090
16020.654	-0.0464
16220.091	-0.1002
16422.01	-0.1519
16626.443	-0.2009
16833.422	-0.2474
17042.977	-0.2909
17255.141	-0.3314
17469.945	-0.3684
17687.424	-0.4019
17907.609	-0.4272
18130.537	-0.4525
18356.24	-0.4778
18584.752	-0.5032
18816.107	-0.5285
19050.346	-0.5535
19287.498	-0.5778
19527.604	-0.6013
19770.697	-0.6242
20016.816	-0.6465

