"Sens Factor =-0.493dB, AGain =18dB, SERNO: 7100564"
"Auto-generated 90-degree calibration file"
10.054	-4.3881
10.179	-4.2264
10.306	-4.0680
10.434	-3.9127
10.564	-3.7606
10.696	-3.6116
10.829	-3.4657
10.964	-3.3229
11.100	-3.1831
11.238	-3.0463
11.378	-2.9125
11.520	-2.7816
11.663	-2.6536
11.809	-2.5285
11.956	-2.4062
12.104	-2.2867
12.255	-2.1700
12.408	-2.0561
12.562	-1.9448
12.718	-1.8362
12.877	-1.7303
13.037	-1.6269
13.199	-1.5262
13.364	-1.4280
13.530	-1.3323
13.698	-1.2391
13.869	-1.1483
14.042	-1.0600
14.216	-0.9740
14.393	-0.8904
14.573	-0.8092
14.754	-0.7302
14.938	-0.6534
15.124	-0.5789
15.312	-0.5066
15.503	-0.4365
15.696	-0.3684
15.891	-0.3025
16.089	-0.2386
16.289	-0.1768
16.492	-0.1169
16.697	-0.0591
16.905	-0.0031
17.115	0.0509
17.328	0.1031
17.544	0.1534
17.763	0.2019
17.984	0.2487
18.208	0.2937
18.434	0.3370
18.664	0.3786
18.896	0.4186
19.131	0.4570
19.369	0.4938
19.611	0.5290
19.855	0.5627
20.102	0.5950
20.352	0.6258
20.605	0.6552
20.862	0.6831
21.122	0.7098
21.385	0.7351
21.651	0.7591
21.920	0.7819
22.193	0.8034
22.470	0.8238
22.749	0.8430
23.032	0.8610
23.319	0.8780
23.609	0.8939
23.903	0.9088
24.201	0.9226
24.502	0.9355
24.807	0.9475
25.116	0.9586
25.429	0.9688
25.745	0.9781
26.066	0.9867
26.390	0.9944
26.719	1.0015
27.051	1.0078
27.388	1.0134
27.729	1.0185
28.074	1.0228
28.424	1.0267
28.778	1.0299
29.136	1.0327
29.499	1.0349
29.866	1.0367
30.238	1.0381
30.614	1.0391
30.995	1.0398
31.381	1.0401
31.772	1.0402
32.167	1.0399
32.568	1.0395
32.973	1.0389
33.383	1.0381
33.799	1.0371
34.220	1.0361
34.646	1.0350
35.077	1.0339
35.514	1.0331
35.956	1.0321
36.403	1.0310
36.857	1.0297
37.315	1.0283
37.780	1.0267
38.250	1.0251
38.726	1.0234
39.209	1.0217
39.697	1.0202
40.191	1.0188
40.691	1.0176
41.198	1.0164
41.711	1.0152
42.230	1.0140
42.756	1.0127
43.288	1.0113
43.827	1.0099
44.372	1.0084
44.925	1.0069
45.484	1.0054
46.050	1.0038
46.623	1.0023
47.204	1.0006
47.791	0.9989
48.386	0.9970
48.989	0.9950
49.599	0.9928
50.216	0.9903
50.841	0.9874
51.474	0.9843
52.115	0.9809
52.764	0.9771
53.420	0.9731
54.085	0.9689
54.759	0.9646
55.440	0.9603
56.131	0.9562
56.829	0.9523
57.537	0.9489
58.253	0.9458
58.978	0.9431
59.712	0.9407
60.456	0.9384
61.208	0.9362
61.970	0.9340
62.742	0.9317
63.523	0.9293
64.314	0.9267
65.114	0.9237
65.925	0.9205
66.745	0.9168
67.576	0.9128
68.418	0.9085
69.269	0.9040
70.132	0.8993
71.005	0.8944
71.889	0.8894
72.784	0.8842
73.690	0.8788
74.607	0.8733
75.536	0.8676
76.476	0.8618
77.428	0.8560
78.392	0.8502
79.368	0.8444
80.356	0.8386
81.356	0.8330
82.369	0.8274
83.394	0.8221
84.433	0.8169
85.484	0.8119
86.548	0.8071
87.625	0.8024
88.716	0.7978
89.820	0.7932
90.939	0.7887
92.071	0.7839
93.217	0.7789
94.377	0.7735
95.552	0.7675
96.742	0.7609
97.946	0.7538
99.165	0.7462
100.400	0.7383
101.650	0.7303
102.915	0.7221
104.196	0.7139
105.493	0.7058
106.806	0.6978
108.136	0.6899
109.482	0.6821
110.845	0.6746
112.225	0.6674
113.622	0.6605
115.037	0.6540
116.469	0.6478
117.919	0.6421
119.386	0.6368
120.873	0.6320
122.377	0.6276
123.901	0.6237
125.443	0.6202
127.005	0.6171
128.586	0.6143
130.187	0.6119
131.807	0.6098
133.448	0.6079
135.109	0.6062
136.791	0.6046
138.494	0.6030
140.218	0.6015
141.964	0.6000
143.731	0.5985
145.520	0.5972
147.332	0.5959
149.166	0.5947
151.023	0.5934
152.903	0.5921
154.806	0.5905
156.734	0.5889
158.685	0.5869
160.660	0.5848
162.660	0.5823
164.685	0.5796
166.735	0.5768
168.811	0.5739
170.912	0.5710
173.040	0.5683
175.194	0.5657
177.375	0.5631
179.583	0.5606
181.819	0.5578
184.082	0.5549
186.374	0.5517
188.694	0.5482
191.043	0.5445
193.421	0.5406
195.829	0.5367
198.267	0.5327
200.735	0.5288
203.234	0.5249
205.764	0.5210
208.325	0.5171
210.919	0.5131
213.544	0.5091
216.203	0.5050
218.894	0.5010
221.619	0.4972
224.378	0.4934
227.171	0.4898
229.999	0.4864
232.862	0.4833
235.761	0.4805
238.696	0.4778
241.668	0.4753
244.676	0.4729
247.722	0.4706
250.806	0.4683
253.928	0.4660
257.089	0.4637
260.290	0.4615
263.530	0.4593
266.810	0.4572
270.132	0.4551
273.495	0.4530
276.899	0.4509
280.346	0.4487
283.836	0.4462
287.370	0.4433
290.947	0.4403
294.569	0.4369
298.236	0.4335
301.949	0.4300
305.708	0.4264
309.513	0.4228
313.366	0.4191
317.267	0.4153
321.217	0.4114
325.216	0.4072
329.264	0.4028
333.363	0.3984
337.513	0.3940
341.715	0.3897
345.969	0.3856
350.276	0.3817
354.636	0.3777
359.051	0.3735
363.521	0.3688
368.046	0.3636
372.628	0.3578
377.266	0.3519
381.963	0.3459
386.718	0.3399
391.532	0.3337
396.406	0.3273
401.341	0.3204
406.337	0.3132
411.395	0.3057
416.517	0.2984
421.702	0.2912
426.951	0.2845
432.266	0.2781
437.648	0.2721
443.096	0.2665
448.612	0.2612
454.196	0.2562
459.851	0.2515
465.575	0.2470
471.371	0.2427
477.239	0.2386
483.180	0.2347
489.195	0.2309
495.285	0.2273
501.450	0.2239
507.693	0.2207
514.013	0.2177
520.412	0.2149
526.890	0.2124
533.449	0.2101
540.090	0.2079
546.814	0.2057
553.621	0.2035
560.513	0.2010
567.490	0.1982
574.555	0.1950
581.707	0.1915
588.949	0.1879
596.281	0.1842
603.703	0.1808
611.219	0.1775
618.828	0.1745
626.531	0.1713
634.331	0.1680
642.228	0.1643
650.222	0.1604
658.317	0.1564
666.512	0.1527
674.809	0.1492
683.210	0.1458
691.715	0.1420
700.326	0.1379
709.044	0.1335
717.871	0.1289
726.807	0.1240
735.855	0.1190
745.016	0.1141
754.290	0.1091
763.680	0.1040
773.187	0.0984
782.812	0.0931
792.557	0.0876
802.424	0.0822
812.413	0.0768
822.526	0.0712
832.766	0.0655
843.133	0.0599
853.629	0.0542
864.255	0.0483
875.014	0.0426
885.907	0.0368
896.935	0.0309
908.101	0.0248
919.406	0.0186
930.851	0.0124
942.439	0.0059
954.171	-0.0006
966.049	-0.0074
978.076	-0.0145
990.251	-0.0218
1002.579	-0.0293
1015.060	-0.0372
1027.696	-0.0454
1040.489	-0.0539
1053.442	-0.0622
1066.556	-0.0706
1079.833	-0.0788
1093.276	-0.0869
1106.886	-0.0950
1120.665	-0.1028
1134.616	-0.1104
1148.741	-0.1175
1163.041	-0.1243
1177.519	-0.1309
1192.178	-0.1372
1207.019	-0.1432
1222.045	-0.1494
1237.258	-0.1556
1252.660	-0.1615
1268.254	-0.1673
1284.042	-0.1729
1300.027	-0.1784
1316.211	-0.1836
1332.596	-0.1886
1349.185	-0.1934
1365.981	-0.1984
1382.985	-0.2033
1400.202	-0.2080
1417.633	-0.2126
1435.280	-0.2169
1453.148	-0.2212
1471.238	-0.2252
1489.553	-0.2289
1508.096	-0.2323
1526.870	-0.2353
1545.877	-0.2379
1565.121	-0.2403
1584.605	-0.2424
1604.332	-0.2443
1624.303	-0.2461
1644.524	-0.2476
1664.996	-0.2487
1685.723	-0.2495
1706.708	-0.2500
1727.955	-0.2508
1749.466	-0.2515
1771.244	-0.2519
1793.294	-0.2522
1815.618	-0.2522
1838.221	-0.2517
1861.104	-0.2511
1884.272	-0.2501
1907.729	-0.2488
1931.478	-0.2478
1955.523	-0.2468
1979.866	-0.2455
2004.513	-0.2438
2029.467	-0.2418
2054.731	-0.2394
2080.310	-0.2367
2106.207	-0.2339
2132.427	-0.2308
2158.973	-0.2278
2185.849	-0.2248
2213.060	-0.2217
2240.610	-0.2184
2268.503	-0.2149
2296.743	-0.2111
2325.334	-0.2068
2354.282	-0.2025
2383.590	-0.1978
2413.262	-0.1929
2443.305	-0.1878
2473.721	-0.1825
2504.515	-0.1769
2535.693	-0.1707
2567.260	-0.1645
2599.219	-0.1580
2631.576	-0.1513
2664.335	-0.1441
2697.503	-0.1365
2731.084	-0.1282
2765.082	-0.1195
2799.504	-0.1104
2834.354	-0.1010
2869.638	-0.0914
2905.362	-0.0823
2941.530	-0.0730
2978.148	-0.0636
3015.222	-0.0540
3052.758	-0.0444
3090.761	-0.0347
3129.237	-0.0251
3168.192	-0.0153
3207.632	-0.0055
3247.563	0.0040
3287.991	0.0132
3328.923	0.0225
3370.364	0.0319
3412.320	0.0415
3454.799	0.0512
3497.807	0.0612
3541.351	0.0717
3585.436	0.0826
3630.070	0.0940
3675.260	0.1058
3721.012	0.1178
3767.334	0.1304
3814.233	0.1434
3861.715	0.1566
3909.789	0.1702
3958.460	0.1841
4007.738	0.1983
4057.630	0.2129
4108.142	0.2272
4159.283	0.2418
4211.061	0.2567
4263.483	0.2718
4316.559	0.2872
4370.294	0.3030
4424.699	0.3189
4479.781	0.3348
4535.548	0.3509
4592.010	0.3666
4649.175	0.3821
4707.051	0.3975
4765.648	0.4125
4824.975	0.4273
4885.039	0.4402
4945.852	0.4523
5007.421	0.4640
5069.757	0.4753
5132.870	0.4857
5196.768	0.4945
5261.460	0.5027
5326.959	0.5103
5393.273	0.5170
5460.413	0.5228
5528.388	0.5277
5597.209	0.5317
5666.887	0.5349
5737.433	0.5374
5808.857	0.5393
5881.169	0.5407
5954.383	0.5413
6028.507	0.5413
6103.555	0.5406
6179.536	0.5393
6256.464	0.5373
6334.349	0.5348
6413.204	0.5319
6493.040	0.5283
6573.870	0.5240
6655.706	0.5189
6738.562	0.5131
6822.448	0.5063
6907.379	0.4987
6993.367	0.4900
7080.426	0.4799
7168.568	0.4683
7257.808	0.4547
7348.158	0.4396
7439.633	0.4214
7532.248	0.3998
7626.015	0.3745
7720.949	0.3471
7817.065	0.3179
7914.377	0.2866
8012.901	0.2535
8112.652	0.2181
8213.645	0.1815
8315.894	0.1417
8419.416	0.0977
8524.228	0.0486
8630.343	-0.0068
8737.780	-0.0688
8846.555	-0.1361
8956.683	-0.2072
9068.182	-0.2811
9181.069	-0.3574
9295.362	-0.4357
9411.078	-0.5160
9528.233	-0.5986
9646.849	-0.6838
9766.939	-0.7726
9888.525	-0.8649
10011.625	-0.9603
10136.257	-1.0594
10262.440	-1.1617
10390.195	-1.2658
10519.540	-1.3730
10650.495	-1.4831
10783.080	-1.5958
10917.316	-1.7110
11053.223	-1.8288
11190.821	-1.9493
11330.133	-2.0724
11471.179	-2.1983
11613.980	-2.3266
11758.561	-2.4570
11904.939	-2.5891
12053.141	-2.7222
12203.188	-2.8558
12355.102	-2.9888
12508.907	-3.1211
12664.627	-3.2531
12822.286	-3.3850
12981.907	-3.5170
13143.516	-3.6495
13307.136	-3.7830
13472.793	-3.9175
13640.512	-4.0525
13810.319	-4.1867
13982.240	-4.3194
14156.302	-4.4503
14332.529	-4.5774
14510.951	-4.7005
14691.595	-4.8201
14874.486	-4.9386
15059.655	-5.0567
15247.129	-5.1749
15436.937	-5.2927
15629.106	-5.4101
15823.669	-5.5273
16020.654	-5.6442
16220.091	-5.7605
16422.010	-5.8755
16626.443	-5.9890
16833.422	-6.1011
17042.977	-6.2116
17255.141	-6.3203
17469.945	-6.4268
17687.424	-6.5315
17907.609	-6.6233
18130.537	-6.7159
18356.240	-6.8090
18584.752	-6.9026
18816.107	-6.9969
19050.346	-7.0915
19287.498	-7.1861
19527.604	-7.2814
19770.697	-7.3775
20016.816	-7.4746
